Resp charges for organic molecule

 &cntrl

 nmol = 1,
 ihfree = 1,
 ioutopt = 1,
 qwt = 0.00050,

 &end
    1.0
Resp charges for organic molecule
   -2  172
    6    0
    6    0
    8    0
    1    0
    1    0
    1    0
    7    0
    6    0
    6    0
    8    0
    6    0
    6    0
    8    0
    8   13
    1    0
    1    0
    1    0
    1    0
    7    0
    6    0
    6    0
    8    0
    6    0
    1    0
    1    0
    1    0
    1    0
    1    0
    7    0
    6    0
    6    0
    8    0
    6    0
    6    0
    8    0
    8   35
    1    0
    1    0
    1    0
    1    0
    7    0
    6    0
    6    0
    8    0
    1    0
    1    0
    1    0
    7    0
    6    0
    6    0
    8    0
    6    0
    6    0
    7    0
    8    0
    1    0
    1    0
    1    0
    1    0
    1    0
    1   60
    7    0
    6    0
    6    0
    8    0
    1    0
    1    0
    1    0
    7    0
    6    0
    6    0
    8    0
    6    0
    6    0
    8    0
    1    0
    1    0
    1    0
    1    0
    1    0
    1    0
    1    0
    7    0
    6    0
    6    0
    8    0
    6    0
    6    0
    6    0
    6    0
    1    0
    1    0
    1    0
    1    0
    1    0
    1    0
    1    0
    1    0
    1    0
    1    0
    1    0
    7    0
    6    0
    6    0
    8    0
    6    0
    6    0
    8    0
    8  108
    1    0
    1    0
    1    0
    1    0
    7    0
    6    0
    6    0
    8    0
    6    0
    6    0
    6    0
    6  120
    6    0
    6  122
    6    0
    1    0
    1    0
    1    0
    1    0
    1    0
    1  129
    1    0
    1  131
    1    0
    7    0
    6    0
    6    0
    8    0
    6    0
    6    0
    6    0
    1    0
    1    0
    1    0
    1    0
    1    0
    1    0
    1    0
    7    0
    6    0
    6    0
    8    0
    6    0
    6    0
    6    0
    8    0
    8  155
    1    0
    1    0
    1    0
    1    0
    1    0
    1    0
    7    0
    6    0
    1    0
    1    0
    1    0
    1    0
   20    0
    8    0
    1    0
    1  171


