Resp charges for organic molecule

 &cntrl

 nmol = 1,
 ihfree = 1,
 ioutopt = 1,
 iqopt = 2,
 qwt =  0.00100,

 &end
    1.0
Resp charges for organic molecule
   -2  172
    6    0
    6  -99
    8  -99
    1    0
    1    4
    1    4
    7  -99
    6  -99
    6  -99
    8  -99
    6    0
    6  -99
    8  -99
    8  -99
    1  -99
    1  -99
    1    0
    1   17
    7  -99
    6  -99
    6  -99
    8  -99
    6    0
    1  -99
    1  -99
    1    0
    1   26
    1   26
    7  -99
    6  -99
    6  -99
    8  -99
    6    0
    6  -99
    8  -99
    8  -99
    1  -99
    1  -99
    1    0
    1   39
    7  -99
    6    0
    6  -99
    8  -99
    1  -99
    1    0
    1   46
    7  -99
    6  -99
    6  -99
    8  -99
    6    0
    6  -99
    7  -99
    8  -99
    1  -99
    1  -99
    1    0
    1   58
    1  -99
    1  -99
    7  -99
    6    0
    6  -99
    8  -99
    1  -99
    1    0
    1   67
    7  -99
    6  -99
    6  -99
    8  -99
    6  -99
    6    0
    8  -99
    1  -99
    1  -99
    1  -99
    1  -99
    1    0
    1   80
    1   80
    7  -99
    6  -99
    6  -99
    8  -99
    6  -99
    6    0
    6    0
    6    0
    1  -99
    1  -99
    1  -99
    1    0
    1   94
    1    0
    1   96
    1   96
    1    0
    1   99
    1   99
    7  -99
    6  -99
    6  -99
    8  -99
    6    0
    6  -99
    8  -99
    8  -99
    1  -99
    1  -99
    1    0
    1  112
    7  -99
    6  -99
    6  -99
    8  -99
    6    0
    6  -99
    6  -99
    6  -99
    6  -99
    6  -99
    6  -99
    1  -99
    1  -99
    1    0
    1  127
    1  -99
    1  -99
    1  -99
    1  -99
    1  -99
    7  -99
    6  -99
    6  -99
    8  -99
    6    0
    6    0
    6    0
    1  -99
    1    0
    1  142
    1    0
    1  144
    1    0
    1  146
    7  -99
    6  -99
    6  -99
    8  -99
    6    0
    6    0
    6  -99
    8  -99
    8  -99
    1  -99
    1  -99
    1    0
    1  159
    1    0
    1  161
    7  -99
    6    0
    1    0
    1  165
    1  165
    1  -99
   20  -99
    8  -99
    1  -99
    1  -99


