
Resp charges for organic molecule                                               

iqopt   irstrnt  ihfree     qwt
  2      1      1        0.001000

 rel.rms   dipole mom       Qxx      Qyy      Qzz
    0.01516  24.15126-214.72449 -89.27060 303.99509

          Point charges before & after optimization
    NO   At.No.    q0           q(opt)   IVARY  d(rstr)/dq 
     1     6  -0.456226      -0.432732    0    0.002252
     2     6   0.662493       0.662493  -99    0.001493
     3     8  -0.545495      -0.545495  -99    0.001803
     4     1   0.136999       0.111916    0    0.000000
     5     1   0.137144       0.111916    4    0.000000
     6     1   0.078968       0.111916    4    0.000000
     7     7  -0.524914      -0.524914  -99    0.001871
     8     6   0.213942       0.213942  -99    0.004234
     9     6   0.429545       0.429545  -99    0.002267
    10     8  -0.542879      -0.542879  -99    0.001812
    11     6  -0.522376      -0.533288    0    0.001843
    12     6   0.893168       0.893168  -99    0.001113
    13     8  -0.651295      -0.651295  -99    0.001518
    14     8  -0.651295      -0.651295  -99    0.001518
    15     1   0.302063       0.302063  -99    0.000000
    16     1   0.030782       0.030782  -99    0.000000
    17     1   0.120174       0.105677    0    0.000000
    18     1   0.097308       0.105677   17    0.000000
    19     7  -0.252748      -0.252748  -99    0.003679
    20     6   0.166468       0.166468  -99    0.005149
    21     6   0.551346       0.551346  -99    0.001785
    22     8  -0.606032      -0.606032  -99    0.001628
    23     6  -0.238619      -0.255445    0    0.003645
    24     1   0.245367       0.245367  -99    0.000000
    25     1   0.022614       0.022614  -99    0.000000
    26     1   0.073279       0.064951    0    0.000000
    27     1   0.048336       0.064951   26    0.000000
    28     1   0.061441       0.064951   26    0.000000
    29     7  -0.400789      -0.400789  -99    0.002421
    30     6   0.185828       0.185828  -99    0.004739
    31     6   0.308551       0.308551  -99    0.003083
    32     8  -0.567364      -0.567364  -99    0.001736
    33     6  -0.281647      -0.189100    0    0.004675
    34     6   0.708283       0.708283  -99    0.001398
    35     8  -0.662405      -0.662405  -99    0.001493
    36     8  -0.662405      -0.662405  -99    0.001493
    37     1   0.142016       0.142016  -99    0.000000
    38     1   0.066747       0.066747  -99    0.000000
    39     1   0.076439       0.036198    0    0.000000
    40     1   0.060925       0.036198   39    0.000000
    41     7   0.020882       0.020882  -99    0.009789
    42     6  -0.131144      -0.154890    0    0.005424
    43     6   0.459812       0.459812  -99    0.002125
    44     8  -0.617304      -0.617304  -99    0.001599
    45     1   0.018238       0.018238  -99    0.000000
    46     1   0.097462       0.087475    0    0.000000
    47     1   0.064079       0.087475   46    0.000000
    48     7  -0.120084      -0.120084  -99    0.006399
    49     6  -0.106807      -0.106807  -99    0.006835
    50     6   0.484105       0.484105  -99    0.002023
    51     8  -0.544574      -0.544574  -99    0.001806
    52     6  -0.105146      -0.014055    0    0.009903
    53     6   0.543085       0.543085  -99    0.001811
    54     7  -0.643346      -0.643346  -99    0.001536
    55     8  -0.627972      -0.627972  -99    0.001573
    56     1   0.097424       0.097424  -99    0.000000
    57     1   0.114164       0.114164  -99    0.000000
    58     1   0.098650       0.039234    0    0.000000
    59     1   0.047646       0.039234   58    0.000000
    60     1   0.336999       0.336999  -99    0.000000
    61     1   0.336999       0.336999  -99    0.000000
    62     7  -0.230530      -0.230530  -99    0.003980
    63     6  -0.303633      -0.360202    0    0.002675
    64     6   0.599126       0.599126  -99    0.001646
    65     8  -0.565245      -0.565245  -99    0.001742
    66     1   0.304170       0.304170  -99    0.000000
    67     1   0.157791       0.158108    0    0.000000
    68     1   0.112753       0.158108   67    0.000000
    69     7  -0.259996      -0.259996  -99    0.003590
    70     6  -0.281796      -0.281796  -99    0.003344
    71     6   0.559283       0.559283  -99    0.001760
    72     8  -0.483165      -0.483165  -99    0.002027
    73     6   0.500606       0.500606  -99    0.001959
    74     6  -0.490169      -0.503275    0    0.001949
    75     8  -0.614542      -0.614542  -99    0.001606
    76     1   0.201367       0.201367  -99    0.000000
    77     1   0.104436       0.104436  -99    0.000000
    78     1   0.030829       0.030829  -99    0.000000
    79     1   0.414466       0.414466  -99    0.000000
    80     1   0.106634       0.118933    0    0.000000
    81     1   0.086124       0.118933   80    0.000000
    82     1   0.154031       0.118933   80    0.000000
    83     7  -0.557459      -0.557459  -99    0.001766
    84     6  -0.116264      -0.116264  -99    0.006521
    85     6   0.767436       0.767436  -99    0.001292
    86     8  -0.598660      -0.598660  -99    0.001648
    87     6   0.135431       0.135431  -99    0.005940
    88     6   0.204555       0.112724    0    0.006635
    89     6  -0.086429      -0.279683    0    0.003366
    90     6  -0.347811      -0.232138    0    0.003956
    91     1   0.296064       0.296064  -99    0.000000
    92     1   0.120077       0.120077  -99    0.000000
    93     1  -0.025300      -0.025300  -99    0.000000
    94     1  -0.051374      -0.017655    0    0.000000
    95     1  -0.028023      -0.017655   94    0.000000
    96     1   0.039691       0.059591    0    0.000000
    97     1   0.011942       0.059591   96    0.000000
    98     1  -0.018778       0.059591   96    0.000000
    99     1   0.059796       0.054433    0    0.000000
   100     1   0.094747       0.054433   99    0.000000
   101     1   0.076425       0.054433   99    0.000000
   102     7  -0.432449      -0.432449  -99    0.002253
   103     6   0.042904       0.042904  -99    0.009190
   104     6   0.394119       0.394119  -99    0.002459
   105     8  -0.259274      -0.259274  -99    0.003599
   106     6  -0.259174      -0.321400    0    0.002971
   107     6   0.775414       0.775414  -99    0.001279
   108     8  -0.681477      -0.681477  -99    0.001452
   109     8  -0.681477      -0.681477  -99    0.001452
   110     1   0.194048       0.194048  -99    0.000000
   111     1   0.059089       0.059089  -99    0.000000
   112     1   0.040353       0.089715    0    0.000000
   113     1   0.120403       0.089715  112    0.000000
   114     7  -0.610223      -0.610223  -99    0.001617
   115     6   0.281259       0.281259  -99    0.003350
   116     6   0.490464       0.490464  -99    0.001998
   117     8  -0.511668      -0.511668  -99    0.001918
   118     6  -0.205545      -0.232509    0    0.003951
   119     6   0.022755       0.022755  -99    0.009751
   120     6  -0.095141      -0.095141  -99    0.007245
   121     6  -0.095141      -0.095141  -99    0.007245
   122     6  -0.131677      -0.131677  -99    0.006048
   123     6  -0.131677      -0.131677  -99    0.006048
   124     6  -0.091192      -0.091192  -99    0.007389
   125     1   0.342052       0.342052  -99    0.000000
   126     1   0.059066       0.059066  -99    0.000000
   127     1   0.058459       0.082725    0    0.000000
   128     1   0.082449       0.082725  127    0.000000
   129     1   0.090084       0.090084  -99    0.000000
   130     1   0.090084       0.090084  -99    0.000000
   131     1   0.104452       0.104452  -99    0.000000
   132     1   0.104452       0.104452  -99    0.000000
   133     1   0.097506       0.097506  -99    0.000000
   134     7  -0.180159      -0.180159  -99    0.004853
   135     6  -0.206201      -0.206201  -99    0.004364
   136     6   0.356255       0.356255  -99    0.002703
   137     8  -0.534955      -0.534955  -99    0.001837
   138     6   0.045626       0.045597    0    0.009099
   139     6  -0.059263      -0.005912    0    0.009983
   140     6   0.009165      -0.063814    0    0.008430
   141     1   0.133705       0.133705  -99    0.000000
   142     1   0.050228       0.024357    0    0.000000
   143     1   0.005668       0.024357  142    0.000000
   144     1   0.045351       0.036869    0    0.000000
   145     1   0.045210       0.036869  144    0.000000
   146     1   0.019853       0.043769    0    0.000000
   147     1   0.045629       0.043769  146    0.000000
   148     7  -0.011261      -0.011261  -99    0.009937
   149     6  -0.151347      -0.151347  -99    0.005513
   150     6   0.472670       0.472670  -99    0.002070
   151     8  -0.575173      -0.575173  -99    0.001713
   152     6   0.009933       0.008789    0    0.009962
   153     6   0.107992      -0.039340    0    0.009306
   154     6   0.745726       0.745726  -99    0.001329
   155     8  -0.795830      -0.795830  -99    0.001247
   156     8  -0.795830      -0.795830  -99    0.001247
   157     1   0.196294       0.196294  -99    0.000000
   158     1   0.108523       0.108523  -99    0.000000
   159     1   0.079368       0.070205    0    0.000000
   160     1  -0.109482       0.070205  159    0.000000
   161     1  -0.075540      -0.000287    0    0.000000
   162     1  -0.023842      -0.000287  161    0.000000
   163     7  -0.001911      -0.001911  -99    0.009998
   164     6  -0.175577      -0.261564    0    0.003571
   165     1   0.049671       0.084858    0    0.000000
   166     1   0.060271       0.084858  165    0.000000
   167     1   0.075420       0.084858  165    0.000000
   168     1  -0.003978      -0.003978  -99    0.000000
   169    20   1.743972       1.743972  -99    0.000572
   170     8  -1.081306      -1.081306  -99    0.000921
   171     1   0.478158       0.478158  -99    0.000000
   172     1   0.478158       0.478158  -99    0.000000

        Statistics of the fitting:
  The initial sum of squares (ssvpot)                    487.825
  The residual sum of squares (chipot)                     0.112
  The std err of estimate (sqrt(chipot/N))               0.00200
  ESP relative RMS (SQRT(chipot/ssvpot))                 0.01516

 Dipole Moment (Debye)=  24.15126
