 -0.456226  0.662493 -0.545495  0.136999  0.137144  0.078968 -0.524914  0.213942
  0.429545 -0.542879 -0.522376  0.893168 -0.651295 -0.651295  0.302063  0.030782
  0.120174  0.097308 -0.252748  0.166468  0.551346 -0.606032 -0.238619  0.245367
  0.022614  0.073279  0.048336  0.061441 -0.400789  0.185828  0.308551 -0.567364
 -0.281647  0.708283 -0.662405 -0.662405  0.142016  0.066747  0.076439  0.060925
  0.020882 -0.131144  0.459812 -0.617304  0.018238  0.097462  0.064079 -0.120084
 -0.106807  0.484105 -0.544574 -0.105146  0.543085 -0.643346 -0.627972  0.097424
  0.114164  0.098650  0.047646  0.336999  0.336999 -0.230530 -0.303633  0.599126
 -0.565245  0.304170  0.157791  0.112753 -0.259996 -0.281796  0.559283 -0.483165
  0.500606 -0.490169 -0.614542  0.201367  0.104436  0.030829  0.414466  0.106634
  0.086124  0.154031 -0.557459 -0.116264  0.767436 -0.598660  0.135431  0.204555
 -0.086429 -0.347811  0.296064  0.120077 -0.025300 -0.051374 -0.028023  0.039691
  0.011942 -0.018778  0.059796  0.094747  0.076425 -0.432449  0.042904  0.394119
 -0.259274 -0.259174  0.775414 -0.681477 -0.681477  0.194048  0.059089  0.040353
  0.120403 -0.610223  0.281259  0.490464 -0.511668 -0.205545  0.022755 -0.095141
 -0.095141 -0.131677 -0.131677 -0.091192  0.342052  0.059066  0.058459  0.082449
  0.090084  0.090084  0.104452  0.104452  0.097506 -0.180159 -0.206201  0.356255
 -0.534955  0.045626 -0.059263  0.009165  0.133705  0.050228  0.005668  0.045351
  0.045210  0.019853  0.045629 -0.011261 -0.151347  0.472670 -0.575173  0.009933
  0.107992  0.745726 -0.795830 -0.795830  0.196294  0.108523  0.079368 -0.109482
 -0.075540 -0.023842 -0.001911 -0.175577  0.049671  0.060271  0.075420 -0.003978
  1.743972 -1.081306  0.478158  0.478158
