 -0.432732  0.662493 -0.545495  0.111916  0.111916  0.111916 -0.524914  0.213942
  0.429545 -0.542879 -0.533288  0.893168 -0.651295 -0.651295  0.302063  0.030782
  0.105677  0.105677 -0.252748  0.166468  0.551346 -0.606032 -0.255445  0.245367
  0.022614  0.064951  0.064951  0.064951 -0.400789  0.185828  0.308551 -0.567364
 -0.189100  0.708283 -0.662405 -0.662405  0.142016  0.066747  0.036198  0.036198
  0.020882 -0.154890  0.459812 -0.617304  0.018238  0.087475  0.087475 -0.120084
 -0.106807  0.484105 -0.544574 -0.014055  0.543085 -0.643346 -0.627972  0.097424
  0.114164  0.039234  0.039234  0.336999  0.336999 -0.230530 -0.360202  0.599126
 -0.565245  0.304170  0.158108  0.158108 -0.259996 -0.281796  0.559283 -0.483165
  0.500606 -0.503275 -0.614542  0.201367  0.104436  0.030829  0.414466  0.118933
  0.118933  0.118933 -0.557459 -0.116264  0.767436 -0.598660  0.135431  0.112724
 -0.279683 -0.232138  0.296064  0.120077 -0.025300 -0.017655 -0.017655  0.059591
  0.059591  0.059591  0.054433  0.054433  0.054433 -0.432449  0.042904  0.394119
 -0.259274 -0.321400  0.775414 -0.681477 -0.681477  0.194048  0.059089  0.089715
  0.089715 -0.610223  0.281259  0.490464 -0.511668 -0.232509  0.022755 -0.095141
 -0.095141 -0.131677 -0.131677 -0.091192  0.342052  0.059066  0.082725  0.082725
  0.090084  0.090084  0.104452  0.104452  0.097506 -0.180159 -0.206201  0.356255
 -0.534955  0.045597 -0.005912 -0.063814  0.133705  0.024357  0.024357  0.036869
  0.036869  0.043769  0.043769 -0.011261 -0.151347  0.472670 -0.575173  0.008789
 -0.039340  0.745726 -0.795830 -0.795830  0.196294  0.108523  0.070205  0.070205
 -0.000287 -0.000287 -0.001911 -0.261564  0.084858  0.084858  0.084858 -0.003978
  1.743972 -1.081306  0.478158  0.478158
