   6 -0.6790
   6  0.9429
   8 -0.7339
   1  0.2004
   1  0.2004
   1  0.2004
   7 -1.0015
   6  0.9087
   6  0.0512
   8 -0.4400
   6 -0.4693
   6  0.5957
   8 -0.6722
   8 -0.6722
   1  0.4775
   1 -0.2073
   1  0.1531
   1  0.1531
   7  0.5240
   6 -0.7994
   6  0.9544
   8 -0.7035
   6  0.3933
   6 -0.0566
   6 -0.0616
   6  0.2242
   7 -0.1509
   1 -0.2432
   1  0.2367
   1 -0.0523
   1 -0.0523
   1  0.0509
   1  0.0509
   1  0.0375
   1  0.0375
   1  0.0114
   1  0.0114
   1  0.2897
   1  0.2897
   1  0.2897
   7 -1.0353
   6  1.1726
   6 -0.4072
   8 -0.3881
   6 -0.8467
   6  0.8538
   8 -0.7286
   8 -0.7286
   1  0.6142
   1 -0.1698
   1  0.2036
   1  0.2036
   7  0.4244
   6 -0.4350
   6  0.4212
   8 -0.5436
   1 -0.3211
   1  0.2099
   1  0.2099
   7  0.0098
   6 -0.1930
   6  0.5075
   8 -0.5769
   6  0.0967
   6  0.3033
   7 -0.6773
   8 -0.2064
   1 -0.1747
   1  0.1542
   1  0.0270
   1  0.0270
   1  0.3711
   1  0.3711
   7 -0.2249
   6 -0.0974
   6  0.4506
   8 -0.5642
   1  0.2430
   1  0.0973
   1  0.0973
   7 -0.2104
   6 -0.0269
   6  0.4089
   8 -0.5665
   6 -0.5701
   6  0.3020
   6 -0.2584
   6 -0.2584
   6 -0.2255
   6 -0.2255
   6  0.2829
   8 -0.4787
   1  0.1480
   1  0.1114
   1  0.2185
   1  0.2185
   1  0.1558
   1  0.1558
   1  0.1664
   1  0.1664
   1  0.3778
   7 -0.2820
   6 -0.2804
   6  0.9304
   8 -0.6862
   6  0.4305
   6 -0.4591
   6 -0.4953
   6  0.0162
   1  0.1880
   1 -0.1835
   1 -0.1061
   1  0.1549
   1  0.1549
   1  0.0827
   1  0.0827
   1  0.0827
   1  0.0069
   1  0.0069
   1  0.0069
   7 -0.5587
   6  0.4457
   6  0.1399
   8 -0.3463
   6  0.0421
   8 -0.4786
   1  1.8324
   1 -0.1053
   1 -0.0273
   1 -0.0273
   1  0.3052
   7 -0.3164
   6  0.1144
   6  0.5783
   8 -0.6750
   6 -0.2553
   1  0.2629
   1  0.0376
   1  0.0804
   1  0.0804
   1  0.0804
   7 -0.6107
   6  0.5592
   6 -0.1592
   8 -0.4226
   6 -0.6185
   1  0.3907
   1 -0.0683
   1  0.1980
   1  0.1980
   1  0.1980
   7  0.4807
   6 -0.4633
   6  0.4037
   8 -0.5706
   6  0.6832
   6 -1.1102
   6  1.3279
   8 -1.0032
   8 -1.0032
   1  0.0180
   1  0.2403
   1 -0.2503
   1 -0.2503
   1  0.2379
   1  0.2379
   7 -0.0278
   6 -0.1522
   1  0.0812
   1  0.0812
   1  0.0812
   1 -0.0013
  20  1.8512
   8 -1.0656
   1  0.3585
   1  0.3585
 rrms:    0.0429
