   6 -0.6632
   6  0.9598
   8 -0.6892
   1  0.2035
   1  0.2035
   1  0.2035
   7 -1.1058
   6  0.6890
   6  0.1645
   8 -0.4421
   6 -0.6266
   6  0.7574
   8 -0.8175
   8 -0.8175
   1  0.5476
   1 -0.1174
   1  0.2167
   1  0.2167
   7  0.0367
   6 -0.0736
   6  0.5943
   8 -0.6000
   6  0.1161
   6  0.0227
   6 -0.1250
   6  0.5164
   7 -0.4960
   1 -0.0051
   1  0.0604
   1 -0.0444
   1 -0.0444
   1  0.0068
   1  0.0068
   1  0.0825
   1  0.0825
   1 -0.0914
   1 -0.0914
   1  0.3856
   1  0.3856
   1  0.3856
   7 -0.6273
   6  0.5442
   6  0.0004
   8 -0.4535
   6 -0.7380
   6  1.1029
   8 -0.8916
   8 -0.8916
   1  0.1893
   1  0.0169
   1  0.2103
   1  0.2103
   7  0.1700
   6 -0.4979
   6  0.5536
   8 -0.5878
   1  0.0567
   1  0.2425
   1  0.2425
   7 -0.3341
   6  0.2509
   6  0.0181
   8 -0.4639
   6 -0.0767
   6  0.4083
   7 -0.6519
   8 -0.2636
   1  0.1236
   1  0.0341
   1  0.0815
   1  0.0815
   1  0.3739
   1  0.3739
   7  0.4954
   6 -0.8406
   6  0.9748
   8 -0.6491
   1 -0.0863
   1  0.2768
   1  0.2768
   7 -0.7855
   6  0.2642
   6  0.6638
   8 -0.5875
   6 -0.1585
   6  0.3070
   6 -0.4100
   6 -0.4100
   6 -0.0971
   6 -0.0971
   6  0.1786
   8 -0.5005
   1  0.2644
   1  0.0061
   1  0.0608
   1  0.0608
   1  0.2078
   1  0.2078
   1  0.1413
   1  0.1413
   1  0.4014
   7 -0.6437
   6  0.0120
   6  0.5385
   8 -0.5076
   6 -0.1050
   6 -0.0515
   6 -0.1478
   6 -0.3439
   1  0.3902
   1 -0.0303
   1  0.0902
   1  0.0521
   1  0.0521
   1  0.0594
   1  0.0594
   1  0.0594
   1  0.1405
   1  0.1405
   1  0.1405
   7 -0.3295
   6 -0.0734
   6  0.2914
   8 -0.2367
   6 -0.0387
   8 -0.2465
   1  0.1400
   1  0.1168
   1  0.0924
   1  0.0924
   1  0.3168
   7 -0.2022
   6 -0.0091
   6  0.6729
   8 -0.6289
   6 -0.0859
   1  0.3218
   1  0.0710
   1  0.0345
   1  0.0345
   1  0.0345
   7 -0.4384
   6  0.2148
   6 -0.0227
   8 -0.4559
   6 -0.1999
   1  0.3129
   1  0.0320
   1  0.0851
   1  0.0851
   1  0.0851
   7  0.3539
   6  0.0027
   6  0.2583
   8 -0.5385
   6  0.2136
   6 -0.2698
   6  0.3825
   8 -0.5621
   8 -0.5621
   1 -0.1282
   1  0.0564
   1 -0.0733
   1 -0.0733
   1  0.0754
   1  0.0754
   7  0.0318
   6 -0.0356
   1  0.0590
   1  0.0590
   1  0.0590
   1 -0.2965
  20  1.8318
   8 -0.7094
   1  0.3553
   1  0.3553
 rrms:    0.0468
