   6 -0.7603
   6  0.7901
   8 -0.6201
   1  0.2242
   1  0.2242
   1  0.2242
   7 -0.7654
   6  0.7487
   6  0.0624
   8 -0.4372
   6 -0.6268
   6  0.5971
   8 -0.6925
   8 -0.6925
   1  0.4423
   1 -0.2256
   1  0.2163
   1  0.2163
   7  0.5613
   6 -0.3796
   6  0.7099
   8 -0.6427
   6  0.0962
   6 -0.0909
   6  0.1159
   6  0.1574
   7 -0.1233
   1 -0.2517
   1  0.1491
   1 -0.0036
   1 -0.0036
   1  0.0318
   1  0.0318
   1  0.0194
   1  0.0194
   1  0.0305
   1  0.0305
   1  0.2813
   1  0.2813
   1  0.2813
   7 -0.7406
   6  1.0104
   6 -0.2877
   8 -0.3960
   6 -1.0485
   6  1.2222
   8 -0.8321
   8 -0.8321
   1 -0.1465
   1 -0.1277
   1  0.2830
   1  0.2830
   7  0.3311
   6 -0.2399
   6  0.5355
   8 -0.5914
   1 -0.0329
   1  0.1342
   1  0.1342
   7 -0.1187
   6 -0.2655
   6  0.4541
   8 -0.6114
   6 -0.0941
   6  0.0597
   7 -0.5705
   8  0.2115
   1 -0.0878
   1  0.1527
   1  0.1364
   1  0.1364
   1  0.3512
   1  0.3512
   7 -0.0680
   6 -0.4303
   6  0.5965
   8 -0.6256
   1  0.1922
   1  0.1879
   1  0.1879
   7 -0.0720
   6 -0.6518
   6  0.9397
   8 -0.6978
   6 -0.0388
   6  0.1133
   6 -0.1733
   6 -0.1733
   6 -0.2627
   6 -0.2627
   6  0.3872
   8 -0.5450
   1  0.0633
   1  0.2624
   1  0.0124
   1  0.0124
   1  0.1613
   1  0.1613
   1  0.1577
   1  0.1577
   1  0.4111
   7 -0.5739
   6  0.0646
   6  0.5215
   8 -0.5329
   6  0.0379
   6  0.0563
   6 -0.1686
   6 -0.2927
   1  0.3208
   1  0.0672
   1  0.0219
   1  0.0430
   1  0.0430
   1  0.0404
   1  0.0404
   1  0.0404
   1  0.0836
   1  0.0836
   1  0.0836
   7 -0.0650
   6 -0.0688
   6  0.3031
   8 -0.1755
   6  0.3079
   8 -0.3798
   1 -0.2714
   1  0.1148
   1 -0.0287
   1 -0.0287
   1  0.4178
   7 -0.2171
   6  0.1124
   6  0.7411
   8 -0.6260
   6 -0.2763
   1  0.3659
   1  0.0324
   1  0.0898
   1  0.0898
   1  0.0898
   7 -0.5030
   6  0.6464
   6 -0.4347
   8 -0.3420
   6 -0.3223
   1  0.3130
   1 -0.0292
   1  0.1243
   1  0.1243
   1  0.1243
   7  0.8959
   6 -0.8137
   6  0.7066
   8 -0.5924
   6  0.6802
   6 -0.7956
   6  0.8498
   8 -0.6426
   8 -0.6426
   1 -1.2912
   1  0.3191
   1 -0.1301
   1 -0.1301
   1  0.2604
   1  0.2604
   7 -0.1256
   6  0.0895
   1  0.0291
   1  0.0291
   1  0.0291
   1 -0.0761
  20  1.9499
   8 -0.7912
   1  0.3645
   1  0.3645
 rrms:    0.0437
