   6 -0.6610
   6  0.8403
   8 -0.7029
   1  0.1945
   1  0.1945
   1  0.1945
   7 -0.8485
   6  0.4766
   6 -0.0266
   8 -0.4449
   6 -0.0696
   6  0.1744
   8 -0.2325
   8 -0.2325
   1  0.4121
   1 -0.0417
   1  0.0568
   1  0.0568
   7  0.4071
   6 -0.9432
   6  1.1175
   8 -0.7866
   6  0.7038
   6 -0.7585
   6  0.0702
   6  0.4300
   7 -0.2996
   1 -0.1929
   1  0.2394
   1 -0.0926
   1 -0.0926
   1  0.2392
   1  0.2392
   1 -0.0079
   1 -0.0079
   1 -0.0512
   1 -0.0512
   1  0.3334
   1  0.3334
   1  0.3334
   7 -1.0066
   6  0.9918
   6 -0.4814
   8 -0.3819
   6 -1.0929
   6  0.9549
   8 -0.8507
   8 -0.8507
   1  0.6002
   1 -0.1092
   1  0.2897
   1  0.2897
   7  0.2546
   6 -0.5934
   6  0.7152
   8 -0.6214
   1  0.0359
   1  0.2159
   1  0.2159
   7 -0.2999
   6 -0.0082
   6  0.3854
   8 -0.5685
   6 -0.1915
   6  0.3153
   7 -0.5702
   8 -0.2959
   1  0.1820
   1  0.0829
   1  0.1312
   1  0.1312
   1  0.3323
   1  0.3323
   7 -0.0147
   6 -0.1426
   6  0.4083
   8 -0.5398
   1 -0.0060
   1  0.1044
   1  0.1044
   7  0.1603
   6 -0.6048
   6  1.0007
   8 -0.7362
   6  0.0161
   6 -0.0114
   6 -0.1111
   6 -0.1111
   6 -0.4105
   6 -0.4105
   6  0.5845
   8 -0.6446
   1 -0.2850
   1  0.2204
   1  0.0345
   1  0.0345
   1  0.1442
   1  0.1442
   1  0.1937
   1  0.1937
   1  0.4520
   7 -0.6561
   6 -0.0381
   6  0.6607
   8 -0.5405
   6  0.0038
   6  0.2756
   6 -0.0697
   6 -0.2815
   1  0.3855
   1  0.1003
   1  0.0540
   1 -0.0605
   1 -0.0605
   1 -0.0074
   1 -0.0074
   1 -0.0074
   1  0.0687
   1  0.0687
   1  0.0687
   7 -0.2601
   6 -0.3096
   6  0.5791
   8 -0.5052
   6  0.1837
   8 -0.7265
   1  0.2691
   1  0.1253
   1  0.0075
   1  0.0075
   1  0.4432
   7 -0.7744
   6  0.4407
   6  0.1929
   8 -0.5548
   6 -0.3596
   1  0.4661
   1  0.0013
   1  0.1080
   1  0.1080
   1  0.1080
   7 -0.2742
   6  0.2264
   6  0.0416
   8 -0.4500
   6 -0.2854
   1  0.2983
   1  0.0180
   1  0.0815
   1  0.0815
   1  0.0815
   7  0.2316
   6 -0.4004
   6  0.5487
   8 -0.6202
   6  0.7995
   6 -1.0091
   6  0.8206
   8 -0.7958
   8 -0.7958
   1  0.7846
   1  0.2088
   1 -0.2506
   1 -0.2506
   1  0.2335
   1  0.2335
   7 -0.2504
   6 -0.0898
   1  0.0614
   1  0.0614
   1  0.0614
   1  0.0149
  20  2.3933
   8 -0.9232
   1  0.4010
   1  0.4010
 rrms:    0.0453
