   6 -0.6964
   6  0.7588
   8 -0.6614
   1  0.2047
   1  0.2047
   1  0.2047
   7 -0.5163
   6  0.1637
   6  0.1941
   8 -0.4071
   6 -0.1156
   6  0.4550
   8 -0.6910
   8 -0.6910
   1  0.3616
   1  0.0613
   1  0.0967
   1  0.0967
   7  0.3392
   6 -0.5060
   6  0.5686
   8 -0.6553
   6  0.2973
   6  0.0976
   6  0.0114
   6  0.1927
   7 -0.1576
   1 -0.0822
   1  0.1971
   1 -0.0464
   1 -0.0464
   1  0.0078
   1  0.0078
   1 -0.0121
   1 -0.0121
   1  0.0231
   1  0.0231
   1  0.2956
   1  0.2956
   1  0.2956
   7 -0.2962
   6  0.8030
   6 -0.2971
   8 -0.3944
   6 -0.7731
   6  1.0411
   8 -0.7921
   8 -0.7921
   1 -0.0925
   1 -0.0637
   1  0.1970
   1  0.1970
   7  0.2992
   6 -0.3836
   6  0.6365
   8 -0.5765
   1 -0.0895
   1  0.1805
   1  0.1805
   7 -0.2419
   6 -0.0180
   6  0.4398
   8 -0.5303
   6 -0.4948
   6  0.7219
   7 -0.8104
   8 -0.5804
   1 -0.1299
   1  0.1461
   1  0.1929
   1  0.1929
   1  0.4115
   1  0.4115
   7 -0.1572
   6 -0.2263
   6  0.4073
   8 -0.5555
   1  0.2840
   1  0.1603
   1  0.1603
   7 -0.1354
   6 -0.2282
   6  0.7887
   8 -0.6041
   6 -0.1328
   6  0.3018
   6 -0.3653
   6 -0.3653
   6 -0.0768
   6 -0.0768
   6  0.1718
   8 -0.5122
   1  0.0746
   1  0.0804
   1  0.0676
   1  0.0676
   1  0.1860
   1  0.1860
   1  0.1381
   1  0.1381
   1  0.3960
   7 -0.5514
   6 -0.5314
   6  1.1423
   8 -0.6986
   6  0.4816
   6 -0.0655
   6 -0.7931
   6 -0.1288
   1  0.3440
   1  0.2528
   1 -0.0785
   1  0.0485
   1  0.0485
   1  0.1859
   1  0.1859
   1  0.1859
   1  0.0368
   1  0.0368
   1  0.0368
   7 -0.6137
   6  0.0660
   6  0.1989
   8 -0.2066
   6  0.1533
   8 -0.4462
   1  0.2513
   1 -0.0014
   1  0.0305
   1  0.0305
   1  0.4100
   7 -0.3228
   6  0.2021
   6  0.4446
   8 -0.6076
   6 -0.3151
   1  0.3204
   1  0.0442
   1  0.0985
   1  0.0985
   1  0.0985
   7 -0.3073
   6  0.2429
   6  0.0695
   8 -0.4658
   6 -0.2552
   1  0.2782
   1  0.0047
   1  0.0870
   1  0.0870
   1  0.0870
   7  0.3706
   6 -0.6572
   6  0.6535
   8 -0.6090
   6  0.5066
   6 -0.4741
   6  0.5430
   8 -0.7316
   8 -0.7316
   1 -0.0133
   1  0.2323
   1 -0.1236
   1 -0.1236
   1  0.1424
   1  0.1424
   7 -0.2838
   6 -0.0464
   1  0.0663
   1  0.0663
   1  0.0663
   1  0.1097
  20  1.9887
   8 -0.6658
   1  0.3232
   1  0.3232
 rrms:    0.0424
