   6 -0.8621
   6  1.0016
   8 -0.7242
   1  0.2627
   1  0.2627
   1  0.2627
   7 -1.1043
   6  1.1369
   6 -0.3514
   8 -0.3616
   6 -0.9414
   6  1.1200
   8 -0.8503
   8 -0.8503
   1  0.4278
   1 -0.2215
   1  0.2551
   1  0.2551
   7  0.4194
   6 -0.0798
   6  0.4260
   8 -0.5669
   6 -0.3894
   6  0.1020
   6 -0.0673
   6  0.2751
   7 -0.0428
   1  0.0943
   1  0.1009
   1  0.1582
   1  0.1582
   1 -0.0428
   1 -0.0428
   1  0.0689
   1  0.0689
   1 -0.0212
   1 -0.0212
   1  0.2432
   1  0.2432
   1  0.2432
   7 -0.6653
   6  0.9521
   6 -0.1115
   8 -0.4461
   6 -0.8089
   6  1.1800
   8 -0.8763
   8 -0.8763
   1  0.1407
   1 -0.1165
   1  0.1947
   1  0.1947
   7  0.0345
   6 -0.5350
   6  0.9726
   8 -0.6206
   1  0.0635
   1  0.2832
   1  0.2832
   7 -1.1961
   6  0.8564
   6 -0.0098
   8 -0.4326
   6 -0.7020
   6  0.9756
   7 -0.9294
   8 -0.6808
   1  0.5250
   1 -0.2246
   1  0.2379
   1  0.2379
   1  0.4355
   1  0.4355
   7  0.0212
   6 -0.0046
   6  0.5953
   8 -0.6548
   1  0.1948
   1  0.0510
   1  0.0510
   7 -0.5841
   6  0.2812
   6  0.2877
   8 -0.4903
   6 -0.0119
   6  0.0309
   6 -0.1247
   6 -0.1247
   6 -0.3101
   6 -0.3101
   6  0.3719
   8 -0.5349
   1  0.2865
   1  0.0213
   1  0.0233
   1  0.0233
   1  0.1213
   1  0.1213
   1  0.1513
   1  0.1513
   1  0.4199
   7 -0.1563
   6  0.0034
   6  0.1082
   8 -0.5039
   6  0.2286
   6 -0.0413
   6 -0.2781
   6  0.0345
   1  0.2038
   1  0.0734
   1  0.0193
   1  0.0223
   1  0.0223
   1  0.0600
   1  0.0600
   1  0.0600
   1 -0.0263
   1 -0.0263
   1 -0.0263
   7  0.5155
   6 -1.0169
   6  1.0268
   8 -0.6592
   6  0.9741
   8 -0.7963
   1 -0.2317
   1  0.2739
   1 -0.1872
   1 -0.1872
   1  0.5509
   7 -0.5080
   6 -0.0047
   6  0.6187
   8 -0.4792
   6  0.0067
   1  0.1689
   1  0.0397
   1  0.0235
   1  0.0235
   1  0.0235
   7 -0.6780
   6  0.4211
   6  0.0304
   8 -0.4548
   6 -0.3574
   1  0.3892
   1  0.0381
   1  0.1136
   1  0.1136
   1  0.1136
   7  0.0686
   6 -0.1692
   6  0.6759
   8 -0.5974
   6  0.6084
   6 -0.8314
   6  1.0714
   8 -0.8379
   8 -0.8379
   1  0.0874
   1  0.0881
   1 -0.2563
   1 -0.2563
   1  0.2187
   1  0.2187
   7 -0.4789
   6  0.1963
   1 -0.0029
   1 -0.0029
   1 -0.0029
   1  0.3686
  20  1.9004
   8 -0.6943
   1  0.4266
   1  0.4266
 rrms:    0.0614
