   6 -0.6523
   6  0.8309
   8 -0.6974
   1  0.1942
   1  0.1942
   1  0.1942
   7 -0.6948
   6  0.4086
   6  0.4161
   8 -0.5576
   6 -0.2203
   6  0.3802
   8 -0.7062
   8 -0.7062
   1  0.3970
   1 -0.0543
   1  0.1153
   1  0.1153
   7  0.0133
   6  0.5202
   6 -0.1178
   8 -0.4395
   6 -0.5028
   6  0.5040
   6 -0.3763
   6  0.6801
   7 -0.4722
   1 -0.1573
   1 -0.0900
   1  0.1758
   1  0.1758
   1 -0.1220
   1 -0.1220
   1  0.1195
   1  0.1195
   1 -0.1130
   1 -0.1130
   1  0.3604
   1  0.3604
   1  0.3604
   7  0.0815
   6  0.5352
   6 -0.0451
   8 -0.4058
   6 -0.6964
   6  0.7562
   8 -0.7325
   8 -0.7325
   1  0.0748
   1  0.0158
   1  0.1953
   1  0.1953
   7 -0.0482
   6  0.1358
   6  0.2218
   8 -0.5513
   1 -0.2480
   1  0.0407
   1  0.0407
   7  0.0772
   6  0.1871
   6 -0.0515
   8 -0.4131
   6 -0.4783
   6  0.8217
   7 -0.8061
   8 -0.6324
   1  0.2643
   1  0.1197
   1  0.1824
   1  0.1824
   1  0.4051
   1  0.4051
   7  0.0965
   6 -0.3027
   6  0.6527
   8 -0.6132
   1 -0.1087
   1  0.1319
   1  0.1319
   7 -0.2501
   6 -0.4590
   6  0.7865
   8 -0.5272
   6  0.1387
   6 -0.1149
   6 -0.0065
   6 -0.0065
   6 -0.4290
   6 -0.4290
   6  0.5735
   8 -0.5790
   1  0.3398
   1  0.2237
   1 -0.0333
   1 -0.0333
   1  0.0924
   1  0.0924
   1  0.1878
   1  0.1878
   1  0.4245
   7 -0.5770
   6  0.0398
   6  0.6676
   8 -0.5827
   6  0.0103
   6  0.1626
   6 -0.0989
   6 -0.1305
   1  0.3258
   1 -0.0349
   1  0.0485
   1  0.0105
   1  0.0105
   1 -0.0020
   1 -0.0020
   1 -0.0020
   1  0.0353
   1  0.0353
   1  0.0353
   7 -0.1095
   6 -0.0560
   6  0.4363
   8 -0.4165
   6  0.4489
   8 -0.5440
   1 -0.0843
   1  0.0121
   1 -0.0692
   1 -0.0692
   1  0.3858
   7 -0.3713
   6  0.1990
   6  0.4013
   8 -0.5453
   6 -0.2532
   1  0.3439
   1  0.0282
   1  0.0813
   1  0.0813
   1  0.0813
   7 -0.2656
   6  0.2196
   6 -0.0623
   8 -0.4212
   6 -0.3188
   1  0.2790
   1  0.0282
   1  0.1199
   1  0.1199
   1  0.1199
   7  0.3527
   6 -0.8195
   6  0.8645
   8 -0.6376
   6  0.7039
   6 -0.3586
   6  0.5841
   8 -0.6241
   8 -0.6241
   1 -0.2001
   1  0.3232
   1 -0.2316
   1 -0.2316
   1  0.1259
   1  0.1259
   7 -0.4322
   6  0.0643
   1  0.0323
   1  0.0323
   1  0.0323
   1  0.2815
  20  1.9956
   8 -0.8864
   1  0.3958
   1  0.3958
 rrms:    0.0490
