   6 -0.6347
   6  0.7615
   8 -0.6340
   1  0.1822
   1  0.1822
   1  0.1822
   7 -0.5611
   6  0.1564
   6  0.2785
   8 -0.5024
   6 -0.5036
   6  0.6873
   8 -0.6740
   8 -0.6740
   1  0.3633
   1  0.0504
   1  0.1682
   1  0.1682
   7 -0.1069
   6 -0.2161
   6  0.3978
   8 -0.5737
   6  0.2359
   6 -0.1983
   6  0.1464
   6  0.0261
   7  0.0627
   1  0.1768
   1  0.1537
   1 -0.0035
   1 -0.0035
   1  0.1025
   1  0.1025
   1 -0.0335
   1 -0.0335
   1  0.0526
   1  0.0526
   1  0.1958
   1  0.1958
   1  0.1958
   7 -0.2689
   6  0.6243
   6 -0.0137
   8 -0.4194
   6 -0.8442
   6  1.0334
   8 -0.8291
   8 -0.8291
   1  0.2253
   1 -0.1225
   1  0.2287
   1  0.2287
   7 -0.1279
   6 -0.4338
   6  0.6870
   8 -0.4373
   1  0.2258
   1  0.2235
   1  0.2235
   7 -0.8080
   6  0.6671
   6  0.3120
   8 -0.5048
   6 -0.8795
   6  1.0421
   7 -1.0086
   8 -0.6956
   1  0.4193
   1 -0.0607
   1  0.2403
   1  0.2403
   1  0.4479
   1  0.4479
   7 -0.2636
   6 -0.0194
   6  0.5064
   8 -0.5152
   1  0.2800
   1  0.0860
   1  0.0860
   7 -0.5526
   6  0.2387
   6  0.2419
   8 -0.5378
   6 -0.4139
   6  0.2408
   6 -0.1773
   6 -0.1773
   6 -0.3436
   6 -0.3436
   6  0.4333
   8 -0.5255
   1  0.3475
   1  0.0254
   1  0.1384
   1  0.1384
   1  0.1409
   1  0.1409
   1  0.1828
   1  0.1828
   1  0.4037
   7 -0.3507
   6  0.0426
   6  0.5068
   8 -0.5100
   6  0.3719
   6 -0.0982
   6 -0.5291
   6 -0.1942
   1  0.2276
   1  0.0121
   1 -0.0366
   1  0.0682
   1  0.0682
   1  0.1113
   1  0.1113
   1  0.1113
   1  0.0604
   1  0.0604
   1  0.0604
   7  0.0142
   6 -0.3648
   6  0.4812
   8 -0.5607
   6  0.5603
   8 -0.6545
   1  0.1528
   1  0.1641
   1 -0.0893
   1 -0.0893
   1  0.4283
   7 -0.4216
   6  0.2473
   6  0.2363
   8 -0.5099
   6 -0.1773
   1  0.3335
   1  0.0507
   1  0.0754
   1  0.0754
   1  0.0754
   7 -0.1970
   6  0.3042
   6  0.0708
   8 -0.4205
   6 -0.1127
   1  0.0317
   1 -0.0062
   1  0.0574
   1  0.0574
   1  0.0574
   7 -0.1199
   6 -0.1881
   6  0.4744
   8 -0.5499
   6  0.1598
   6 -0.3705
   6  0.6589
   8 -0.6723
   8 -0.6723
   1  0.2317
   1  0.1627
   1 -0.0571
   1 -0.0571
   1  0.1114
   1  0.1114
   7 -0.2531
   6  0.0112
   1  0.0447
   1  0.0447
   1  0.0447
   1  0.2445
  20  1.5382
   8 -0.6347
   1  0.3354
   1  0.3354
 rrms:    0.0412
