   6 -0.5657
   6  0.8053
   8 -0.6890
   1  0.1720
   1  0.1720
   1  0.1720
   7 -0.8826
   6  0.4439
   6  0.2647
   8 -0.4760
   6 -0.1079
   6  0.4947
   8 -0.6599
   8 -0.6599
   1  0.4506
   1 -0.1450
   1  0.0603
   1  0.0603
   7  0.2874
   6 -0.8405
   6  0.9670
   8 -0.7147
   6  0.5160
   6 -0.2622
   6  0.1393
   6  0.1120
   7 -0.0063
   1  0.1123
   1  0.2242
   1 -0.0799
   1 -0.0799
   1  0.0973
   1  0.0973
   1 -0.0345
   1 -0.0345
   1  0.0282
   1  0.0282
   1  0.2620
   1  0.2620
   1  0.2620
   7 -0.9076
   6  0.7994
   6 -0.0492
   8 -0.4430
   6 -0.7173
   6  0.8200
   8 -0.7487
   8 -0.7487
   1  0.5046
   1 -0.0955
   1  0.1664
   1  0.1664
   7  0.0473
   6 -0.2620
   6  0.4792
   8 -0.5635
   1  0.0279
   1  0.1664
   1  0.1664
   7 -0.2179
   6  0.0985
   6  0.4269
   8 -0.5196
   6 -0.4218
   6  0.6106
   7 -0.7671
   8 -0.5347
   1 -0.0221
   1  0.0987
   1  0.1788
   1  0.1788
   1  0.3972
   1  0.3972
   7 -0.1001
   6 -0.3184
   6  0.4906
   8 -0.5669
   1  0.1524
   1  0.1870
   1  0.1870
   7 -0.3178
   6 -0.0163
   6  0.3288
   8 -0.3700
   6 -0.0670
   6  0.0227
   6 -0.1205
   6 -0.1205
   6 -0.3380
   6 -0.3380
   6  0.4324
   8 -0.5313
   1  0.2530
   1  0.0989
   1  0.0518
   1  0.0518
   1  0.1395
   1  0.1395
   1  0.1674
   1  0.1674
   1  0.4073
   7 -0.3337
   6 -0.1111
   6  0.5506
   8 -0.5440
   6  0.1580
   6 -0.1417
   6 -0.3218
   6 -0.1602
   1  0.2507
   1  0.0681
   1  0.0302
   1  0.1146
   1  0.1146
   1  0.0630
   1  0.0630
   1  0.0630
   1  0.0503
   1  0.0503
   1  0.0503
   7 -0.0432
   6 -0.1406
   6  0.3246
   8 -0.3446
   6  0.2097
   8 -0.4283
   1  0.2204
   1  0.0699
   1 -0.0336
   1 -0.0336
   1  0.3747
   7 -0.3657
   6  0.1770
   6  0.4851
   8 -0.6575
   6 -0.2772
   1  0.3585
   1  0.0197
   1  0.0881
   1  0.0881
   1  0.0881
   7 -0.3541
   6  0.2026
   6  0.2041
   8 -0.5157
   6 -0.2655
   1  0.2702
   1  0.0246
   1  0.0868
   1  0.0868
   1  0.0868
   7  0.2535
   6 -0.1351
   6  0.3834
   8 -0.5832
   6  0.3408
   6 -0.5604
   6  0.7141
   8 -0.7402
   8 -0.7402
   1  0.0606
   1  0.1254
   1 -0.1088
   1 -0.1088
   1  0.1137
   1  0.1137
   7 -0.0497
   6 -0.1841
   1  0.0945
   1  0.0945
   1  0.0945
   1 -0.0132
  20  1.7522
   8 -0.6903
   1  0.3577
   1  0.3577
 rrms:    0.0396
