   6 -0.4524
   6  0.7087
   8 -0.6830
   1  0.1416
   1  0.1416
   1  0.1416
   7 -0.4335
   6 -0.0083
   6  0.8122
   8 -0.6346
   6 -0.3322
   6  0.5905
   8 -0.6543
   8 -0.6543
   1  0.2425
   1  0.2385
   1  0.1000
   1  0.1000
   7 -0.9031
   6  0.7579
   6  0.0028
   8 -0.4025
   6 -0.5452
   6  0.3720
   6 -0.2052
   6  0.3310
   7 -0.0721
   1  0.4155
   1 -0.0536
   1  0.1852
   1  0.1852
   1 -0.1060
   1 -0.1060
   1  0.0900
   1  0.0900
   1 -0.0443
   1 -0.0443
   1  0.2299
   1  0.2299
   1  0.2299
   7 -0.1761
   6  0.2892
   6 -0.1297
   8 -0.4066
   6 -0.3509
   6  0.9769
   8 -0.8088
   8 -0.8088
   1  0.0742
   1  0.0674
   1  0.1133
   1  0.1133
   7  0.1583
   6 -0.5451
   6  0.8175
   8 -0.6383
   1  0.0523
   1  0.2418
   1  0.2418
   7 -0.8666
   6  0.5734
   6  0.2825
   8 -0.4923
   6 -0.9002
   6  1.0177
   7 -0.8658
   8 -0.6726
   1  0.4244
   1 -0.1369
   1  0.2654
   1  0.2654
   1  0.4076
   1  0.4076
   7 -0.2246
   6 -0.0774
   6  0.5575
   8 -0.6310
   1  0.2519
   1  0.0238
   1  0.0238
   7 -0.4579
   6  0.2451
   6  0.6090
   8 -0.5081
   6 -0.4156
   6  0.3703
   6 -0.2914
   6 -0.2914
   6 -0.3021
   6 -0.3021
   6  0.4157
   8 -0.5238
   1  0.3030
   1  0.0638
   1  0.0897
   1  0.0897
   1  0.1866
   1  0.1866
   1  0.1747
   1  0.1747
   1  0.3945
   7 -0.4617
   6  0.0068
   6  0.5912
   8 -0.6187
   6 -0.0774
   6  0.5812
   6 -0.2554
   6 -0.6442
   1  0.2573
   1  0.0080
   1 -0.1264
   1 -0.1367
   1 -0.1367
   1  0.0793
   1  0.0793
   1  0.0793
   1  0.1595
   1  0.1595
   1  0.1595
   7 -0.4149
   6  0.0585
   6  0.1879
   8 -0.4801
   6  0.3572
   8 -0.5746
   1  0.3424
   1  0.0955
   1 -0.0218
   1 -0.0218
   1  0.3836
   7 -0.2570
   6  0.0037
   6  0.8069
   8 -0.6997
   6 -0.0157
   1  0.2767
   1  0.1313
   1  0.0257
   1  0.0257
   1  0.0257
   7 -0.8222
   6  0.6059
   6 -0.2648
   8 -0.4045
   6 -0.3743
   1  0.3665
   1 -0.0134
   1  0.1163
   1  0.1163
   1  0.1163
   7  0.4267
   6 -0.4211
   6  0.7141
   8 -0.5956
   6  0.1272
   6 -0.4332
   6  0.9614
   8 -0.8667
   8 -0.8667
   1  0.0225
   1  0.1180
   1 -0.0205
   1 -0.0205
   1  0.1399
   1  0.1399
   7 -0.4342
   6  0.1088
   1  0.0154
   1  0.0154
   1  0.0154
   1  0.3336
  20  1.9534
   8 -0.6913
   1  0.3742
   1  0.3742
 rrms:    0.0398
