   6 -0.6144
   6  0.8443
   8 -0.6950
   1  0.1856
   1  0.1856
   1  0.1856
   7 -0.8582
   6  0.2580
   6  0.4947
   8 -0.5231
   6 -0.2458
   6  0.4718
   8 -0.7105
   8 -0.7105
   1  0.4778
   1  0.0342
   1  0.1359
   1  0.1359
   7  0.1749
   6 -0.3887
   6  0.6501
   8 -0.6746
   6  0.3181
   6 -0.0366
   6 -0.0247
   6  0.1724
   7 -0.0841
   1 -0.2070
   1  0.1273
   1 -0.0682
   1 -0.0682
   1  0.0645
   1  0.0645
   1  0.0057
   1  0.0057
   1  0.0310
   1  0.0310
   1  0.2748
   1  0.2748
   1  0.2748
   7 -0.3417
   6  0.6010
   6 -0.0745
   8 -0.4514
   6 -0.6165
   6  0.7888
   8 -0.7334
   8 -0.7334
   1  0.1022
   1 -0.0356
   1  0.1709
   1  0.1709
   7  0.0327
   6  0.1334
   6  0.2323
   8 -0.5063
   1 -0.0655
   1  0.0413
   1  0.0413
   7  0.2023
   6 -0.3693
   6  0.4838
   8 -0.5564
   6 -0.2296
   6  0.3346
   7 -0.6554
   8 -0.2649
   1 -0.0112
   1  0.2126
   1  0.1645
   1  0.1645
   1  0.3750
   1  0.3750
   7 -0.2582
   6 -0.1165
   6  0.3810
   8 -0.5514
   1  0.1760
   1  0.1160
   1  0.1160
   7 -0.0738
   6 -0.2992
   6  0.6303
   8 -0.5367
   6  0.0688
   6  0.1292
   6 -0.2635
   6 -0.2635
   6 -0.1057
   6 -0.1057
   6  0.1851
   8 -0.4927
   1  0.1843
   1  0.1454
   1 -0.0238
   1 -0.0238
   1  0.1294
   1  0.1294
   1  0.1326
   1  0.1326
   1  0.4139
   7 -0.5034
   6 -0.0551
   6  0.6384
   8 -0.5682
   6  0.4788
   6 -0.2120
   6 -0.2725
   6 -0.2332
   1  0.3016
   1 -0.0302
   1 -0.0850
   1  0.1422
   1  0.1422
   1  0.0410
   1  0.0410
   1  0.0410
   1  0.0508
   1  0.0508
   1  0.0508
   7 -0.2041
   6 -0.2048
   6  0.7113
   8 -0.4650
   6  0.4509
   8 -0.6763
   1  0.1376
   1  0.0357
   1 -0.0731
   1 -0.0731
   1  0.4426
   7 -0.5844
   6  0.3271
   6  0.4449
   8 -0.5955
   6 -0.4413
   1  0.4240
   1 -0.0159
   1  0.1317
   1  0.1317
   1  0.1317
   7 -0.2259
   6  0.3062
   6 -0.0369
   8 -0.4445
   6 -0.2559
   1  0.2679
   1 -0.0052
   1  0.0889
   1  0.0889
   1  0.0889
   7  0.6474
   6 -0.7092
   6  0.6098
   8 -0.5812
   6  0.6789
   6 -1.0254
   6  1.1239
   8 -0.8048
   8 -0.8048
   1 -0.4260
   1  0.2810
   1 -0.1819
   1 -0.1819
   1  0.2857
   1  0.2857
   7 -0.2922
   6 -0.0235
   1  0.0566
   1  0.0566
   1  0.0566
   1  0.2190
  20  1.8151
   8 -0.5823
   1  0.3318
   1  0.3318
 rrms:    0.0418
