   6 -0.6638
   6  0.6502
   8 -0.5558
   1  0.2022
   1  0.2022
   1  0.2022
   7 -0.5764
   6  0.2345
   6  0.1671
   8 -0.4968
   6 -0.5715
   6  0.7985
   8 -0.6869
   8 -0.6869
   1  0.3662
   1  0.0251
   1  0.1913
   1  0.1913
   7 -0.1570
   6  0.0701
   6  0.1823
   8 -0.5291
   6  0.1072
   6 -0.2863
   6  0.2383
   6  0.1399
   7 -0.0585
   1  0.3384
   1  0.0863
   1  0.0014
   1  0.0014
   1  0.0628
   1  0.0628
   1 -0.0360
   1 -0.0360
   1  0.0233
   1  0.0233
   1  0.1890
   1  0.1890
   1  0.1890
   7 -0.1363
   6  0.6412
   6  0.0631
   8 -0.4327
   6 -0.6308
   6  0.9201
   8 -0.7558
   8 -0.7558
   1  0.1387
   1 -0.1343
   1  0.1351
   1  0.1351
   7 -0.1861
   6 -0.0267
   6  0.6352
   8 -0.4743
   1  0.1355
   1  0.0891
   1  0.0891
   7 -0.9475
   6  0.6633
   6  0.2531
   8 -0.4805
   6 -0.4370
   6  0.9261
   7 -0.9821
   8 -0.6721
   1  0.4410
   1 -0.1348
   1  0.1034
   1  0.1034
   1  0.4320
   1  0.4320
   7 -0.0685
   6 -0.4540
   6  0.6944
   8 -0.6121
   1  0.2582
   1  0.2145
   1  0.2145
   7 -0.4757
   6  0.3788
   6 -0.0309
   8 -0.5131
   6 -0.4918
   6  0.4711
   6 -0.4716
   6 -0.4716
   6 -0.0784
   6 -0.0784
   6  0.2005
   8 -0.5125
   1  0.2922
   1  0.0355
   1  0.1462
   1  0.1462
   1  0.1967
   1  0.1967
   1  0.1301
   1  0.1301
   1  0.4013
   7 -0.0760
   6 -0.2047
   6  0.7050
   8 -0.5740
   6  0.4875
   6 -0.2351
   6 -0.4969
   6 -0.2260
   1  0.0783
   1  0.0537
   1 -0.1642
   1  0.1553
   1  0.1553
   1  0.1343
   1  0.1343
   1  0.1343
   1  0.0630
   1  0.0630
   1  0.0630
   7 -0.4626
   6  0.1175
   6  0.2241
   8 -0.5249
   6  0.1842
   8 -0.5889
   1  0.4543
   1  0.0649
   1  0.0385
   1  0.0385
   1  0.4177
   7 -0.4113
   6  0.2421
   6  0.5326
   8 -0.5878
   6 -0.3011
   1  0.3326
   1  0.0631
   1  0.1010
   1  0.1010
   1  0.1010
   7 -0.7089
   6  0.5488
   6  0.3912
   8 -0.5097
   6 -0.4309
   1  0.2704
   1 -0.0297
   1  0.1408
   1  0.1408
   1  0.1408
   7 -0.7312
   6  0.3031
   6  0.2056
   8 -0.4677
   6 -0.0359
   6 -0.3686
   6  0.7442
   8 -0.7182
   8 -0.7182
   1  0.3918
   1  0.0918
   1  0.0393
   1  0.0393
   1  0.0783
   1  0.0783
   7 -0.1904
   6  0.0553
   1  0.0364
   1  0.0364
   1  0.0364
   1  0.2566
  20  1.6389
   8 -0.5357
   1  0.3010
   1  0.3010
 rrms:    0.0448
