   6 -0.5100
   6  0.7660
   8 -0.6546
   1  0.1570
   1  0.1570
   1  0.1570
   7 -0.7861
   6  0.1007
   6  0.5311
   8 -0.5177
   6  0.0025
   6  0.1005
   8 -0.5995
   8 -0.5995
   1  0.4190
   1 -0.1693
   1  0.0827
   1  0.0827
   7  0.1688
   6 -0.9731
   6  1.1657
   8 -0.7860
   6  0.7018
   6 -0.5906
   6  0.1896
   6  0.1261
   7 -0.0866
   1  0.0860
   1  0.2831
   1 -0.0781
   1 -0.0781
   1  0.2235
   1  0.2235
   1 -0.0365
   1 -0.0365
   1  0.0398
   1  0.0398
   1  0.2729
   1  0.2729
   1  0.2729
   7 -1.3711
   6  1.4557
   6 -0.4626
   8 -0.4000
   6 -1.2048
   6  1.1509
   8 -0.8236
   8 -0.8236
   1  0.6407
   1 -0.1916
   1  0.3019
   1  0.3019
   7  0.5372
   6 -0.4469
   6  0.5000
   8 -0.5691
   1 -0.2044
   1  0.2359
   1  0.2359
   7  0.0198
   6 -0.0200
   6  0.1969
   8 -0.4838
   6  0.0953
   6  0.5672
   7 -0.7755
   8 -0.4101
   1 -0.3573
   1  0.1024
   1  0.0347
   1  0.0347
   1  0.3768
   1  0.3768
   7  0.0158
   6 -0.2762
   6  0.6811
   8 -0.6644
   1 -0.0213
   1  0.1340
   1  0.1340
   7 -0.3431
   6  0.0095
   6  0.2264
   8 -0.3849
   6 -0.3495
   6  0.0622
   6  0.0195
   6  0.0195
   6 -0.5653
   6 -0.5653
   6  0.6846
   8 -0.6045
   1  0.3805
   1  0.0843
   1  0.1329
   1  0.1329
   1  0.1076
   1  0.1076
   1  0.2230
   1  0.2230
   1  0.4292
   7 -0.3490
   6 -0.2925
   6  0.6097
   8 -0.5403
   6  0.1868
   6 -0.1299
   6 -0.3735
   6 -0.2575
   1  0.3179
   1  0.0621
   1  0.0219
   1  0.2311
   1  0.2311
   1  0.0754
   1  0.0754
   1  0.0754
   1  0.0680
   1  0.0680
   1  0.0680
   7  0.0361
   6 -0.4657
   6  0.4893
   8 -0.2972
   6  0.5566
   8 -0.6844
   1  0.2377
   1  0.1483
   1 -0.1150
   1 -0.1150
   1  0.4104
   7 -0.2336
   6 -0.0162
   6  0.5821
   8 -0.6609
   6 -0.1305
   1  0.3281
   1  0.0859
   1  0.0532
   1  0.0532
   1  0.0532
   7 -0.4832
   6  0.3765
   6  0.0411
   8 -0.5111
   6 -0.3270
   1  0.3244
   1 -0.0130
   1  0.1098
   1  0.1098
   1  0.1098
   7  0.3383
   6 -0.0626
   6  0.2789
   8 -0.5130
   6  0.6956
   6 -0.7594
   6  0.8321
   8 -0.8123
   8 -0.8123
   1 -0.0095
   1  0.0388
   1 -0.2574
   1 -0.2574
   1  0.1655
   1  0.1655
   7 -0.0790
   6 -0.1405
   1  0.0838
   1  0.0838
   1  0.0838
   1 -0.0052
  20  2.0061
   8 -0.8933
   1  0.4274
   1  0.4274
 rrms:    0.0353
