   6 -0.5008
   6  0.6857
   8 -0.6556
   1  0.1568
   1  0.1568
   1  0.1568
   7 -0.5188
   6  0.2409
   6  0.7086
   8 -0.7488
   6 -0.5730
   6  0.7524
   8 -0.7334
   8 -0.7334
   1  0.3477
   1  0.0933
   1  0.1995
   1  0.1995
   7 -0.9289
   6  0.7989
   6 -0.0342
   8 -0.4939
   6 -0.2944
   6  0.0764
   6 -0.0374
   6  0.0977
   7  0.0039
   1  0.3035
   1 -0.0727
   1  0.1056
   1  0.1056
   1 -0.0133
   1 -0.0133
   1  0.0421
   1  0.0421
   1  0.0466
   1  0.0466
   1  0.2001
   1  0.2001
   1  0.2001
   7 -0.0605
   6  0.3344
   6  0.2516
   8 -0.4508
   6 -0.7331
   6  0.9859
   8 -0.8383
   8 -0.8383
   1  0.3535
   1 -0.0292
   1  0.1591
   1  0.1591
   7 -0.1766
   6 -0.3382
   6  0.6710
   8 -0.5541
   1  0.2190
   1  0.1729
   1  0.1729
   7 -0.6521
   6  0.3227
   6  0.5336
   8 -0.5742
   6 -0.8927
   6  0.9208
   7 -0.7309
   8 -0.6691
   1  0.3400
   1 -0.0274
   1  0.2751
   1  0.2751
   1  0.3740
   1  0.3740
   7 -0.2958
   6 -0.2495
   6  0.8589
   8 -0.6812
   1  0.3511
   1  0.1455
   1  0.1455
   7 -1.2035
   6  0.5773
   6 -0.0178
   8 -0.4541
   6 -1.0213
   6  0.7298
   6 -0.4215
   6 -0.4215
   6 -0.2610
   6 -0.2610
   6  0.3766
   8 -0.5495
   1  0.5119
   1 -0.0212
   1  0.2691
   1  0.2691
   1  0.2171
   1  0.2171
   1  0.1763
   1  0.1763
   1  0.4111
   7  0.1013
   6 -1.1381
   6  1.0267
   8 -0.5986
   6  0.9273
   6 -0.7960
   6 -0.6331
   6  0.0681
   1  0.3166
   1  0.2864
   1 -0.2410
   1  0.3263
   1  0.3263
   1  0.1656
   1  0.1656
   1  0.1656
   1 -0.0027
   1 -0.0027
   1 -0.0027
   7 -0.3769
   6 -0.2653
   6  0.4793
   8 -0.5493
   6  0.4027
   8 -0.6381
   1  0.5332
   1  0.1493
   1 -0.0618
   1 -0.0618
   1  0.4216
   7 -0.2964
   6  0.1162
   6  0.4896
   8 -0.5843
   6 -0.1496
   1  0.3125
   1  0.0991
   1  0.0570
   1  0.0570
   1  0.0570
   7 -0.5095
   6  0.3616
   6  0.3146
   8 -0.4599
   6 -0.2907
   1  0.1182
   1  0.0035
   1  0.0897
   1  0.0897
   1  0.0897
   7 -0.3211
   6  0.0081
   6  0.3147
   8 -0.5052
   6 -0.0346
   6 -0.3608
   6  0.8220
   8 -0.8070
   8 -0.8070
   1  0.3001
   1  0.1461
   1 -0.0092
   1 -0.0092
   1  0.1058
   1  0.1058
   7 -0.1709
   6 -0.0155
   1  0.0579
   1  0.0579
   1  0.0579
   1  0.1927
  20  1.8576
   8 -0.5897
   1  0.3133
   1  0.3133
 rrms:    0.0524
