   6 -0.7183
   6  0.8558
   8 -0.6961
   1  0.2169
   1  0.2169
   1  0.2169
   7 -0.6668
   6  0.5008
   6  0.5175
   8 -0.7228
   6 -0.6455
   6  0.8214
   8 -0.7412
   8 -0.7412
   1  0.2704
   1 -0.0176
   1  0.1775
   1  0.1775
   7 -0.7073
   6  0.0838
   6  0.5355
   8 -0.5760
   6 -0.1248
   6  0.0391
   6 -0.0102
   6  0.2694
   7 -0.2356
   1  0.3938
   1  0.0808
   1  0.0828
   1  0.0828
   1 -0.0018
   1 -0.0018
   1  0.0401
   1  0.0401
   1 -0.0030
   1 -0.0030
   1  0.2911
   1  0.2911
   1  0.2911
   7 -0.4608
   6  0.1736
   6  0.4102
   8 -0.4733
   6 -0.4348
   6  0.5882
   8 -0.7002
   8 -0.7002
   1  0.3960
   1  0.0142
   1  0.1560
   1  0.1560
   7 -0.4474
   6 -0.0067
   6  0.4210
   8 -0.3881
   1  0.3434
   1  0.1134
   1  0.1134
   7 -0.3689
   6  0.1973
   6  0.6124
   8 -0.5358
   6 -0.9095
   6  0.9438
   7 -0.9136
   8 -0.6990
   1  0.2492
   1  0.0036
   1  0.3072
   1  0.3072
   1  0.4248
   1  0.4248
   7 -0.4436
   6  0.1458
   6  0.3795
   8 -0.5114
   1  0.3293
   1  0.0554
   1  0.0554
   7 -0.7036
   6  0.6175
   6 -0.0265
   8 -0.4841
   6 -0.4673
   6  0.2227
   6 -0.2052
   6 -0.2052
   6 -0.3432
   6 -0.3432
   6  0.4420
   8 -0.5334
   1  0.3861
   1 -0.0272
   1  0.1412
   1  0.1412
   1  0.1630
   1  0.1630
   1  0.1824
   1  0.1824
   1  0.3896
   7  0.0665
   6 -0.4150
   6  0.9154
   8 -0.5926
   6  0.5648
   6 -0.0093
   6 -0.7455
   6 -0.0376
   1  0.1146
   1  0.0708
   1 -0.1455
   1  0.0235
   1  0.0235
   1  0.1743
   1  0.1743
   1  0.1743
   1  0.0111
   1  0.0111
   1  0.0111
   7 -0.6540
   6  0.0331
   6  0.1799
   8 -0.4841
   6  0.1360
   8 -0.5825
   1  0.4808
   1  0.1482
   1  0.0360
   1  0.0360
   1  0.4105
   7 -0.1244
   6  0.0817
   6  0.4153
   8 -0.5562
   6 -0.0040
   1  0.2341
   1  0.0995
   1  0.0232
   1  0.0232
   1  0.0232
   7 -0.3133
   6  0.2012
   6  0.4419
   8 -0.5449
   6  0.0602
   1 -0.0040
   1  0.0112
   1  0.0092
   1  0.0092
   1  0.0092
   7 -0.6272
   6  0.5368
   6  0.0398
   8 -0.4742
   6  0.0117
   6 -0.3586
   6  0.7580
   8 -0.7330
   8 -0.7330
   1  0.3469
   1  0.0111
   1 -0.0370
   1 -0.0370
   1  0.0841
   1  0.0841
   7 -0.0888
   6  0.0570
   1  0.0417
   1  0.0417
   1  0.0417
   1  0.1846
  20  1.7440
   8 -0.6825
   1  0.3313
   1  0.3313
 rrms:    0.0513
