   6 -0.5028
   6  0.6795
   8 -0.6037
   1  0.1513
   1  0.1513
   1  0.1513
   7 -0.6785
   6  0.1056
   6  0.5066
   8 -0.5437
   6 -0.0469
   6  0.3015
   8 -0.6462
   8 -0.6462
   1  0.3971
   1  0.0574
   1  0.0764
   1  0.0764
   7  0.1428
   6 -0.9037
   6  0.9178
   8 -0.6970
   6  0.7206
   6 -0.4245
   6  0.1809
   6  0.2688
   7 -0.3028
   1  0.0319
   1  0.2862
   1 -0.1695
   1 -0.1695
   1  0.1208
   1  0.1208
   1 -0.0376
   1 -0.0376
   1  0.0079
   1  0.0079
   1  0.3325
   1  0.3325
   1  0.3325
   7 -0.5259
   6  0.5472
   6 -0.0640
   8 -0.4409
   6 -0.4974
   6  0.8485
   8 -0.7908
   8 -0.7908
   1  0.3145
   1 -0.0552
   1  0.1542
   1  0.1542
   7  0.1108
   6 -0.1715
   6  0.4196
   8 -0.5609
   1 -0.1513
   1  0.1242
   1  0.1242
   7 -0.2688
   6  0.0249
   6  0.3108
   8 -0.5175
   6 -0.2716
   6  0.6901
   7 -0.8878
   8 -0.5747
   1  0.2429
   1  0.1129
   1  0.1322
   1  0.1322
   1  0.4287
   1  0.4287
   7 -0.0411
   6 -0.2561
   6  0.5527
   8 -0.6059
   1  0.1149
   1  0.1334
   1  0.1334
   7 -0.2422
   6 -0.3034
   6  0.5497
   8 -0.4271
   6 -0.1067
   6 -0.1554
   6  0.1550
   6  0.1550
   6 -0.6237
   6 -0.6237
   6  0.7087
   8 -0.5901
   1  0.2582
   1  0.1846
   1  0.0640
   1  0.0640
   1  0.1094
   1  0.1094
   1  0.2240
   1  0.2240
   1  0.4217
   7 -0.4116
   6 -0.1186
   6  0.7279
   8 -0.6041
   6  0.0011
   6  0.1000
   6 -0.2617
   6 -0.2329
   1  0.2984
   1  0.0654
   1  0.0356
   1  0.0474
   1  0.0474
   1  0.0782
   1  0.0782
   1  0.0782
   1  0.0673
   1  0.0673
   1  0.0673
   7 -0.4158
   6 -0.0107
   6  0.2345
   8 -0.2584
   6 -0.0503
   8 -0.3227
   1  0.0921
   1  0.0865
   1  0.0871
   1  0.0871
   1  0.3626
   7 -0.3210
   6  0.1918
   6  0.4763
   8 -0.6000
   6 -0.3158
   1  0.3462
   1  0.0262
   1  0.0965
   1  0.0965
   1  0.0965
   7 -0.2852
   6  0.2594
   6 -0.0141
   8 -0.4571
   6 -0.2551
   1  0.2509
   1  0.0077
   1  0.0945
   1  0.0945
   1  0.0945
   7  0.3996
   6 -0.1115
   6  0.3954
   8 -0.5731
   6  0.6404
   6 -0.3184
   6  0.7050
   8 -0.6899
   8 -0.6899
   1 -0.1087
   1  0.0797
   1 -0.1993
   1 -0.1993
   1  0.0228
   1  0.0228
   7 -0.0667
   6 -0.2380
   1  0.1093
   1  0.1093
   1  0.1093
   1 -0.1441
  20  1.8516
   8 -0.5896
   1  0.3055
   1  0.3055
 rrms:    0.0377
