   6 -0.4657
   6  0.6450
   8 -0.6110
   1  0.1449
   1  0.1449
   1  0.1449
   7 -0.4637
   6  0.2060
   6  0.4957
   8 -0.5123
   6 -0.0676
   6  0.2557
   8 -0.7191
   8 -0.7191
   1  0.3345
   1 -0.0077
   1  0.0922
   1  0.0922
   7  0.1983
   6 -0.0353
   6  0.6283
   8 -0.6110
   6  0.0032
   6 -0.0353
   6 -0.0416
   6  0.1625
   7 -0.0459
   1 -0.0524
   1  0.0090
   1  0.0363
   1  0.0363
   1  0.0220
   1  0.0220
   1  0.0279
   1  0.0279
   1  0.0378
   1  0.0378
   1  0.2674
   1  0.2674
   1  0.2674
   7 -0.6696
   6  1.0757
   6 -0.3893
   8 -0.3803
   6 -0.8840
   6  1.1539
   8 -0.8317
   8 -0.8317
   1 -0.1026
   1 -0.1210
   1  0.2470
   1  0.2470
   7  0.7473
   6 -0.5997
   6  0.6109
   8 -0.5587
   1 -0.6415
   1  0.2712
   1  0.2712
   7 -0.1046
   6 -0.4604
   6  0.6631
   8 -0.6352
   6 -0.1261
   6  0.2053
   7 -0.6642
   8 -0.0222
   1 -0.1885
   1  0.2191
   1  0.1844
   1  0.1844
   1  0.3798
   1  0.3798
   7 -0.3086
   6 -0.0516
   6  0.2210
   8 -0.4845
   1  0.2915
   1  0.1139
   1  0.1139
   7  0.0618
   6 -0.4995
   6  0.7010
   8 -0.5173
   6  0.2960
   6 -0.1777
   6 -0.0083
   6 -0.0083
   6 -0.4649
   6 -0.4649
   6  0.6226
   8 -0.6571
   1  0.1801
   1  0.2517
   1 -0.0996
   1 -0.0996
   1  0.1164
   1  0.1164
   1  0.1970
   1  0.1970
   1  0.4853
   7 -0.5618
   6  0.0640
   6  0.5846
   8 -0.5379
   6  0.0267
   6  0.3490
   6 -0.2635
   6 -0.2996
   1  0.3418
   1  0.0830
   1 -0.0043
   1 -0.0602
   1 -0.0602
   1  0.0426
   1  0.0426
   1  0.0426
   1  0.0749
   1  0.0749
   1  0.0749
   7 -0.0532
   6 -0.3033
   6  0.2595
   8 -0.2204
   6  0.5137
   8 -0.5730
   1  0.1104
   1  0.1000
   1 -0.0674
   1 -0.0674
   1  0.2606
   7 -0.1309
   6 -0.0047
   6  0.6538
   8 -0.6510
   6 -0.1334
   1  0.3053
   1  0.0669
   1  0.0426
   1  0.0426
   1  0.0426
   7 -0.4636
   6  0.2225
   6  0.1681
   8 -0.5045
   6 -0.2644
   1  0.2939
   1  0.0264
   1  0.0939
   1  0.0939
   1  0.0939
   7  0.2537
   6 -0.1322
   6  0.3602
   8 -0.5810
   6  0.3294
   6 -0.6250
   6  0.7791
   8 -0.7325
   8 -0.7325
   1  0.0324
   1  0.1530
   1 -0.1303
   1 -0.1303
   1  0.1782
   1  0.1782
   7  0.0031
   6 -0.2050
   1  0.1040
   1  0.1040
   1  0.1040
   1 -0.2100
  20  1.9525
   8 -0.6497
   1  0.3279
   1  0.3279
 rrms:    0.0455
