   6 -0.4179
   6  0.7205
   8 -0.6215
   1  0.1360
   1  0.1360
   1  0.1360
   7 -0.7764
   6  0.9277
   6 -0.1018
   8 -0.4186
   6 -0.8062
   6  0.8075
   8 -0.7405
   8 -0.7405
   1  0.3671
   1 -0.2673
   1  0.2449
   1  0.2449
   7  0.0766
   6 -0.5923
   6  0.7741
   8 -0.6308
   6  0.3342
   6 -0.1690
   6  0.0067
   6  0.2640
   7 -0.1379
   1  0.0896
   1  0.2542
   1 -0.0534
   1 -0.0534
   1  0.0713
   1  0.0713
   1  0.0125
   1  0.0125
   1  0.0000
   1  0.0000
   1  0.2725
   1  0.2725
   1  0.2725
   7 -0.6077
   6  0.6345
   6  0.0931
   8 -0.4100
   6 -0.8544
   6  0.8890
   8 -0.7773
   8 -0.7773
   1  0.3317
   1 -0.0958
   1  0.2512
   1  0.2512
   7 -0.0907
   6 -0.2115
   6  0.7321
   8 -0.5547
   1  0.1336
   1  0.1374
   1  0.1374
   7 -0.6815
   6  0.1430
   6  0.6801
   8 -0.6148
   6 -0.5265
   6  0.8491
   7 -0.8732
   8 -0.6094
   1  0.3562
   1 -0.0545
   1  0.2045
   1  0.2045
   1  0.4222
   1  0.4222
   7 -0.4418
   6 -0.1616
   6  0.4660
   8 -0.5306
   1  0.3907
   1  0.1405
   1  0.1405
   7 -0.5022
   6  0.1640
   6  0.4660
   8 -0.5351
   6 -0.4808
   6  0.4260
   6 -0.3434
   6 -0.3434
   6 -0.2176
   6 -0.2176
   6  0.3336
   8 -0.5404
   1  0.3335
   1  0.0716
   1  0.1205
   1  0.1205
   1  0.1949
   1  0.1949
   1  0.1566
   1  0.1566
   1  0.4104
   7 -0.5164
   6 -0.0172
   6  0.5949
   8 -0.5086
   6  0.3502
   6 -0.0663
   6 -0.5689
   6 -0.0063
   1  0.3555
   1 -0.0086
   1 -0.0923
   1  0.0509
   1  0.0509
   1  0.1247
   1  0.1247
   1  0.1247
   1  0.0109
   1  0.0109
   1  0.0109
   7  0.0925
   6 -0.5368
   6  0.8742
   8 -0.6383
   6  0.5273
   8 -0.6818
   1  0.1536
   1  0.1589
   1 -0.0832
   1 -0.0832
   1  0.4488
   7 -0.5402
   6  0.4521
   6  0.0932
   8 -0.5009
   6 -0.3432
   1  0.2874
   1  0.0419
   1  0.1064
   1  0.1064
   1  0.1064
   7  0.1295
   6  0.0726
   6  0.4443
   8 -0.5198
   6 -0.0410
   1 -0.3377
   1  0.0488
   1  0.0319
   1  0.0319
   1  0.0319
   7 -0.4768
   6 -0.0253
   6  0.2355
   8 -0.5053
   6  0.2246
   6 -0.5550
   6  0.8882
   8 -0.8339
   8 -0.8339
   1  0.3775
   1  0.1827
   1 -0.0627
   1 -0.0627
   1  0.1459
   1  0.1459
   7 -0.0557
   6 -0.1306
   1  0.0900
   1  0.0900
   1  0.0900
   1  0.1860
  20  1.8068
   8 -0.6202
   1  0.3286
   1  0.3286
 rrms:    0.0483
