   6 -0.6655
   6  0.7738
   8 -0.6246
   1  0.1997
   1  0.1997
   1  0.1997
   7 -0.7914
   6  0.7305
   6  0.2673
   8 -0.5894
   6 -0.6392
   6  0.8950
   8 -0.7838
   8 -0.7838
   1  0.3592
   1  0.0354
   1  0.1350
   1  0.1350
   7 -0.0034
   6 -0.4512
   6  0.9265
   8 -0.6923
   6  0.0436
   6 -0.1036
   6 -0.2203
   6  0.3842
   7 -0.2991
   1  0.0074
   1  0.2725
   1  0.0433
   1  0.0433
   1  0.1206
   1  0.1206
   1  0.0707
   1  0.0707
   1 -0.0420
   1 -0.0420
   1  0.3126
   1  0.3126
   1  0.3126
   7 -0.9489
   6  0.6814
   6  0.1122
   8 -0.4796
   6 -0.6858
   6  0.9115
   8 -0.7526
   8 -0.7526
   1  0.3420
   1  0.0046
   1  0.1743
   1  0.1743
   7 -0.2597
   6 -0.0500
   6  0.6677
   8 -0.6965
   1  0.2567
   1  0.1068
   1  0.1068
   7 -0.6016
   6  0.7088
   6 -0.1072
   8 -0.4390
   6 -0.6468
   6  0.8762
   7 -0.9053
   8 -0.6544
   1  0.3918
   1 -0.2136
   1  0.2205
   1  0.2205
   1  0.4156
   1  0.4156
   7  0.0428
   6 -0.3329
   6  0.8415
   8 -0.6721
   1  0.2392
   1  0.1548
   1  0.1548
   7 -0.9430
   6  0.5051
   6  0.3231
   8 -0.4591
   6 -0.5850
   6  0.6638
   6 -0.5470
   6 -0.5470
   6 -0.0591
   6 -0.0591
   6  0.2403
   8 -0.5426
   1  0.3999
   1 -0.0241
   1  0.1825
   1  0.1825
   1  0.2514
   1  0.2514
   1  0.1087
   1  0.1087
   1  0.4120
   7 -0.4957
   6 -0.0215
   6  0.3227
   8 -0.5314
   6  0.2676
   6 -0.0374
   6 -0.3075
   6 -0.4253
   1  0.1861
   1  0.0748
   1  0.0369
   1  0.0503
   1  0.0503
   1  0.0736
   1  0.0736
   1  0.0736
   1  0.1170
   1  0.1170
   1  0.1170
   7  0.0886
   6 -0.4330
   6  0.5807
   8 -0.5897
   6  0.5165
   8 -0.6684
   1  0.2898
   1  0.2081
   1 -0.0952
   1 -0.0952
   1  0.4383
   7 -0.3712
   6  0.0303
   6  0.6595
   8 -0.6168
   6 -0.1004
   1  0.2588
   1  0.0703
   1  0.0531
   1  0.0531
   1  0.0531
   7 -0.7362
   6  0.4091
   6  0.0966
   8 -0.4763
   6 -0.3185
   1  0.4024
   1  0.0305
   1  0.1029
   1  0.1029
   1  0.1029
   7 -0.1552
   6 -0.2535
   6  0.6322
   8 -0.6453
   6 -0.0456
   6 -0.3513
   6  0.7496
   8 -0.7528
   8 -0.7528
   1  0.2968
   1  0.1642
   1  0.0263
   1  0.0263
   1  0.1153
   1  0.1153
   7 -0.2249
   6 -0.0133
   1  0.0507
   1  0.0507
   1  0.0507
   1  0.2664
  20  1.7867
   8 -0.7803
   1  0.3652
   1  0.3652
 rrms:    0.0468
