   6 -0.9907
   6  1.1391
   8 -0.8335
   1  0.2854
   1  0.2854
   1  0.2854
   7 -0.9709
   6  0.6966
   6 -0.0422
   8 -0.3568
   6 -0.8197
   6  1.0116
   8 -0.7998
   8 -0.7998
   1  0.3743
   1 -0.0197
   1  0.2552
   1  0.2552
   7 -0.0316
   6 -0.3921
   6  0.8456
   8 -0.6263
   6  0.2678
   6 -0.0715
   6 -0.0911
   6  0.5147
   7 -0.4415
   1  0.1367
   1  0.1206
   1 -0.0425
   1 -0.0425
   1 -0.0073
   1 -0.0073
   1  0.0571
   1  0.0571
   1 -0.0609
   1 -0.0609
   1  0.3393
   1  0.3393
   1  0.3393
   7 -0.7427
   6  0.2189
   6  0.4987
   8 -0.5473
   6 -0.7082
   6  0.7173
   8 -0.7305
   8 -0.7305
   1  0.4849
   1  0.0216
   1  0.2321
   1  0.2321
   7 -0.2995
   6 -0.1712
   6  0.8558
   8 -0.7461
   1  0.2396
   1  0.1548
   1  0.1548
   7 -0.4973
   6  0.4743
   6 -0.0061
   8 -0.5213
   6 -0.7186
   6  0.8997
   7 -0.9537
   8 -0.6406
   1  0.4199
   1 -0.1608
   1  0.2549
   1  0.2549
   1  0.4397
   1  0.4397
   7  0.1732
   6 -0.7563
   6  1.2150
   8 -0.8773
   1  0.1716
   1  0.2602
   1  0.2602
   7 -1.0135
   6  0.5284
   6  0.2983
   8 -0.4706
   6  0.0018
   6 -0.0045
   6 -0.0040
   6 -0.0040
   6 -0.5854
   6 -0.5854
   6  0.6390
   8 -0.5562
   1  0.3971
   1 -0.0094
   1  0.0032
   1  0.0032
   1  0.1335
   1  0.1335
   1  0.2508
   1  0.2508
   1  0.4013
   7 -0.2493
   6 -0.0938
   6  0.2219
   8 -0.5398
   6  0.4542
   6  0.0424
   6 -0.4533
   6 -0.1380
   1  0.0294
   1  0.1111
   1 -0.0615
   1  0.0067
   1  0.0067
   1  0.1209
   1  0.1209
   1  0.1209
   1  0.0298
   1  0.0298
   1  0.0298
   7  0.4848
   6 -0.7242
   6  0.8101
   8 -0.6175
   6  0.5771
   8 -0.6997
   1 -0.2344
   1  0.2228
   1 -0.0673
   1 -0.0673
   1  0.3793
   7 -0.3833
   6  0.1094
   6  0.5430
   8 -0.4855
   6 -0.0327
   1  0.1070
   1 -0.0051
   1  0.0377
   1  0.0377
   1  0.0377
   7 -0.6306
   6  0.2518
   6  0.2593
   8 -0.4708
   6 -0.1314
   1  0.4026
   1  0.0413
   1  0.0434
   1  0.0434
   1  0.0434
   7 -0.1956
   6 -0.1814
   6  0.6481
   8 -0.5880
   6 -0.0467
   6  0.1694
   6  0.4493
   8 -0.6711
   8 -0.6711
   1  0.1802
   1  0.0795
   1  0.0422
   1  0.0422
   1 -0.0181
   1 -0.0181
   7 -0.4927
   6  0.0538
   1  0.0392
   1  0.0392
   1  0.0392
   1  0.4033
  20  1.8385
   8 -0.5989
   1  0.3081
   1  0.3081
 rrms:    0.0519
