   6 -0.4613
   6  0.7309
   8 -0.6017
   1  0.1502
   1  0.1502
   1  0.1502
   7 -0.8667
   6  0.4248
   6  0.7600
   8 -0.5336
   6 -0.0279
   6  0.0220
   8 -0.4462
   8 -0.4462
   1  0.4404
   1 -0.1437
   1  0.0496
   1  0.0496
   7 -0.2421
   6 -0.0979
   6  0.3975
   8 -0.5853
   6  0.0107
   6 -0.0496
   6  0.0016
   6  0.2515
   7 -0.0816
   1  0.3162
   1  0.1064
   1  0.0469
   1  0.0469
   1  0.0567
   1  0.0567
   1  0.0127
   1  0.0127
   1 -0.0003
   1 -0.0003
   1  0.2695
   1  0.2695
   1  0.2695
   7 -0.2969
   6  0.6002
   6 -0.4448
   8 -0.3456
   6 -0.7057
   6  0.9406
   8 -0.7996
   8 -0.7996
   1  0.0512
   1  0.0330
   1  0.2352
   1  0.2352
   7  0.8672
   6 -0.8127
   6  0.8996
   8 -0.6317
   1 -1.1175
   1  0.3264
   1  0.3264
   7 -0.2896
   6  0.0469
   6  0.3440
   8 -0.5817
   6 -0.0977
   6  0.4057
   7 -0.8985
   8 -0.2614
   1  0.0313
   1  0.0795
   1  0.1018
   1  0.1018
   1  0.4496
   1  0.4496
   7 -0.0629
   6 -0.1121
   6  0.4058
   8 -0.5400
   1 -0.0489
   1  0.0995
   1  0.0995
   7 -0.0498
   6 -0.0482
   6  0.3306
   8 -0.4266
   6  0.0530
   6  0.1865
   6 -0.3681
   6 -0.3681
   6 -0.0112
   6 -0.0112
   6  0.1284
   8 -0.4834
   1  0.0813
   1  0.0882
   1 -0.0121
   1 -0.0121
   1  0.1806
   1  0.1806
   1  0.0999
   1  0.0999
   1  0.3970
   7 -0.2492
   6 -0.4873
   6  1.0532
   8 -0.6702
   6  0.6116
   6 -0.1522
   6 -0.6156
   6 -0.1835
   1  0.2301
   1  0.1301
   1 -0.1510
   1  0.1156
   1  0.1156
   1  0.0968
   1  0.0968
   1  0.0968
   1  0.0495
   1  0.0495
   1  0.0495
   7 -0.3494
   6 -0.2534
   6  0.4597
   8 -0.3802
   6  0.1595
   8 -0.5033
   1  0.2834
   1  0.1290
   1  0.0273
   1  0.0273
   1  0.4041
   7 -0.4240
   6  0.1798
   6  0.3881
   8 -0.5929
   6 -0.1066
   1  0.3644
   1  0.0360
   1  0.0473
   1  0.0473
   1  0.0473
   7 -0.3906
   6  0.4075
   6 -0.1932
   8 -0.4108
   6 -0.3578
   1  0.3158
   1 -0.0025
   1  0.1199
   1  0.1199
   1  0.1199
   7  0.8998
   6 -0.9712
   6  0.8818
   8 -0.6760
   6  1.1239
   6 -1.2388
   6  1.0062
   8 -0.8176
   8 -0.8176
   1 -0.3422
   1  0.3484
   1 -0.3321
   1 -0.3321
   1  0.3277
   1  0.3277
   7 -0.3607
   6 -0.0320
   1  0.0583
   1  0.0583
   1  0.0583
   1  0.0971
  20  2.0780
   8 -0.7072
   1  0.3351
   1  0.3351
 rrms:    0.0436
