   6 -0.6140
   6  0.7588
   8 -0.6315
   1  0.1844
   1  0.1844
   1  0.1844
   7 -0.4989
   6  0.4260
   6  0.2761
   8 -0.4663
   6 -0.9528
   6  0.9188
   8 -0.8583
   8 -0.8583
   1  0.3198
   1 -0.0850
   1  0.2651
   1  0.2651
   7 -0.2273
   6 -0.2477
   6  0.6677
   8 -0.6726
   6  0.0586
   6  0.1834
   6 -0.1848
   6  0.4158
   7 -0.2565
   1  0.2655
   1  0.1271
   1  0.0070
   1  0.0070
   1 -0.0277
   1 -0.0277
   1  0.0666
   1  0.0666
   1 -0.0645
   1 -0.0645
   1  0.2438
   1  0.2438
   1  0.2438
   7 -0.5535
   6  0.6152
   6 -0.0660
   8 -0.4067
   6 -0.7091
   6  1.0197
   8 -0.8388
   8 -0.8388
   1  0.3125
   1 -0.0105
   1  0.1904
   1  0.1904
   7 -0.0015
   6 -0.2748
   6  0.6140
   8 -0.6147
   1  0.1331
   1  0.1524
   1  0.1524
   7 -0.3624
   6  0.0690
   6  0.2858
   8 -0.3722
   6 -0.1035
   6  0.5032
   7 -0.7357
   8 -0.5716
   1  0.2105
   1  0.0152
   1  0.0692
   1  0.0692
   1  0.3615
   1  0.3615
   7 -0.1904
   6 -0.0832
   6  0.7055
   8 -0.6217
   1  0.2562
   1  0.0803
   1  0.0803
   7 -0.6123
   6  0.3704
   6  0.2269
   8 -0.4756
   6 -0.3129
   6  0.2822
   6 -0.3337
   6 -0.3337
   6 -0.1971
   6 -0.1971
   6  0.3173
   8 -0.5211
   1  0.4037
   1 -0.0695
   1  0.1124
   1  0.1124
   1  0.1738
   1  0.1738
   1  0.1506
   1  0.1506
   1  0.3947
   7  0.0236
   6 -0.9347
   6  1.0918
   8 -0.6313
   6  0.6681
   6 -0.3626
   6 -0.6205
   6  0.0066
   1  0.1975
   1  0.2787
   1 -0.1543
   1  0.1372
   1  0.1372
   1  0.1635
   1  0.1635
   1  0.1635
   1 -0.0068
   1 -0.0068
   1 -0.0068
   7 -0.2453
   6 -0.5415
   6  0.9082
   8 -0.5740
   6  0.4379
   8 -0.5930
   1  0.1352
   1  0.1682
   1 -0.1004
   1 -0.1004
   1  0.3890
   7 -0.4690
   6  0.1542
   6  0.3760
   8 -0.5412
   6 -0.4223
   1  0.4601
   1  0.1733
   1  0.1327
   1  0.1327
   1  0.1327
   7 -0.5624
   6  0.4031
   6  0.3327
   8 -0.5797
   6 -0.4672
   1  0.3683
   1 -0.1826
   1  0.1564
   1  0.1564
   1  0.1564
   7 -0.3355
   6 -0.2968
   6  0.6472
   8 -0.5681
   6  0.1573
   6 -0.5416
   6  0.7875
   8 -0.6904
   8 -0.6904
   1  0.2933
   1  0.2545
   1 -0.0332
   1 -0.0332
   1  0.1276
   1  0.1276
   7 -0.3566
   6  0.0313
   1  0.0388
   1  0.0388
   1  0.0388
   1  0.3538
  20  2.0052
   8 -0.6358
   1  0.3141
   1  0.3141
 rrms:    0.0444
