   6 -0.6280
   6  0.8233
   8 -0.6235
   1  0.1875
   1  0.1875
   1  0.1875
   7 -0.7907
   6  0.5390
   6  0.2002
   8 -0.4447
   6 -0.3421
   6  0.5954
   8 -1.0041
   8 -1.0041
   1  0.4410
   1 -0.0320
   1  0.1353
   1  0.1353
   7  0.5943
   6 -0.6597
   6  0.6481
   8 -0.6553
   6  0.5257
   6 -0.4022
   6 -0.1309
   6  0.3797
   7 -0.3619
   1 -0.3997
   1  0.2188
   1 -0.0305
   1 -0.0305
   1  0.1645
   1  0.1645
   1  0.0529
   1  0.0529
   1 -0.0142
   1 -0.0142
   1  0.3477
   1  0.3477
   1  0.3477
   7 -0.3334
   6  0.4494
   6 -0.0632
   8 -0.4387
   6 -0.6335
   6  0.7424
   8 -0.7292
   8 -0.7292
   1 -0.0400
   1 -0.0188
   1  0.1835
   1  0.1835
   7 -0.0429
   6 -0.4109
   6  0.6448
   8 -0.5925
   1  0.0467
   1  0.1631
   1  0.1631
   7 -0.4014
   6 -0.1863
   6  0.4147
   8 -0.5950
   6 -0.0330
   6  0.3774
   7 -0.7689
   8 -0.4006
   1  1.3077
   1  0.1549
   1  0.0159
   1  0.0159
   1  0.3874
   1  0.3874
   7 -0.1842
   6 -0.1570
   6  0.3926
   8 -0.5477
   1  0.1746
   1  0.1195
   1  0.1195
   7 -0.0403
   6 -0.5440
   6  0.6762
   8 -0.6567
   6  0.3946
   6 -0.3425
   6  0.0859
   6  0.0859
   6 -0.3874
   6 -0.3874
   6  0.4649
   8 -0.5186
   1  0.2815
   1  0.2272
   1 -0.0654
   1 -0.0654
   1  0.0784
   1  0.0784
   1  0.1757
   1  0.1757
   1  0.4044
   7 -0.3708
   6 -0.0544
   6  0.5339
   8 -0.5389
   6  0.2050
   6  0.0155
   6 -0.2107
   6 -0.2918
   1  0.2404
   1  0.1131
   1 -0.0526
   1  0.0552
   1  0.0552
   1  0.0272
   1  0.0272
   1  0.0272
   1  0.0747
   1  0.0747
   1  0.0747
   7 -0.1122
   6 -0.1746
   6  0.3937
   8 -0.2756
   6  0.3617
   8 -0.5678
   1  0.0332
   1  0.0513
   1 -0.0350
   1 -0.0350
   1  0.4019
   7 -0.2708
   6  0.0168
   6  0.5852
   8 -0.6375
   6 -0.0587
   1  0.2759
   1  0.0547
   1  0.0338
   1  0.0338
   1  0.0338
   7 -0.4284
   6  0.2592
   6  0.1924
   8 -0.5186
   6 -0.4613
   1  0.2984
   1  0.0195
   1  0.1533
   1  0.1533
   1  0.1533
   7  0.0641
   6 -0.0580
   6  0.3061
   8 -0.5517
   6  0.1155
   6 -0.2556
   6  0.5424
   8 -0.5920
   8 -0.5920
   1  0.1314
   1  0.1098
   1 -0.0252
   1 -0.0252
   1  0.0238
   1  0.0238
   7 -0.0683
   6 -0.2142
   1  0.1074
   1  0.1074
   1  0.1074
   1  0.0271
  20  1.8646
   8 -0.7868
   1  0.3686
   1  0.3686
 rrms:    0.0500
