   6 -0.6764
   6  0.7008
   8 -0.6303
   1  0.2006
   1  0.2006
   1  0.2006
   7 -0.3263
   6  0.3740
   6  0.6085
   8 -0.5354
   6 -0.9760
   6  1.1410
   8 -0.9138
   8 -0.9138
   1  0.2273
   1 -0.0552
   1  0.2399
   1  0.2399
   7 -0.7572
   6  0.4348
   6  0.3328
   8 -0.5902
   6 -0.3944
   6  0.1873
   6 -0.3017
   6  0.5006
   7 -0.1237
   1  0.4083
   1 -0.0379
   1  0.1295
   1  0.1295
   1 -0.0579
   1 -0.0579
   1  0.1203
   1  0.1203
   1 -0.0911
   1 -0.0911
   1  0.2030
   1  0.2030
   1  0.2030
   7 -0.4459
   6  0.5623
   6 -0.1474
   8 -0.3929
   6 -0.6521
   6  0.8962
   8 -0.8375
   8 -0.8375
   1  0.3701
   1  0.0078
   1  0.1839
   1  0.1839
   7  0.1055
   6 -0.3989
   6  0.5696
   8 -0.5729
   1  0.1316
   1  0.1723
   1  0.1723
   7 -0.2655
   6  0.1300
   6  0.1948
   8 -0.2762
   6 -0.3082
   6  0.6006
   7 -0.8416
   8 -0.5963
   1  0.1641
   1  0.0163
   1  0.1440
   1  0.1440
   1  0.3925
   1  0.3925
   7 -0.2755
   6  0.0527
   6  0.4460
   8 -0.5845
   1  0.3093
   1  0.0464
   1  0.0464
   7 -0.1655
   6 -0.0033
   6  0.4646
   8 -0.5516
   6 -0.0805
   6  0.0535
   6 -0.1480
   6 -0.1480
   6 -0.3784
   6 -0.3784
   6  0.4999
   8 -0.5386
   1  0.2787
   1  0.0146
   1  0.0317
   1  0.0317
   1  0.1535
   1  0.1535
   1  0.1829
   1  0.1829
   1  0.4012
   7 -0.1746
   6 -0.9153
   6  1.0166
   8 -0.5881
   6  0.6195
   6 -0.6755
   6 -0.2567
   6 -0.0614
   1  0.2580
   1  0.3120
   1 -0.1153
   1  0.2617
   1  0.2617
   1  0.0955
   1  0.0955
   1  0.0955
   1  0.0230
   1  0.0230
   1  0.0230
   7 -0.4893
   6 -0.3035
   6  0.7344
   8 -0.5830
   6  0.1030
   8 -0.4838
   1  0.3194
   1  0.1322
   1  0.0050
   1  0.0050
   1  0.3936
   7 -0.3443
   6  0.2300
   6  0.4999
   8 -0.5752
   6 -0.5371
   1  0.3343
   1  0.0734
   1  0.1639
   1  0.1639
   1  0.1639
   7 -0.6401
   6  0.3793
   6  0.4025
   8 -0.5508
   6 -0.3509
   1  0.3665
   1 -0.0914
   1  0.1247
   1  0.1247
   1  0.1247
   7 -0.6051
   6  0.1009
   6  0.5920
   8 -0.5837
   6  0.0738
   6 -0.2995
   6  0.7457
   8 -0.6917
   8 -0.6917
   1  0.3371
   1  0.0372
   1 -0.0037
   1 -0.0037
   1  0.0324
   1  0.0324
   7 -0.3988
   6  0.0899
   1  0.0293
   1  0.0293
   1  0.0293
   1  0.3576
  20  1.9397
   8 -0.6085
   1  0.3162
   1  0.3162
 rrms:    0.0437
