   6 -0.6632
   6  0.6930
   8 -0.6500
   1  0.2024
   1  0.2024
   1  0.2024
   7 -0.4974
   6  0.3587
   6  0.0782
   8 -0.4153
   6 -0.2335
   6  0.5387
   8 -0.6757
   8 -0.6757
   1  0.3582
   1 -0.0453
   1  0.1249
   1  0.1249
   7  0.4611
   6 -0.9227
   6  0.8158
   8 -0.6536
   6  0.5860
   6 -0.4664
   6  0.1331
   6  0.1907
   7 -0.1150
   1 -0.3161
   1  0.3267
   1 -0.0435
   1 -0.0435
   1  0.1766
   1  0.1766
   1 -0.0211
   1 -0.0211
   1  0.0341
   1  0.0341
   1  0.2813
   1  0.2813
   1  0.2813
   7 -0.6368
   6  0.9493
   6 -0.1545
   8 -0.4531
   6 -0.6341
   6  0.8351
   8 -0.7193
   8 -0.7193
   1  0.3531
   1 -0.1114
   1  0.1633
   1  0.1633
   7  0.2419
   6 -0.0263
   6  0.2902
   8 -0.5072
   1 -0.3946
   1  0.1157
   1  0.1157
   7  0.0500
   6 -0.2306
   6  0.5567
   8 -0.5453
   6 -0.0671
   6  0.2917
   7 -0.8185
   8 -0.6454
   1 -0.3693
   1  0.1490
   1  0.1140
   1  0.1140
   1  0.4164
   1  0.4164
   7 -0.0328
   6 -0.5380
   6  0.8222
   8 -0.6402
   1  0.1353
   1  0.2120
   1  0.2120
   7 -0.7523
   6  0.0978
   6  0.9196
   8 -0.7534
   6 -0.3456
   6  0.2420
   6 -0.1353
   6 -0.1353
   6 -0.2644
   6 -0.2644
   6  0.3967
   8 -0.5457
   1  0.4586
   1  0.0710
   1  0.1196
   1  0.1196
   1  0.1509
   1  0.1509
   1  0.1714
   1  0.1714
   1  0.3931
   7 -1.0002
   6  0.0716
   6  0.9207
   8 -0.6117
   6  0.2245
   6  0.2656
   6 -0.2523
   6 -0.2573
   1  0.3842
   1  0.1334
   1 -0.0676
   1 -0.0449
   1 -0.0449
   1  0.0205
   1  0.0205
   1  0.0205
   1  0.0706
   1  0.0706
   1  0.0706
   7 -0.5787
   6  0.1215
   6  0.0948
   8 -0.1839
   6  0.1010
   8 -0.4484
   1  0.2195
   1  0.0136
   1  0.0330
   1  0.0330
   1  0.3168
   7 -0.0792
   6 -0.0300
   6  0.5570
   8 -0.6256
   6 -0.0252
   1  0.2149
   1  0.0561
   1  0.0267
   1  0.0267
   1  0.0267
   7 -0.4189
   6  0.3733
   6  0.0209
   8 -0.4501
   6 -0.3838
   1  0.2984
   1 -0.0332
   1  0.1169
   1  0.1169
   1  0.1169
   7  0.3246
   6 -0.0865
   6  0.2429
   8 -0.5720
   6  0.4752
   6 -0.9632
   6  1.2357
   8 -0.9276
   8 -0.9276
   1  0.1239
   1  0.1694
   1 -0.1727
   1 -0.1727
   1  0.2422
   1  0.2422
   7 -0.0304
   6 -0.0308
   1  0.0572
   1  0.0572
   1  0.0572
   1 -0.1342
  20  2.1918
   8 -0.6309
   1  0.3319
   1  0.3319
 rrms:    0.0363
