   6 -0.3658
   6  0.6547
   8 -0.6237
   1  0.1226
   1  0.1226
   1  0.1226
   7 -0.5256
   6  0.3837
   6  0.2482
   8 -0.4892
   6 -0.6283
   6  0.7370
   8 -0.6947
   8 -0.6947
   1  0.3015
   1 -0.0443
   1  0.1961
   1  0.1961
   7  0.0339
   6 -0.3622
   6  1.0315
   8 -0.7166
   6  0.2155
   6  0.1106
   6 -0.3988
   6  0.4167
   7 -0.2048
   1  0.0488
   1  0.1943
   1 -0.0939
   1 -0.0939
   1 -0.0250
   1 -0.0250
   1  0.1342
   1  0.1342
   1 -0.0224
   1 -0.0224
   1  0.3004
   1  0.3004
   1  0.3004
   7 -1.3313
   6  1.0892
   6  0.1876
   8 -0.4899
   6 -1.2285
   6  1.1221
   8 -0.8279
   8 -0.8279
   1  0.6858
   1 -0.0494
   1  0.3253
   1  0.3253
   7 -0.6804
   6  0.7844
   6  0.1436
   8 -0.4175
   1  0.2077
   1 -0.1131
   1 -0.1131
   7 -0.2678
   6  0.0742
   6  0.3763
   8 -0.5047
   6 -0.3989
   6  0.7234
   7 -0.9079
   8 -0.5967
   1  0.1583
   1  0.0623
   1  0.1970
   1  0.1970
   1  0.4193
   1  0.4193
   7 -0.4209
   6  0.0118
   6  0.6289
   8 -0.5926
   1  0.3960
   1  0.0798
   1  0.0798
   7 -0.6442
   6  0.1442
   6  0.4955
   8 -0.6274
   6 -0.5387
   6  0.2060
   6 -0.1017
   6 -0.1017
   6 -0.4838
   6 -0.4838
   6  0.6315
   8 -0.6531
   1  0.3397
   1  0.0743
   1  0.1602
   1  0.1602
   1  0.1592
   1  0.1592
   1  0.2062
   1  0.2062
   1  0.4561
   7 -0.5062
   6 -0.4169
   6  0.7973
   8 -0.6299
   6  0.1684
   6 -0.0818
   6 -0.5694
   6 -0.0336
   1  0.4697
   1  0.2312
   1  0.0186
   1  0.0614
   1  0.0614
   1  0.1547
   1  0.1547
   1  0.1547
   1  0.0159
   1  0.0159
   1  0.0159
   7 -0.1015
   6 -0.6598
   6  0.9358
   8 -0.6821
   6  0.3898
   8 -0.6702
   1  0.4098
   1  0.2447
   1 -0.0419
   1 -0.0419
   1  0.4506
   7 -0.6411
   6  0.4579
   6  0.1494
   8 -0.5099
   6 -0.3359
   1  0.3154
   1  0.0275
   1  0.1023
   1  0.1023
   1  0.1023
   7 -0.2365
   6  0.2910
   6  0.5345
   8 -0.6119
   6 -0.0891
   1  0.1140
   1 -0.0115
   1  0.0382
   1  0.0382
   1  0.0382
   7 -0.5370
   6  0.3132
   6  0.0923
   8 -0.4671
   6 -0.0579
   6 -0.5561
   6  0.8917
   8 -0.7908
   8 -0.7908
   1  0.3317
   1  0.0944
   1  0.0192
   1  0.0192
   1  0.1567
   1  0.1567
   7  0.0223
   6 -0.1848
   1  0.0967
   1  0.0967
   1  0.0967
   1  0.1343
  20  1.6986
   8 -0.6871
   1  0.3478
   1  0.3478
 rrms:    0.0485
