   6 -0.5986
   6  1.0099
   8 -0.7812
   1  0.1834
   1  0.1834
   1  0.1834
   7 -1.1292
   6  1.0867
   6 -0.5234
   8 -0.2297
   6 -1.0808
   6  0.8842
   8 -0.7801
   8 -0.7801
   1  0.5307
   1 -0.1653
   1  0.3498
   1  0.3498
   7  0.2470
   6 -0.1281
   6  0.5000
   8 -0.5607
   6  0.1351
   6 -0.1448
   6 -0.0347
   6  0.3649
   7 -0.5523
   1  0.0114
   1  0.1142
   1 -0.0268
   1 -0.0268
   1  0.0190
   1  0.0190
   1  0.0601
   1  0.0601
   1  0.0171
   1  0.0171
   1  0.4002
   1  0.4002
   1  0.4002
   7 -0.2936
   6  0.3280
   6  0.2353
   8 -0.3873
   6 -0.8182
   6  1.0531
   8 -0.8327
   8 -0.8327
   1  0.1481
   1 -0.0279
   1  0.2227
   1  0.2227
   7 -0.2304
   6 -0.2257
   6  0.6047
   8 -0.5594
   1  0.2743
   1  0.1569
   1  0.1569
   7 -0.7245
   6  0.4808
   6  0.2743
   8 -0.4824
   6 -0.7399
   6  1.0266
   7 -0.9097
   8 -0.7226
   1  0.2812
   1 -0.0558
   1  0.2257
   1  0.2257
   1  0.4106
   1  0.4106
   7 -0.1270
   6 -0.4011
   6  0.7279
   8 -0.6033
   1  0.3562
   1  0.1824
   1  0.1824
   7 -0.6246
   6  0.3222
   6  0.0411
   8 -0.4697
   6 -0.4076
   6  0.1761
   6 -0.1327
   6 -0.1327
   6 -0.4144
   6 -0.4144
   6  0.5753
   8 -0.6679
   1  0.3540
   1  0.0418
   1  0.1275
   1  0.1275
   1  0.1504
   1  0.1504
   1  0.1905
   1  0.1905
   1  0.4677
   7 -0.0809
   6 -0.1016
   6  0.3383
   8 -0.4180
   6  0.4224
   6  0.1084
   6 -0.5766
   6 -0.1064
   1  0.2147
   1  0.0447
   1 -0.1280
   1 -0.0234
   1 -0.0234
   1  0.1283
   1  0.1283
   1  0.1283
   1  0.0268
   1  0.0268
   1  0.0268
   7 -0.0051
   6 -0.2646
   6  0.4957
   8 -0.5202
   6  0.4809
   8 -0.6145
   1  0.1945
   1  0.1532
   1 -0.0855
   1 -0.0855
   1  0.4173
   7 -0.4429
   6  0.1888
   6  0.4066
   8 -0.5619
   6 -0.4802
   1  0.3811
   1  0.0928
   1  0.1538
   1  0.1538
   1  0.1538
   7 -0.4843
   6  0.4190
   6  0.3862
   8 -0.5501
   6 -0.1179
   1  0.1392
   1 -0.0529
   1  0.0433
   1  0.0433
   1  0.0433
   7 -0.4195
   6  0.2732
   6  0.1709
   8 -0.5110
   6  0.3599
   6 -0.6326
   6  0.9253
   8 -0.7761
   8 -0.7761
   1  0.3092
   1  0.0464
   1 -0.1415
   1 -0.1415
   1  0.1317
   1  0.1317
   7 -0.0576
   6 -0.1667
   1  0.0965
   1  0.0965
   1  0.0965
   1  0.1713
  20  1.7509
   8 -0.7121
   1  0.3550
   1  0.3550
 rrms:    0.0499
