   6 -0.5486
   6  0.6643
   8 -0.6189
   1  0.1730
   1  0.1730
   1  0.1730
   7 -0.5502
   6  0.3404
   6  0.2551
   8 -0.5064
   6 -0.3304
   6  0.7603
   8 -0.8451
   8 -0.8451
   1  0.3510
   1 -0.1583
   1  0.1258
   1  0.1258
   7 -0.0716
   6 -0.2625
   6  0.7038
   8 -0.6340
   6  0.2799
   6 -0.0692
   6 -0.2050
   6  0.4035
   7 -0.2096
   1  0.1192
   1  0.1361
   1 -0.0354
   1 -0.0354
   1  0.0454
   1  0.0454
   1  0.0798
   1  0.0798
   1 -0.0571
   1 -0.0571
   1  0.3123
   1  0.3123
   1  0.3123
   7 -0.6322
   6  0.4945
   6  0.0312
   8 -0.4628
   6 -0.6638
   6  0.7083
   8 -0.6993
   8 -0.6993
   1  0.2465
   1 -0.0006
   1  0.1977
   1  0.1977
   7  0.0764
   6 -0.5209
   6  0.5407
   8 -0.6087
   1  0.0740
   1  0.2412
   1  0.2412
   7 -0.1295
   6  0.0139
   6  0.1583
   8 -0.4490
   6  0.0103
   6  0.4392
   7 -0.5598
   8 -0.4689
   1  0.2928
   1  0.0958
   1  0.0324
   1  0.0324
   1  0.3417
   1  0.3417
   7  0.0537
   6 -0.4054
   6  0.6671
   8 -0.6119
   1  0.1578
   1  0.1748
   1  0.1748
   7 -0.3662
   6 -0.1077
   6  0.6480
   8 -0.5953
   6 -0.0301
   6  0.0580
   6 -0.0670
   6 -0.0670
   6 -0.4513
   6 -0.4513
   6  0.5741
   8 -0.5631
   1  0.0504
   1  0.1195
   1 -0.0013
   1 -0.0013
   1  0.1214
   1  0.1214
   1  0.1952
   1  0.1952
   1  0.4166
   7 -0.4651
   6 -0.0942
   6  0.6160
   8 -0.5474
   6  0.2044
   6 -0.1891
   6 -0.3141
   6 -0.4061
   1  0.3479
   1  0.1507
   1 -0.0168
   1  0.0831
   1  0.0831
   1  0.0606
   1  0.0606
   1  0.0606
   1  0.1655
   1  0.1655
   1  0.1655
   7 -0.0979
   6 -0.2895
   6  0.5176
   8 -0.3600
   6  0.1633
   8 -0.5050
   1 -0.0287
   1  0.1019
   1  0.0425
   1  0.0425
   1  0.3495
   7 -0.3282
   6  0.1043
   6  0.5024
   8 -0.6112
   6 -0.1743
   1  0.3354
   1  0.0548
   1  0.0649
   1  0.0649
   1  0.0649
   7 -0.2796
   6  0.0786
   6  0.1455
   8 -0.4823
   6 -0.0606
   1  0.2568
   1  0.0677
   1  0.0349
   1  0.0349
   1  0.0349
   7  0.5598
   6 -0.9102
   6  0.7736
   8 -0.6326
   6  1.0560
   6 -0.9698
   6  1.1618
   8 -0.8577
   8 -0.8577
   1 -0.0503
   1  0.3115
   1 -0.3827
   1 -0.3827
   1  0.2631
   1  0.2631
   7 -0.2848
   6 -0.1315
   1  0.0906
   1  0.0906
   1  0.0906
   1  0.0452
  20  1.9331
   8 -0.6616
   1  0.3265
   1  0.3265
 rrms:    0.0466
