   6 -0.7331
   6  0.6757
   8 -0.5399
   1  0.2223
   1  0.2223
   1  0.2223
   7 -0.3843
   6  0.0722
   6  0.5754
   8 -0.5320
   6 -0.0067
   6  0.3641
   8 -0.6871
   8 -0.6871
   1  0.3246
   1 -0.0585
   1  0.0917
   1  0.0917
   7  0.3788
   6 -0.0137
   6  0.3235
   8 -0.5376
   6  0.3068
   6  0.0316
   6  0.0613
   6  0.3412
   7 -0.3196
   1 -0.3077
   1  0.0388
   1 -0.0456
   1 -0.0456
   1  0.0237
   1  0.0237
   1  0.0013
   1  0.0013
   1 -0.0553
   1 -0.0553
   1  0.3371
   1  0.3371
   1  0.3371
   7 -0.2109
   6  1.1594
   6 -0.9273
   8 -0.2782
   6 -0.7854
   6  0.7305
   8 -0.6776
   8 -0.6776
   1  0.2514
   1 -0.0747
   1  0.2636
   1  0.2636
   7  1.4963
   6 -0.7609
   6  0.6314
   8 -0.5412
   1 -2.2792
   1  0.3350
   1  0.3350
   7 -0.2561
   6 -0.1891
   6  0.3603
   8 -0.5403
   6 -0.2714
   6  0.3809
   7 -0.6069
   8 -0.2252
   1  0.1207
   1  0.1871
   1  0.1721
   1  0.1721
   1  0.3452
   1  0.3452
   7 -0.1550
   6 -0.3238
   6  0.6132
   8 -0.6385
   1  0.2602
   1  0.1605
   1  0.1605
   7 -0.2685
   6 -0.2831
   6  0.8021
   8 -0.4716
   6 -0.1129
   6  0.4113
   6 -0.4622
   6 -0.4622
   6 -0.0628
   6 -0.0628
   6  0.2181
   8 -0.5613
   1  0.2247
   1  0.1450
   1  0.0425
   1  0.0425
   1  0.2186
   1  0.2186
   1  0.1282
   1  0.1282
   1  0.4272
   7 -0.6648
   6  0.1366
   6  0.3744
   8 -0.4961
   6  0.0573
   6  0.3370
   6 -0.1830
   6 -0.3392
   1  0.3628
   1  0.0432
   1  0.0405
   1 -0.0596
   1 -0.0596
   1  0.0528
   1  0.0528
   1  0.0528
   1  0.0858
   1  0.0858
   1  0.0858
   7  0.0931
   6 -0.2179
   6  0.2091
   8 -0.1505
   6  0.4431
   8 -0.4790
   1 -0.6000
   1  0.1181
   1 -0.0642
   1 -0.0642
   1  0.3284
   7 -0.1263
   6  0.0166
   6  0.6920
   8 -0.6440
   6 -0.1538
   1  0.3350
   1  0.0725
   1  0.0468
   1  0.0468
   1  0.0468
   7 -0.6475
   6  0.5330
   6 -0.0895
   8 -0.4381
   6 -0.4561
   1  0.3568
   1 -0.0608
   1  0.1455
   1  0.1455
   1  0.1455
   7  0.4438
   6 -0.2996
   6  0.4489
   8 -0.6081
   6  0.5367
   6 -0.3849
   6  0.5929
   8 -0.5223
   8 -0.5223
   1  0.0282
   1  0.1659
   1 -0.1621
   1 -0.1621
   1  0.1012
   1  0.1012
   7 -0.0537
   6 -0.1199
   1  0.0775
   1  0.0775
   1  0.0775
   1 -0.2621
  20  1.9404
   8 -0.6927
   1  0.3346
   1  0.3346
 rrms:    0.0473
