   6 -0.6080
   6  0.6035
   8 -0.5901
   1  0.1881
   1  0.1881
   1  0.1881
   7 -0.4060
   6  0.0358
   6  0.6285
   8 -0.5603
   6 -0.1900
   6  0.1917
   8 -0.5904
   8 -0.5904
   1  0.2979
   1  0.0615
   1  0.0978
   1  0.0978
   7 -0.0800
   6 -0.6197
   6  0.7876
   8 -0.6988
   6  0.8182
   6 -0.2499
   6  0.3009
   6  0.1788
   7 -0.2061
   1 -0.0659
   1  0.2160
   1 -0.2546
   1 -0.2546
   1  0.0705
   1  0.0705
   1 -0.0793
   1 -0.0793
   1  0.0203
   1  0.0203
   1  0.3013
   1  0.3013
   1  0.3013
   7 -0.4924
   6  0.5129
   6  0.0254
   8 -0.4589
   6 -0.6247
   6  0.8409
   8 -0.7698
   8 -0.7698
   1  0.2933
   1  0.0065
   1  0.1736
   1  0.1736
   7 -0.1196
   6 -0.0649
   6  0.5120
   8 -0.5833
   1  0.1755
   1  0.0909
   1  0.0909
   7 -0.4488
   6  0.5219
   6 -0.3056
   8 -0.4130
   6 -0.8759
   6  0.9848
   7 -0.8822
   8 -0.6256
   1  0.3239
   1  0.0121
   1  0.2999
   1  0.2999
   1  0.4581
   1  0.4581
   7  0.4140
   6 -0.6124
   6  0.8946
   8 -0.6489
   1 -0.1528
   1  0.1999
   1  0.1999
   7 -0.4926
   6 -0.3166
   6  1.4995
   8 -0.7761
   6  0.3040
   6 -0.1365
   6 -0.0608
   6 -0.0608
   6 -0.4318
   6 -0.4318
   6  0.5436
   8 -0.5577
   1  0.4307
   1  0.1965
   1 -0.1479
   1 -0.1479
   1  0.1429
   1  0.1429
   1  0.1984
   1  0.1984
   1  0.4048
   7 -1.3469
   6  0.5515
   6  0.0922
   8 -0.3845
   6 -0.1538
   6  0.7041
   6 -0.0030
   6 -0.6110
   1  0.5396
   1  0.0217
   1  0.1210
   1 -0.1631
   1 -0.1631
   1 -0.0193
   1 -0.0193
   1 -0.0193
   1  0.1507
   1  0.1507
   1  0.1507
   7 -0.0453
   6 -0.0728
   6  0.2475
   8 -0.2926
   6  0.4426
   8 -0.5262
   1 -0.2757
   1  0.0618
   1 -0.0781
   1 -0.0781
   1  0.4126
   7 -0.4291
   6  0.3196
   6  0.2723
   8 -0.5655
   6 -0.2427
   1  0.3699
   1  0.0323
   1  0.0836
   1  0.0836
   1  0.0836
   7 -0.2771
   6  0.4341
   6 -0.1154
   8 -0.4239
   6 -0.3815
   1  0.2929
   1 -0.0266
   1  0.1243
   1  0.1243
   1  0.1243
   7  0.4940
   6 -0.4270
   6  0.5663
   8 -0.6226
   6  0.4630
   6 -0.5406
   6  0.4708
   8 -0.5373
   8 -0.5373
   1 -0.1391
   1  0.2125
   1 -0.0688
   1 -0.0688
   1  0.1908
   1  0.1908
   7 -0.2973
   6  0.1066
   1  0.0119
   1  0.0119
   1  0.0119
   1  0.0692
  20  1.6812
   8 -0.5687
   1  0.2957
   1  0.2957
 rrms:    0.0561
