   6 -0.8069
   6  0.9574
   8 -0.6436
   1  0.2361
   1  0.2361
   1  0.2361
   7 -0.9118
   6  0.6275
   6 -0.0485
   8 -0.3963
   6 -0.5212
   6  0.5292
   8 -0.7616
   8 -0.7616
   1  0.4870
   1 -0.1301
   1  0.1828
   1  0.1828
   7  0.0657
   6 -0.4691
   6  0.8326
   8 -0.6755
   6  0.4721
   6 -0.1319
   6  0.0364
   6  0.3952
   7 -0.3427
   1 -0.0332
   1  0.1901
   1 -0.1210
   1 -0.1210
   1  0.0124
   1  0.0124
   1  0.0170
   1  0.0170
   1 -0.0408
   1 -0.0408
   1  0.3449
   1  0.3449
   1  0.3449
   7 -0.7552
   6  0.9114
   6 -0.1502
   8 -0.4340
   6 -1.0214
   6  1.0511
   8 -0.9719
   8 -0.9719
   1  0.2610
   1 -0.0997
   1  0.2441
   1  0.2441
   7 -0.0872
   6 -0.1731
   6  0.5267
   8 -0.5997
   1  0.1658
   1  0.1315
   1  0.1315
   7 -0.3685
   6  0.1245
   6  0.3019
   8 -0.5277
   6 -0.3840
   6  0.6953
   7 -0.9006
   8 -0.5494
   1  0.3601
   1  0.1093
   1  0.1329
   1  0.1329
   1  0.4366
   1  0.4366
   7 -0.0879
   6 -0.2280
   6  0.5759
   8 -0.6276
   1  0.2410
   1  0.1311
   1  0.1311
   7 -0.1173
   6 -0.2405
   6  0.7751
   8 -0.9329
   6 -0.0105
   6 -0.2544
   6  0.2191
   6  0.2191
   6 -0.6577
   6 -0.6577
   6  0.7341
   8 -0.5988
   1 -0.0679
   1  0.1484
   1  0.0492
   1  0.0492
   1  0.0774
   1  0.0774
   1  0.2248
   1  0.2248
   1  0.4326
   7 -0.6761
   6  0.0357
   6  0.7123
   8 -0.6036
   6 -0.0116
   6  0.4041
   6 -0.1272
   6 -0.3954
   1  0.3742
   1  0.1340
   1  0.0146
   1 -0.0632
   1 -0.0632
   1 -0.0052
   1 -0.0052
   1 -0.0052
   1  0.0993
   1  0.0993
   1  0.0993
   7 -0.2728
   6  0.0222
   6  0.1701
   8 -0.2541
   6  0.0856
   8 -0.2446
   1  0.1197
   1  0.0651
   1  0.0227
   1  0.0227
   1  0.3307
   7 -0.3405
   6  0.1960
   6  0.3747
   8 -0.5932
   6 -0.3415
   1  0.3412
   1  0.0500
   1  0.1096
   1  0.1096
   1  0.1096
   7 -0.1216
   6  0.0068
   6  0.2634
   8 -0.5156
   6 -0.0713
   1  0.0881
   1  0.0556
   1  0.0499
   1  0.0499
   1  0.0499
   7  0.1400
   6 -0.1713
   6  0.3341
   8 -0.5599
   6  0.3495
   6 -0.3892
   6  0.4600
   8 -0.6774
   8 -0.6774
   1  0.0457
   1  0.1270
   1 -0.0855
   1 -0.0855
   1  0.1107
   1  0.1107
   7 -0.0787
   6 -0.0424
   1  0.0561
   1  0.0561
   1  0.0561
   1 -0.0503
  20  3.1720
   8 -0.9036
   1  0.3568
   1  0.3568
 rrms:    0.0454
