   6 -0.6534
   6  0.6669
   8 -0.6071
   1  0.1992
   1  0.1992
   1  0.1992
   7 -0.5967
   6  0.2489
   6  0.5865
   8 -0.6082
   6 -0.5133
   6  0.6127
   8 -0.7384
   8 -0.7384
   1  0.4170
   1  0.0882
   1  0.1787
   1  0.1787
   7 -0.4678
   6  0.4472
   6  0.1748
   8 -0.5422
   6 -0.3803
   6  0.3909
   6 -0.2586
   6  0.5434
   7 -0.4286
   1  0.0186
   1 -0.0614
   1  0.1353
   1  0.1353
   1 -0.0886
   1 -0.0886
   1  0.0878
   1  0.0878
   1 -0.0744
   1 -0.0744
   1  0.3566
   1  0.3566
   1  0.3566
   7 -0.0884
   6  0.3081
   6  0.0104
   8 -0.4487
   6 -0.5688
   6  0.7734
   8 -0.7429
   8 -0.7429
   1  0.1291
   1  0.0723
   1  0.1687
   1  0.1687
   7  0.0426
   6 -0.0005
   6  0.2744
   8 -0.5294
   1  0.0038
   1  0.0643
   1  0.0643
   7  0.0861
   6 -0.3974
   6  0.5063
   8 -0.5678
   6 -0.0054
   6  0.2763
   7 -0.5480
   8 -0.1970
   1  0.1177
   1  0.2086
   1  0.0794
   1  0.0794
   1  0.3116
   1  0.3116
   7 -0.1285
   6 -0.3321
   6  0.5804
   8 -0.6225
   1  0.1715
   1  0.1585
   1  0.1585
   7 -0.2531
   6 -0.2617
   6  0.8625
   8 -0.6759
   6 -0.0305
   6  0.0725
   6 -0.1204
   6 -0.1204
   6 -0.3404
   6 -0.3404
   6  0.4660
   8 -0.5773
   1  0.1590
   1  0.1508
   1  0.0181
   1  0.0181
   1  0.1306
   1  0.1306
   1  0.1697
   1  0.1697
   1  0.4192
   7 -0.6875
   6 -0.0496
   6  0.8113
   8 -0.6114
   6  0.1049
   6  0.0506
   6 -0.1677
   6 -0.3581
   1  0.3310
   1  0.0277
   1  0.0229
   1  0.0668
   1  0.0668
   1  0.0094
   1  0.0094
   1  0.0094
   1  0.1035
   1  0.1035
   1  0.1035
   7 -0.4090
   6  0.0076
   6  0.2061
   8 -0.2553
   6  0.0769
   8 -0.2639
   1  0.1670
   1  0.0659
   1  0.0255
   1  0.0255
   1  0.4007
   7 -0.2134
   6  0.0364
   6  0.5849
   8 -0.6076
   6 -0.3278
   1  0.3267
   1  0.0709
   1  0.1103
   1  0.1103
   1  0.1103
   7 -0.3101
   6  0.1481
   6  0.1207
   8 -0.4784
   6 -0.0689
   1  0.1938
   1  0.0372
   1  0.0390
   1  0.0390
   1  0.0390
   7  0.4042
   6 -0.6963
   6  0.6028
   8 -0.6254
   6  0.2211
   6 -0.6793
   6  0.7772
   8 -0.6908
   8 -0.6908
   1 -0.1194
   1  0.3003
   1 -0.0129
   1 -0.0129
   1  0.2321
   1  0.2321
   7 -0.2108
   6 -0.0090
   1  0.0507
   1  0.0507
   1  0.0507
   1 -0.0168
  20  1.8864
   8 -0.6446
   1  0.3247
   1  0.3247
 rrms:    0.0391
