   6 -0.5546
   6  0.5301
   8 -0.5877
   1  0.1611
   1  0.1611
   1  0.1611
   7 -0.3014
   6 -0.0881
   6  0.6918
   8 -0.6871
   6  0.6522
   6  0.1492
   8 -0.4799
   8 -0.4799
   1  0.2380
   1  0.0776
   1 -0.1390
   1 -0.1390
   7 -0.3067
   6 -0.1040
   6  0.3895
   8 -0.5978
   6 -0.2268
   6 -0.0336
   6 -0.1593
   6  0.4837
   7 -0.3609
   1  0.0283
   1  0.0812
   1  0.1526
   1  0.1526
   1  0.0607
   1  0.0607
   1  0.0614
   1  0.0614
   1 -0.0713
   1 -0.0713
   1  0.3492
   1  0.3492
   1  0.3492
   7 -0.4860
   6  0.8497
   6 -0.5214
   8 -0.3935
   6 -0.8093
   6  0.8318
   8 -0.7460
   8 -0.7460
   1  0.7357
   1 -0.0858
   1  0.2235
   1  0.2235
   7  0.3074
   6 -0.5531
   6  0.5680
   8 -0.5952
   1 -0.4047
   1  0.2053
   1  0.2053
   7 -0.3490
   6 -0.0047
   6  0.3550
   8 -0.5500
   6 -0.1967
   6  0.5970
   7 -0.8104
   8 -0.4607
   1  0.4243
   1  0.0977
   1  0.0916
   1  0.0916
   1  0.3969
   1  0.3969
   7  0.0407
   6 -0.3310
   6  0.6406
   8 -0.6412
   1  0.1448
   1  0.1370
   1  0.1370
   7 -0.1612
   6 -0.3006
   6  0.8038
   8 -0.6121
   6 -0.1407
   6  0.2170
   6 -0.1853
   6 -0.1853
   6 -0.2846
   6 -0.2846
   6  0.3280
   8 -0.4778
   1 -0.0173
   1  0.1256
   1  0.0642
   1  0.0642
   1  0.1430
   1  0.1430
   1  0.1662
   1  0.1662
   1  0.3785
   7 -0.4286
   6 -0.3865
   6  0.8310
   8 -0.6229
   6  0.2651
   6 -0.2297
   6 -0.1829
   6 -0.0747
   1  0.3057
   1  0.2771
   1 -0.0436
   1  0.0851
   1  0.0851
   1  0.0261
   1  0.0261
   1  0.0261
   1  0.0693
   1  0.0693
   1  0.0693
   7 -0.4522
   6  0.1734
   6  0.1813
   8 -0.1755
   6 -0.1088
   8 -0.3432
   1  0.0690
   1  0.0192
   1  0.0987
   1  0.0987
   1  0.3515
   7 -0.4031
   6  0.2426
   6  0.2752
   8 -0.5390
   6 -0.1731
   1  0.3474
   1  0.0085
   1  0.0642
   1  0.0642
   1  0.0642
   7 -0.1022
   6  0.0796
   6  0.4746
   8 -0.5945
   6 -0.1462
   1  0.2432
   1  0.0176
   1  0.0573
   1  0.0573
   1  0.0573
   7 -0.1945
   6  0.1584
   6  0.2404
   8 -0.5218
   6  0.1466
   6 -0.3422
   6  0.7786
   8 -0.7496
   8 -0.7496
   1  0.2302
   1  0.0010
   1 -0.0580
   1 -0.0580
   1  0.0848
   1  0.0848
   7 -0.0191
   6 -0.1512
   1  0.0902
   1  0.0902
   1  0.0902
   1 -0.1639
  20  1.8626
   8 -0.6038
   1  0.2996
   1  0.2996
 rrms:    0.0417
