   6 -0.6753
   6  0.7414
   8 -0.6221
   1  0.2014
   1  0.2014
   1  0.2014
   7 -0.3627
   6 -0.0391
   6  0.7691
   8 -0.5853
   6 -0.5164
   6  0.9740
   8 -0.7203
   8 -0.7203
   1  0.2358
   1  0.0726
   1  0.1701
   1  0.1701
   7 -0.3999
   6  0.1397
   6 -0.0309
   8 -0.5202
   6  0.1399
   6  0.1854
   6  0.0732
   6  0.2064
   7 -0.0867
   1  0.3326
   1  0.0624
   1  0.0329
   1  0.0329
   1 -0.1144
   1 -0.1144
   1  0.0149
   1  0.0149
   1 -0.0047
   1 -0.0047
   1  0.2016
   1  0.2016
   1  0.2016
   7 -0.1469
   6  0.3594
   6 -0.0980
   8 -0.3885
   6 -0.7182
   6  1.3498
   8 -0.8355
   8 -0.8355
   1 -0.4781
   1  0.0688
   1  0.2289
   1  0.2289
   7  0.1028
   6 -0.1380
   6  0.3250
   8 -0.5155
   1 -0.0912
   1  0.1307
   1  0.1307
   7 -0.0595
   6 -0.0702
   6  0.5205
   8 -0.6064
   6 -0.0981
   6  0.6800
   7 -0.9120
   8 -0.5489
   1  0.0953
   1  0.0753
   1  0.0419
   1  0.0419
   1  0.4316
   1  0.4316
   7 -0.1789
   6 -0.2605
   6  0.6911
   8 -0.6461
   1  0.2609
   1  0.1322
   1  0.1322
   7 -0.3217
   6 -0.0520
   6  0.3561
   8 -0.5038
   6  0.1005
   6 -0.0020
   6 -0.0946
   6 -0.0946
   6 -0.3483
   6 -0.3483
   6  0.4436
   8 -0.5125
   1  0.1538
   1  0.0571
   1  0.0248
   1  0.0248
   1  0.1106
   1  0.1106
   1  0.1737
   1  0.1737
   1  0.3941
   7 -0.1167
   6 -0.4909
   6  0.7191
   8 -0.5171
   6  0.1044
   6 -0.1264
   6 -0.3325
   6  0.0124
   1  0.2139
   1  0.2924
   1 -0.0040
   1  0.0426
   1  0.0426
   1  0.1103
   1  0.1103
   1  0.1103
   1 -0.0060
   1 -0.0060
   1 -0.0060
   7 -0.3999
   6 -0.3405
   6  0.9341
   8 -0.6524
   6  0.2758
   8 -0.3285
   1  0.1997
   1  0.1382
   1 -0.0499
   1 -0.0499
   1  0.3248
   7 -0.5449
   6  0.1855
   6  0.5978
   8 -0.6359
   6 -0.1327
   1  0.4415
   1  0.1058
   1  0.0307
   1  0.0307
   1  0.0307
   7 -0.7265
   6  0.1755
   6  0.6092
   8 -0.5898
   6 -0.1614
   1  0.4105
   1  0.0572
   1  0.0753
   1  0.0753
   1  0.0753
   7 -0.6039
   6  0.0269
   6  0.7233
   8 -0.6308
   6  0.2918
   6 -0.3292
   6  0.6734
   8 -0.6451
   8 -0.6451
   1  0.3119
   1 -0.0682
   1 -0.1244
   1 -0.1244
   1  0.0504
   1  0.0504
   7 -0.3475
   6 -0.0849
   1  0.0708
   1  0.0708
   1  0.0708
   1  0.3626
  20  1.7888
   8 -0.6023
   1  0.3305
   1  0.3305
 rrms:    0.0460
