   6 -0.3024
   6  0.5191
   8 -0.5653
   1  0.1131
   1  0.1131
   1  0.1131
   7 -0.4248
   6  0.1973
   6  0.3812
   8 -0.4295
   6 -0.4341
   6  0.2645
   8 -0.6669
   8 -0.6669
   1  0.3695
   1  0.0181
   1  0.2043
   1  0.2043
   7  0.0315
   6  0.1555
   6  0.2721
   8 -0.5583
   6 -0.0504
   6  0.1151
   6 -0.1102
   6  0.4524
   7 -0.2378
   1 -0.1462
   1  0.0016
   1  0.0610
   1  0.0610
   1  0.0302
   1  0.0302
   1  0.0557
   1  0.0557
   1 -0.0823
   1 -0.0823
   1  0.3101
   1  0.3101
   1  0.3101
   7 -0.2187
   6  0.5483
   6 -0.2215
   8 -0.4275
   6 -0.6182
   6  1.0021
   8 -0.7985
   8 -0.7985
   1  0.0840
   1  0.0022
   1  0.1881
   1  0.1881
   7  0.1980
   6 -0.0636
   6  0.3587
   8 -0.5419
   1 -0.2876
   1  0.0912
   1  0.0912
   7 -0.0077
   6  0.0034
   6  0.4203
   8 -0.5908
   6 -0.2503
   6  0.5952
   7 -0.9430
   8 -0.3342
   1  0.2012
   1  0.1082
   1  0.1136
   1  0.1136
   1  0.4248
   1  0.4248
   7 -0.1755
   6 -0.0329
   6  0.3770
   8 -0.5436
   1  0.0131
   1  0.0929
   1  0.0929
   7 -0.3350
   6  0.1833
   6  0.3255
   8 -0.4813
   6 -0.3408
   6  0.1736
   6 -0.1057
   6 -0.1057
   6 -0.4429
   6 -0.4429
   6  0.6657
   8 -0.6406
   1  0.3459
   1  0.0240
   1  0.1097
   1  0.1097
   1  0.1348
   1  0.1348
   1  0.1713
   1  0.1713
   1  0.4564
   7 -0.1781
   6 -0.1398
   6  0.4682
   8 -0.5388
   6  0.2776
   6 -0.1663
   6 -0.3268
   6 -0.1338
   1  0.1947
   1  0.1602
   1 -0.0636
   1  0.0495
   1  0.0495
   1  0.0624
   1  0.0624
   1  0.0624
   1  0.0728
   1  0.0728
   1  0.0728
   7 -0.0347
   6 -0.3217
   6  0.3914
   8 -0.2808
   6  0.3228
   8 -0.5738
   1  0.0144
   1  0.1173
   1 -0.0228
   1 -0.0228
   1  0.4743
   7 -0.2953
   6  0.0809
   6  0.6350
   8 -0.6573
   6 -0.3184
   1  0.3534
   1  0.0709
   1  0.1104
   1  0.1104
   1  0.1104
   7 -0.6289
   6  0.5151
   6 -0.1744
   8 -0.4545
   6 -0.4080
   1  0.3656
   1 -0.0226
   1  0.1289
   1  0.1289
   1  0.1289
   7  0.8230
   6 -0.7815
   6  0.7568
   8 -0.6419
   6  0.5169
   6 -1.2504
   6  0.9082
   8 -0.6825
   8 -0.6825
   1 -0.1809
   1  0.3136
   1 -0.1043
   1 -0.1043
   1  0.3557
   1  0.3557
   7 -0.3653
   6 -0.0347
   1  0.0536
   1  0.0536
   1  0.0536
   1  0.0783
  20  1.6266
   8 -0.5115
   1  0.2802
   1  0.2802
 rrms:    0.0396
