   6 -0.4087
   6  0.8583
   8 -0.7311
   1  0.1293
   1  0.1293
   1  0.1293
   7 -0.7098
   6  0.7928
   6  0.2200
   8 -0.5746
   6 -0.9206
   6  0.9384
   8 -0.7907
   8 -0.7907
   1  0.3635
   1 -0.1920
   1  0.2545
   1  0.2545
   7  0.0776
   6 -0.0564
   6  0.3787
   8 -0.5323
   6  0.1231
   6  0.0408
   6 -0.0001
   6  0.3843
   7 -0.2983
   1 -0.1040
   1  0.0841
   1 -0.0111
   1 -0.0111
   1 -0.0001
   1 -0.0001
   1  0.0108
   1  0.0108
   1 -0.0399
   1 -0.0399
   1  0.3111
   1  0.3111
   1  0.3111
   7 -0.2875
   6  0.3574
   6  0.0111
   8 -0.4703
   6 -0.2642
   6  0.7440
   8 -0.6961
   8 -0.6961
   1  0.1550
   1  0.0381
   1  0.0906
   1  0.0906
   7 -0.0466
   6 -0.1460
   6  0.4187
   8 -0.5493
   1  0.0262
   1  0.1398
   1  0.1398
   7 -0.3310
   6  0.1028
   6  0.5969
   8 -0.5872
   6 -0.3805
   6  0.7036
   7 -0.7858
   8 -0.6361
   1  0.3382
   1  0.0974
   1  0.1587
   1  0.1587
   1  0.3905
   1  0.3905
   7 -0.5523
   6  0.0280
   6  0.7875
   8 -0.6373
   1  0.3260
   1  0.0750
   1  0.0750
   7 -0.8970
   6  0.4653
   6  0.3143
   8 -0.4477
   6 -0.4983
   6  0.3980
   6 -0.3297
   6 -0.3297
   6 -0.1970
   6 -0.1970
   6  0.3026
   8 -0.5440
   1  0.3622
   1  0.0081
   1  0.1544
   1  0.1544
   1  0.1834
   1  0.1834
   1  0.1555
   1  0.1555
   1  0.4105
   7 -0.3784
   6 -0.1467
   6  0.3638
   8 -0.5426
   6  0.3436
   6 -0.2975
   6 -0.4861
   6 -0.3403
   1  0.1416
   1  0.1011
   1 -0.0084
   1  0.1596
   1  0.1596
   1  0.1275
   1  0.1275
   1  0.1275
   1  0.0795
   1  0.0795
   1  0.0795
   7  0.2372
   6 -0.4920
   6  0.5943
   8 -0.5806
   6  0.6511
   8 -0.7250
   1  0.2086
   1  0.2027
   1 -0.1181
   1 -0.1181
   1  0.4416
   7 -0.3893
   6  0.0736
   6  0.4851
   8 -0.3710
   6 -0.0896
   1  0.1441
   1  0.0376
   1  0.0479
   1  0.0479
   1  0.0479
   7 -0.5192
   6  0.1700
   6  0.2519
   8 -0.4915
   6 -0.0950
   1  0.3596
   1  0.0901
   1  0.0367
   1  0.0367
   1  0.0367
   7 -0.2654
   6  0.0373
   6  0.4283
   8 -0.5316
   6 -0.0076
   6 -0.3070
   6  0.8342
   8 -0.8291
   8 -0.8291
   1  0.2321
   1  0.0037
   1  0.0397
   1  0.0397
   1  0.0868
   1  0.0868
   7 -0.3944
   6  0.1211
   1  0.0205
   1  0.0205
   1  0.0205
   1  0.3244
  20  1.9335
   8 -0.7359
   1  0.3429
   1  0.3429
 rrms:    0.0483
