   6 -0.6040
   6  0.7706
   8 -0.6977
   1  0.1855
   1  0.1855
   1  0.1855
   7 -0.9618
   6  0.5180
   6  0.3789
   8 -0.4918
   6 -0.6502
   6  0.9061
   8 -0.7174
   8 -0.7174
   1  0.4675
   1 -0.0160
   1  0.1652
   1  0.1652
   7 -0.2762
   6 -0.0084
   6  0.6151
   8 -0.5903
   6 -0.0074
   6 -0.1636
   6 -0.0232
   6  0.2868
   7 -0.2026
   1  0.3371
   1  0.0100
   1  0.0703
   1  0.0703
   1  0.0584
   1  0.0584
   1  0.0603
   1  0.0603
   1 -0.0105
   1 -0.0105
   1  0.2350
   1  0.2350
   1  0.2350
   7 -1.1358
   6  0.9502
   6  0.3029
   8 -0.4607
   6 -0.5905
   6  0.7461
   8 -0.7252
   8 -0.7252
   1  0.4967
   1 -0.1712
   1  0.1687
   1  0.1687
   7 -0.4888
   6 -0.0781
   6  0.9643
   8 -0.7635
   1  0.2968
   1  0.1365
   1  0.1365
   7 -1.3294
   6  0.8085
   6  0.0847
   8 -0.5059
   6 -0.8702
   6  1.1136
   7 -0.8097
   8 -0.7139
   1  0.4642
   1 -0.1172
   1  0.2387
   1  0.2387
   1  0.3747
   1  0.3747
   7  0.0413
   6 -0.6389
   6  0.7136
   8 -0.5844
   1  0.2547
   1  0.2390
   1  0.2390
   7 -0.3768
   6  0.0429
   6  0.2973
   8 -0.5138
   6 -0.1655
   6  0.0898
   6 -0.2078
   6 -0.2078
   6 -0.2798
   6 -0.2798
   6  0.4130
   8 -0.5834
   1  0.3118
   1  0.0820
   1  0.0467
   1  0.0467
   1  0.1444
   1  0.1444
   1  0.1701
   1  0.1701
   1  0.4332
   7 -0.2029
   6 -0.1220
   6  0.6160
   8 -0.4925
   6  0.2306
   6  0.0127
   6 -0.2947
   6 -0.2927
   1  0.4194
   1  0.0545
   1 -0.0343
   1  0.0373
   1  0.0373
   1  0.0699
   1  0.0699
   1  0.0699
   1  0.0697
   1  0.0697
   1  0.0697
   7 -0.3238
   6 -0.0856
   6  0.3357
   8 -0.5254
   6  0.2294
   8 -0.6448
   1  0.3093
   1  0.1470
   1  0.0148
   1  0.0148
   1  0.4234
   7 -0.1038
   6  0.0375
   6  0.3939
   8 -0.5561
   6 -0.0075
   1  0.2091
   1  0.1136
   1  0.0174
   1  0.0174
   1  0.0174
   7 -0.3191
   6  0.3730
   6  0.2158
   8 -0.5445
   6 -0.1039
   1  0.0276
   1 -0.0261
   1  0.0441
   1  0.0441
   1  0.0441
   7 -0.2408
   6  0.2091
   6  0.1571
   8 -0.4954
   6  0.7616
   6 -1.0694
   6  1.2049
   8 -0.8677
   8 -0.8677
   1  0.2271
   1  0.0446
   1 -0.2611
   1 -0.2611
   1  0.2191
   1  0.2191
   7 -0.0191
   6 -0.0632
   1  0.0707
   1  0.0707
   1  0.0707
   1  0.1464
  20  1.7813
   8 -0.5593
   1  0.3066
   1  0.3066
 rrms:    0.0479
