   6 -0.4285
   6  0.6589
   8 -0.6203
   1  0.1416
   1  0.1416
   1  0.1416
   7 -0.5730
   6  0.4883
   6  0.2125
   8 -0.4623
   6 -0.7820
   6  0.7343
   8 -0.7132
   8 -0.7132
   1  0.3314
   1 -0.1061
   1  0.2526
   1  0.2526
   7 -0.0784
   6 -0.2585
   6  0.6342
   8 -0.5318
   6  0.2476
   6 -0.2108
   6  0.1125
   6  0.2557
   7 -0.1435
   1  0.1736
   1  0.1710
   1 -0.0275
   1 -0.0275
   1  0.0576
   1  0.0576
   1  0.0035
   1  0.0035
   1 -0.0007
   1 -0.0007
   1  0.2433
   1  0.2433
   1  0.2433
   7 -0.9971
   6  0.9440
   6  0.0691
   8 -0.4474
   6 -0.8021
   6  0.9710
   8 -0.8074
   8 -0.8074
   1  0.4256
   1 -0.1448
   1  0.2023
   1  0.2023
   7 -0.2840
   6  0.1424
   6  0.3300
   8 -0.5104
   1  0.2398
   1  0.0775
   1  0.0775
   7 -0.2776
   6  0.3055
   6  0.5084
   8 -0.4965
   6 -0.4236
   6  0.8292
   7 -0.9983
   8 -0.6346
   1  0.2125
   1  0.0070
   1  0.1159
   1  0.1159
   1  0.4502
   1  0.4502
   7 -0.6429
   6  0.1578
   6  0.3929
   8 -0.5064
   1  0.3869
   1  0.0867
   1  0.0867
   7 -0.6720
   6  0.4626
   6  0.1635
   8 -0.5467
   6 -0.9045
   6  0.7192
   6 -0.4659
   6 -0.4659
   6 -0.1727
   6 -0.1727
   6  0.2426
   8 -0.4902
   1  0.3122
   1  0.0208
   1  0.2660
   1  0.2660
   1  0.2165
   1  0.2165
   1  0.1661
   1  0.1661
   1  0.3786
   7 -0.3624
   6 -0.0752
   6  0.5382
   8 -0.5256
   6  0.0918
   6 -0.1640
   6 -0.2021
   6 -0.0429
   1  0.2594
   1  0.1198
   1 -0.0128
   1  0.1107
   1  0.1107
   1  0.0517
   1  0.0517
   1  0.0517
   1  0.0104
   1  0.0104
   1  0.0104
   7 -0.0962
   6 -0.3050
   6  0.6706
   8 -0.6077
   6  0.4555
   8 -0.6941
   1  0.3564
   1  0.1516
   1 -0.0781
   1 -0.0781
   1  0.4548
   7 -0.1847
   6  0.1824
   6  0.4474
   8 -0.5966
   6 -0.2435
   1  0.2330
   1  0.0868
   1  0.0730
   1  0.0730
   1  0.0730
   7 -0.4575
   6  0.4521
   6  0.4757
   8 -0.4936
   6 -0.2373
   1 -0.1159
   1 -0.0251
   1  0.0865
   1  0.0865
   1  0.0865
   7 -0.7482
   6  0.1203
   6  0.2024
   8 -0.4892
   6  0.1209
   6 -0.5344
   6  0.9781
   8 -0.8585
   8 -0.8585
   1  0.4360
   1  0.1267
   1 -0.0371
   1 -0.0371
   1  0.1374
   1  0.1374
   7 -0.1024
   6 -0.0891
   1  0.0791
   1  0.0791
   1  0.0791
   1  0.2610
  20  1.8969
   8 -0.6759
   1  0.3377
   1  0.3377
 rrms:    0.0551
