   6 -0.5684
   6  0.7332
   8 -0.6782
   1  0.1751
   1  0.1751
   1  0.1751
   7 -0.7152
   6  0.5303
   6  0.2525
   8 -0.5187
   6 -0.4493
   6  0.6557
   8 -0.6871
   8 -0.6871
   1  0.4042
   1  0.0521
   1  0.1461
   1  0.1461
   7 -0.0436
   6 -0.0226
   6  0.2912
   8 -0.5642
   6  0.0426
   6 -0.1648
   6 -0.1125
   6  0.3483
   7 -0.1587
   1  0.0117
   1  0.0546
   1  0.1120
   1  0.1120
   1  0.0737
   1  0.0737
   1  0.0765
   1  0.0765
   1 -0.0371
   1 -0.0371
   1  0.2953
   1  0.2953
   1  0.2953
   7 -0.4365
   6  0.5342
   6 -0.0357
   8 -0.4186
   6 -0.8002
   6  0.8580
   8 -0.8311
   8 -0.8311
   1  0.2108
   1  0.0284
   1  0.2224
   1  0.2224
   7  0.0401
   6 -0.0893
   6  0.3314
   8 -0.5347
   1 -0.0860
   1  0.1225
   1  0.1225
   7 -0.0933
   6  0.0009
   6  0.3280
   8 -0.5125
   6  0.0344
   6  0.3627
   7 -0.6431
   8 -0.3697
   1  0.0401
   1  0.0889
   1  0.0360
   1  0.0360
   1  0.3840
   1  0.3840
   7  0.1509
   6 -0.5466
   6  0.8326
   8 -0.6553
   1 -0.0315
   1  0.2001
   1  0.2001
   7 -0.5872
   6  0.0630
   6  0.4727
   8 -0.5912
   6 -0.3156
   6  0.2588
   6 -0.2320
   6 -0.2320
   6 -0.2965
   6 -0.2965
   6  0.3600
   8 -0.5703
   1  0.3393
   1  0.0470
   1  0.1147
   1  0.1147
   1  0.1640
   1  0.1640
   1  0.1572
   1  0.1572
   1  0.4319
   7 -0.1931
   6 -0.2128
   6  0.6922
   8 -0.6015
   6  0.0724
   6  0.0637
   6 -0.2079
   6 -0.0367
   1  0.2049
   1  0.1832
   1  0.0018
   1 -0.0112
   1 -0.0112
   1  0.0203
   1  0.0203
   1  0.0203
   1  0.0216
   1  0.0216
   1  0.0216
   7 -0.2615
   6  0.0280
   6  0.2043
   8 -0.3115
   6 -0.1094
   8 -0.3722
   1  0.1182
   1  0.0965
   1  0.0944
   1  0.0944
   1  0.3862
   7 -0.2885
   6  0.2074
   6  0.5958
   8 -0.6156
   6 -0.4852
   1  0.3526
   1  0.0405
   1  0.1419
   1  0.1419
   1  0.1419
   7 -0.5871
   6  0.5699
   6 -0.0740
   8 -0.4321
   6 -0.4398
   1  0.3219
   1 -0.0714
   1  0.1409
   1  0.1409
   1  0.1409
   7  0.3650
   6 -0.0591
   6  0.4128
   8 -0.5650
   6  0.0973
   6 -0.4949
   6  0.9958
   8 -0.9468
   8 -0.9468
   1  0.0958
   1  0.1122
   1 -0.0906
   1 -0.0906
   1  0.0945
   1  0.0945
   7 -0.0930
   6 -0.0277
   1  0.0537
   1  0.0537
   1  0.0537
   1 -0.1712
  20  2.3527
   8 -0.7742
   1  0.3797
   1  0.3797
 rrms:    0.0384
