   6 -0.6815
   6  0.8454
   8 -0.6495
   1  0.1991
   1  0.1991
   1  0.1991
   7 -0.7137
   6  0.4086
   6  0.2419
   8 -0.5327
   6 -0.7008
   6  0.8475
   8 -0.7126
   8 -0.7126
   1  0.4336
   1 -0.0302
   1  0.2164
   1  0.2164
   7 -0.5078
   6  0.3468
   6  0.2000
   8 -0.5342
   6 -0.5589
   6  0.1596
   6 -0.2050
   6  0.5152
   7 -0.2481
   1  0.3268
   1  0.0333
   1  0.2208
   1  0.2208
   1  0.0176
   1  0.0176
   1  0.0817
   1  0.0817
   1 -0.0923
   1 -0.0923
   1  0.2410
   1  0.2410
   1  0.2410
   7 -0.0285
   6  0.3130
   6  0.1270
   8 -0.4351
   6 -0.6528
   6  0.9711
   8 -0.8619
   8 -0.8619
   1  0.1595
   1 -0.0863
   1  0.1624
   1  0.1624
   7 -0.1033
   6 -0.4359
   6  0.9620
   8 -0.6181
   1  0.2479
   1  0.2235
   1  0.2235
   7 -1.2478
   6  1.0386
   6  0.1067
   8 -0.4237
   6 -1.1094
   6  1.1980
   7 -1.0157
   8 -0.7206
   1  0.4987
   1 -0.1968
   1  0.2987
   1  0.2987
   1  0.4276
   1  0.4276
   7 -0.1745
   6 -0.1270
   6  0.5561
   8 -0.5519
   1  0.2745
   1  0.1158
   1  0.1158
   7 -0.5913
   6  0.1323
   6  0.3638
   8 -0.5589
   6 -0.4709
   6  0.2049
   6 -0.1112
   6 -0.1112
   6 -0.4519
   6 -0.4519
   6  0.5573
   8 -0.5965
   1  0.3440
   1  0.1030
   1  0.1407
   1  0.1407
   1  0.1543
   1  0.1543
   1  0.2053
   1  0.2053
   1  0.4295
   7 -0.3310
   6 -0.0195
   6  0.4781
   8 -0.4741
   6  0.0661
   6  0.2294
   6 -0.3231
   6 -0.2290
   1  0.2895
   1 -0.0309
   1  0.0508
   1 -0.0122
   1 -0.0122
   1  0.0715
   1  0.0715
   1  0.0715
   1  0.0573
   1  0.0573
   1  0.0573
   7 -0.0394
   6 -0.2930
   6  0.4372
   8 -0.5770
   6  0.5232
   8 -0.6074
   1  0.2068
   1  0.1347
   1 -0.0563
   1 -0.0563
   1  0.3881
   7 -0.2771
   6  0.1813
   6  0.3947
   8 -0.5503
   6 -0.1494
   1  0.2507
   1  0.0649
   1  0.0552
   1  0.0552
   1  0.0552
   7 -0.4856
   6  0.4558
   6  0.4124
   8 -0.5460
   6 -0.3013
   1  0.0923
   1 -0.0030
   1  0.1161
   1  0.1161
   1  0.1161
   7 -0.8771
   6  0.0578
   6  0.3653
   8 -0.5319
   6  0.4868
   6 -1.3434
   6  1.2136
   8 -0.8836
   8 -0.8836
   1  0.4148
   1  0.1886
   1 -0.0186
   1 -0.0186
   1  0.3250
   1  0.3250
   7 -0.1688
   6 -0.1193
   1  0.0870
   1  0.0870
   1  0.0870
   1  0.2722
  20  1.9215
   8 -0.6662
   1  0.3341
   1  0.3341
 rrms:    0.0469
