   6 -0.4989
   6  0.7768
   8 -0.6479
   1  0.1594
   1  0.1594
   1  0.1594
   7 -0.8650
   6  0.4953
   6  0.1867
   8 -0.4953
   6  0.0124
   6  0.5656
   8 -0.7549
   8 -0.7549
   1  0.3773
   1 -0.1486
   1  0.0276
   1  0.0276
   7  0.4586
   6 -1.0773
   6  1.1942
   8 -0.7861
   6  0.6562
   6 -0.1724
   6 -0.0664
   6  0.3963
   7 -0.3929
   1 -0.1025
   1  0.2741
   1 -0.1058
   1 -0.1058
   1  0.0581
   1  0.0581
   1 -0.0023
   1 -0.0023
   1 -0.0207
   1 -0.0207
   1  0.3655
   1  0.3655
   1  0.3655
   7 -0.9063
   6  0.7882
   6 -0.0392
   8 -0.4728
   6 -0.7347
   6  1.0755
   8 -0.8433
   8 -0.8433
   1  0.4150
   1 -0.1100
   1  0.1817
   1  0.1817
   7  0.0370
   6 -0.1778
   6  0.2580
   8 -0.4985
   1 -0.0185
   1  0.1411
   1  0.1411
   7 -0.0449
   6 -0.3330
   6  0.4908
   8 -0.5660
   6 -0.1233
   6  0.6226
   7 -0.9314
   8 -0.4606
   1  0.0736
   1  0.1965
   1  0.1303
   1  0.1303
   1  0.4271
   1  0.4271
   7 -0.0679
   6 -0.2271
   6  0.4921
   8 -0.5448
   1  0.2432
   1  0.1143
   1  0.1143
   7  0.0016
   6 -0.6832
   6  1.2705
   8 -0.8115
   6  0.1128
   6 -0.1245
   6  0.0267
   6  0.0267
   6 -0.4391
   6 -0.4391
   6  0.5428
   8 -0.5605
   1  0.0226
   1  0.2717
   1 -0.0271
   1 -0.0271
   1  0.1248
   1  0.1248
   1  0.1792
   1  0.1792
   1  0.4204
   7 -1.0127
   6  0.3009
   6  0.1824
   8 -0.4320
   6  0.0567
   6  0.6177
   6 -0.5317
   6 -0.3243
   1  0.4223
   1  0.1913
   1  0.0271
   1 -0.1230
   1 -0.1230
   1  0.1135
   1  0.1135
   1  0.1135
   1  0.0720
   1  0.0720
   1  0.0720
   7  0.0354
   6 -0.2599
   6  0.3229
   8 -0.1376
   6  0.2099
   8 -0.3968
   1 -0.0041
   1  0.1634
   1 -0.0114
   1 -0.0114
   1  0.3823
   7 -0.3564
   6  0.2641
   6  0.3946
   8 -0.6068
   6 -0.2987
   1  0.3940
   1 -0.0060
   1  0.0992
   1  0.0992
   1  0.0992
   7 -0.3403
   6  0.2703
   6 -0.0293
   8 -0.4467
   6 -0.2315
   1  0.2394
   1  0.0258
   1  0.0914
   1  0.0914
   1  0.0914
   7  0.4051
   6 -0.0720
   6  0.3488
   8 -0.5900
   6  0.6987
   6 -1.0819
   6  1.0544
   8 -0.7719
   8 -0.7719
   1 -0.1296
   1  0.1187
   1 -0.2522
   1 -0.2522
   1  0.2622
   1  0.2622
   7  0.0606
   6 -0.1648
   1  0.0872
   1  0.0872
   1  0.0872
   1 -0.3436
  20  1.9674
   8 -0.6383
   1  0.3174
   1  0.3174
 rrms:    0.0440
