   6 -0.6269
   6  0.7014
   8 -0.6543
   1  0.1931
   1  0.1931
   1  0.1931
   7 -0.4743
   6  0.1923
   6  0.7384
   8 -0.7270
   6 -0.5557
   6  0.7922
   8 -0.7406
   8 -0.7406
   1  0.2395
   1  0.0349
   1  0.1327
   1  0.1327
   7 -0.6592
   6  0.0151
   6  0.6057
   8 -0.5894
   6 -0.1361
   6  0.0894
   6 -0.2869
   6  0.4756
   7 -0.3945
   1  0.3892
   1  0.1523
   1  0.0828
   1  0.0828
   1  0.0193
   1  0.0193
   1  0.1006
   1  0.1006
   1 -0.0656
   1 -0.0656
   1  0.3408
   1  0.3408
   1  0.3408
   7 -0.7325
   6  0.7193
   6 -0.2388
   8 -0.3962
   6 -0.7437
   6  0.9339
   8 -0.7324
   8 -0.7324
   1  0.2468
   1 -0.0108
   1  0.2015
   1  0.2015
   7 -0.0171
   6 -0.0697
   6  0.3963
   8 -0.5355
   1  0.1216
   1  0.1460
   1  0.1460
   7 -0.3621
   6  0.2420
   6  0.5403
   8 -0.5777
   6 -0.5111
   6  0.8487
   7 -0.8979
   8 -0.6532
   1  0.3109
   1  0.1105
   1  0.1304
   1  0.1304
   1  0.4252
   1  0.4252
   7 -0.5870
   6 -0.0733
   6  0.6305
   8 -0.6977
   1  0.3746
   1  0.1721
   1  0.1721
   7 -0.6875
   6  0.3541
   6  0.4472
   8 -0.4996
   6 -0.4203
   6  0.1277
   6 -0.0957
   6 -0.0957
   6 -0.4611
   6 -0.4611
   6  0.5875
   8 -0.5815
   1  0.4117
   1  0.0646
   1  0.1202
   1  0.1202
   1  0.1602
   1  0.1602
   1  0.2024
   1  0.2024
   1  0.4229
   7 -0.3616
   6 -0.3682
   6  0.9249
   8 -0.6840
   6  0.4854
   6  0.0215
   6 -0.6598
   6 -0.3943
   1  0.2177
   1 -0.0126
   1 -0.1769
   1  0.0372
   1  0.0372
   1  0.1784
   1  0.1784
   1  0.1784
   1  0.1275
   1  0.1275
   1  0.1275
   7 -0.5718
   6 -0.0107
   6  0.5286
   8 -0.5673
   6  0.3907
   8 -0.5877
   1  0.3594
   1  0.0948
   1 -0.0339
   1 -0.0339
   1  0.4189
   7 -0.7075
   6  0.5281
   6  0.3626
   8 -0.5296
   6 -0.3110
   1  0.3307
   1 -0.0136
   1  0.1170
   1  0.1170
   1  0.1170
   7 -0.5539
   6  0.4330
   6  0.3012
   8 -0.4924
   6 -0.4203
   1  0.3120
   1  0.0207
   1  0.1196
   1  0.1196
   1  0.1196
   7 -0.3408
   6 -0.0415
   6  0.4078
   8 -0.5318
   6  0.0204
   6 -0.7503
   6  1.0843
   8 -0.8828
   8 -0.8828
   1  0.1513
   1  0.1605
   1  0.0132
   1  0.0132
   1  0.2081
   1  0.2081
   7 -0.2909
   6  0.0372
   1  0.0441
   1  0.0441
   1  0.0441
   1  0.3291
  20  1.8858
   8 -0.6069
   1  0.3090
   1  0.3090
 rrms:    0.0458
