   6 -0.4002
   6  0.7060
   8 -0.6183
   1  0.1248
   1  0.1248
   1  0.1248
   7 -0.5473
   6  0.1936
   6  0.1813
   8 -0.3396
   6 -0.1253
   6  0.2513
   8 -0.7023
   8 -0.7023
   1  0.3766
   1 -0.0143
   1  0.1079
   1  0.1079
   7  0.0912
   6 -0.2279
   6  0.4581
   8 -0.6579
   6  0.3738
   6 -0.1737
   6 -0.1693
   6  0.4748
   7 -0.4137
   1  0.0603
   1  0.1395
   1 -0.0601
   1 -0.0601
   1  0.0720
   1  0.0720
   1  0.0664
   1  0.0664
   1 -0.0688
   1 -0.0688
   1  0.3642
   1  0.3642
   1  0.3642
   7 -0.0790
   6  0.5383
   6 -0.1082
   8 -0.4274
   6 -0.6446
   6  0.8134
   8 -0.7477
   8 -0.7477
   1 -0.0183
   1 -0.0047
   1  0.1823
   1  0.1823
   7  0.2536
   6 -0.2061
   6  0.5087
   8 -0.5649
   1 -0.1736
   1  0.1337
   1  0.1337
   7 -0.1387
   6  0.0421
   6  0.2354
   8 -0.4999
   6 -0.0673
   6  0.3992
   7 -0.6009
   8 -0.5423
   1 -0.0708
   1  0.1056
   1  0.0977
   1  0.0977
   1  0.4264
   1  0.4264
   7  0.0622
   6 -0.5372
   6  0.6954
   8 -0.6167
   1  0.0771
   1  0.1825
   1  0.1825
   7 -0.2378
   6 -0.0309
   6  0.1615
   8 -0.3274
   6 -0.0008
   6  0.0698
   6 -0.2899
   6 -0.2899
   6 -0.2030
   6 -0.2030
   6  0.1232
   8 -0.5119
   1  0.5501
   1  0.0120
   1  0.0162
   1  0.0162
   1  0.1591
   1  0.1591
   1  0.1605
   1  0.1605
   1  0.4260
   7  0.1656
   6 -0.4579
   6  0.8017
   8 -0.6879
   6  0.5603
   6 -0.1181
   6 -0.6948
   6 -0.1559
   1  0.1438
   1  0.0925
   1 -0.1513
   1  0.0640
   1  0.0640
   1  0.1335
   1  0.1335
   1  0.1335
   1  0.0429
   1  0.0429
   1  0.0429
   7 -0.2130
   6 -0.0218
   6  0.2044
   8 -0.2532
   6 -0.1820
   8 -0.3845
   1  0.0693
   1  0.0667
   1  0.1326
   1  0.1326
   1  0.4310
   7 -0.3210
   6  0.1699
   6  0.5451
   8 -0.5924
   6 -0.3372
   1  0.3652
   1  0.0312
   1  0.1067
   1  0.1067
   1  0.1067
   7 -0.2880
   6  0.1258
   6  0.1049
   8 -0.4729
   6 -0.0670
   1  0.2723
   1  0.0707
   1  0.0478
   1  0.0478
   1  0.0478
   7  0.5329
   6 -0.5126
   6  0.5563
   8 -0.5990
   6  0.7331
   6 -0.8649
   6  0.8424
   8 -0.7363
   8 -0.7363
   1 -0.2818
   1  0.2109
   1 -0.2022
   1 -0.2022
   1  0.2149
   1  0.2149
   7 -0.1820
   6 -0.1127
   1  0.0830
   1  0.0830
   1  0.0830
   1 -0.0616
  20  1.8524
   8 -0.5207
   1  0.2916
   1  0.2916
 rrms:    0.0424
