   6 -0.5255
   6  0.8422
   8 -0.7043
   1  0.1604
   1  0.1604
   1  0.1604
   7 -0.7995
   6  0.7965
   6  0.5652
   8 -0.8198
   6 -0.9815
   6  1.0041
   8 -0.7500
   8 -0.7500
   1  0.3850
   1 -0.1006
   1  0.2709
   1  0.2709
   7 -0.8385
   6  0.4539
   6  0.5263
   8 -0.5269
   6 -0.3210
   6  0.2495
   6 -0.0167
   6  0.2526
   7 -0.0574
   1  0.3723
   1  0.0729
   1  0.1340
   1  0.1340
   1 -0.0891
   1 -0.0891
   1  0.0332
   1  0.0332
   1 -0.0248
   1 -0.0248
   1  0.2460
   1  0.2460
   1  0.2460
   7 -0.6292
   6  0.5901
   6  0.3654
   8 -0.5936
   6 -0.2488
   6  0.8573
   8 -0.8128
   8 -0.8128
   1  0.1956
   1 -0.0458
   1  0.0398
   1  0.0398
   7 -0.7881
   6  0.5483
   6  0.3515
   8 -0.5122
   1  0.4583
   1 -0.0148
   1 -0.0148
   7 -0.7133
   6  0.5686
   6  0.4147
   8 -0.5202
   6 -0.4622
   6  1.0442
   7 -1.1733
   8 -0.6925
   1  0.4184
   1 -0.1124
   1  0.1590
   1  0.1590
   1  0.4826
   1  0.4826
   7 -0.4829
   6  0.1361
   6  0.2441
   8 -0.5246
   1  0.3435
   1  0.0616
   1  0.0616
   7 -0.5754
   6  0.2298
   6  0.4311
   8 -0.5041
   6 -0.2005
   6  0.1678
   6 -0.1929
   6 -0.1929
   6 -0.2877
   6 -0.2877
   6  0.4560
   8 -0.5857
   1  0.3354
   1  0.1321
   1  0.1079
   1  0.1079
   1  0.1265
   1  0.1265
   1  0.1527
   1  0.1527
   1  0.4314
   7 -0.6064
   6  0.0132
   6  0.6462
   8 -0.6097
   6  0.1429
   6 -0.1954
   6 -0.4183
   6 -0.6669
   1  0.3360
   1  0.0673
   1  0.0820
   1  0.1411
   1  0.1411
   1  0.1049
   1  0.1049
   1  0.1049
   1  0.1906
   1  0.1906
   1  0.1906
   7 -0.2647
   6 -0.5876
   6  1.0517
   8 -0.7314
   6  0.6267
   8 -0.6669
   1  0.2845
   1  0.2408
   1 -0.1146
   1 -0.1146
   1  0.4509
   7 -0.9527
   6  0.6216
   6  0.3107
   8 -0.4451
   6 -0.3498
   1  0.4270
   1 -0.0816
   1  0.1130
   1  0.1130
   1  0.1130
   7 -0.5918
   6  0.3093
   6 -0.0398
   8 -0.4205
   6 -0.2889
   1  0.3205
   1  0.0579
   1  0.0998
   1  0.0998
   1  0.0998
   7  0.4735
   6 -0.7152
   6  0.8301
   8 -0.6254
   6  0.4648
   6 -0.7936
   6  0.8758
   8 -0.7282
   8 -0.7282
   1  0.0284
   1  0.1849
   1 -0.0649
   1 -0.0649
   1  0.1505
   1  0.1505
   7 -0.5212
   6  0.1848
   1 -0.0030
   1 -0.0030
   1 -0.0030
   1  0.3746
  20  1.6747
   8 -0.6848
   1  0.3488
   1  0.3488
 rrms:    0.0468
