   6 -0.4981
   6  0.7897
   8 -0.6213
   1  0.1506
   1  0.1506
   1  0.1506
   7 -0.9117
   6  0.7131
   6  0.4499
   8 -0.6728
   6 -0.8095
   6  0.9375
   8 -0.7984
   8 -0.7984
   1  0.4855
   1 -0.0736
   1  0.2157
   1  0.2157
   7 -0.4206
   6 -0.4272
   6  0.9813
   8 -0.6215
   6  0.2814
   6 -0.0948
   6 -0.1243
   6  0.3082
   7 -0.1603
   1  0.2154
   1  0.1917
   1 -0.0132
   1 -0.0132
   1  0.0471
   1  0.0471
   1  0.0472
   1  0.0472
   1 -0.0114
   1 -0.0114
   1  0.2721
   1  0.2721
   1  0.2721
   7 -1.1013
   6  0.7836
   6  0.0664
   8 -0.4904
   6 -0.8785
   6  1.2078
   8 -0.8844
   8 -0.8844
   1  0.4777
   1 -0.1019
   1  0.2446
   1  0.2446
   7 -0.0413
   6 -0.1761
   6  0.6395
   8 -0.6366
   1  0.1134
   1  0.1552
   1  0.1552
   7 -0.5252
   6  0.2068
   6  0.3758
   8 -0.5851
   6 -0.2878
   6  0.5784
   7 -0.8365
   8 -0.5084
   1  0.3660
   1 -0.0266
   1  0.1781
   1  0.1781
   1  0.4116
   1  0.4116
   7 -0.1936
   6 -0.1169
   6  0.4837
   8 -0.6503
   1  0.2756
   1  0.0921
   1  0.0921
   7 -0.1836
   6 -0.0553
   6  0.7816
   8 -0.5896
   6 -0.0900
   6  0.2640
   6 -0.2721
   6 -0.2721
   6 -0.2657
   6 -0.2657
   6  0.3686
   8 -0.5231
   1  0.0310
   1  0.0750
   1  0.0074
   1  0.0074
   1  0.1856
   1  0.1856
   1  0.1625
   1  0.1625
   1  0.3998
   7 -0.5188
   6 -0.5760
   6  1.3757
   8 -0.7212
   6  0.5150
   6  0.0389
   6 -0.6395
   6 -0.3506
   1  0.2621
   1  0.1511
   1 -0.2180
   1  0.0540
   1  0.0540
   1  0.1490
   1  0.1490
   1  0.1490
   1  0.1004
   1  0.1004
   1  0.1004
   7 -1.0635
   6  0.1787
   6  0.5574
   8 -0.4564
   6  0.2411
   8 -0.5454
   1  0.5426
   1  0.1089
   1  0.0191
   1  0.0191
   1  0.3984
   7 -1.3229
   6  0.9941
   6  0.2823
   8 -0.4404
   6 -0.3352
   1  0.5164
   1 -0.1315
   1  0.1103
   1  0.1103
   1  0.1103
   7 -0.6124
   6  0.4208
   6  0.0160
   8 -0.4530
   6 -0.6339
   1  0.2944
   1  0.0437
   1  0.2024
   1  0.2024
   1  0.2024
   7  0.1098
   6 -0.5379
   6  0.9641
   8 -0.6288
   6  0.5321
   6 -1.0587
   6  1.2000
   8 -0.9195
   8 -0.9195
   1 -0.0378
   1  0.1529
   1 -0.1382
   1 -0.1382
   1  0.2678
   1  0.2678
   7 -0.4785
   6 -0.0837
   1  0.0775
   1  0.0775
   1  0.0775
   1  0.3965
  20  1.9646
   8 -0.7228
   1  0.3688
   1  0.3688
 rrms:    0.0508
