   6 -0.4266
   6  0.7555
   8 -0.6826
   1  0.1379
   1  0.1379
   1  0.1379
   7 -0.4674
   6  0.1456
   6  0.4528
   8 -0.5516
   6 -0.5507
   6  0.8426
   8 -0.7169
   8 -0.7169
   1  0.2936
   1  0.0911
   1  0.1604
   1  0.1604
   7 -0.5520
   6  0.0531
   6  0.5393
   8 -0.5413
   6 -0.1278
   6  0.4593
   6  0.0741
   6  0.1328
   7 -0.0599
   1  0.2741
   1  0.1054
   1  0.0198
   1  0.0198
   1 -0.1344
   1 -0.1344
   1 -0.0154
   1 -0.0154
   1  0.0123
   1  0.0123
   1  0.2204
   1  0.2204
   1  0.2204
   7 -0.3635
   6  0.3653
   6  0.5082
   8 -0.6806
   6 -0.3733
   6  0.8067
   8 -0.7706
   8 -0.7706
   1  0.2521
   1  0.0155
   1  0.0902
   1  0.0902
   7 -0.9553
   6  1.0258
   6  0.1406
   8 -0.4018
   1  0.3122
   1 -0.0186
   1 -0.0186
   7 -0.2904
   6  0.5757
   6  0.1255
   8 -0.4643
   6 -0.6498
   6  0.9188
   7 -0.9504
   8 -0.6966
   1  0.3473
   1 -0.4179
   1  0.1638
   1  0.1638
   1  0.4214
   1  0.4214
   7 -0.3526
   6 -0.1208
   6  0.2999
   8 -0.5706
   1  0.3378
   1  0.1245
   1  0.1245
   7 -0.0521
   6  0.0256
   6  0.7831
   8 -0.5780
   6  0.1087
   6 -0.0220
   6 -0.1000
   6 -0.1000
   6 -0.3513
   6 -0.3513
   6  0.4583
   8 -0.5615
   1  0.1523
   1  0.1313
   1 -0.0369
   1 -0.0369
   1  0.1356
   1  0.1356
   1  0.1770
   1  0.1770
   1  0.4095
   7 -0.9326
   6  0.4379
   6  0.7229
   8 -0.6718
   6 -0.2199
   6  0.2169
   6  0.4302
   6  0.0058
   1  0.4339
   1 -0.1672
   1 -0.0091
   1 -0.0775
   1 -0.0775
   1 -0.1210
   1 -0.1210
   1 -0.1210
   1  0.0203
   1  0.0203
   1  0.0203
   7 -0.7223
   6  0.1633
   6  0.3644
   8 -0.5164
   6  0.0491
   8 -0.5483
   1  0.4414
   1  0.1538
   1  0.0541
   1  0.0541
   1  0.4193
   7 -0.4969
   6  0.5151
   6  0.2848
   8 -0.4941
   6 -0.3084
   1  0.2351
   1 -0.0454
   1  0.1030
   1  0.1030
   1  0.1030
   7 -0.3992
   6  0.1560
   6  0.3403
   8 -0.4819
   6 -0.1134
   1  0.3017
   1  0.0633
   1  0.0412
   1  0.0412
   1  0.0412
   7 -0.1499
   6 -0.4368
   6  0.7898
   8 -0.6294
   6 -0.3051
   6 -0.5497
   6  0.9271
   8 -0.8479
   8 -0.8479
   1  0.1090
   1  0.1788
   1  0.2240
   1  0.2240
   1  0.1891
   1  0.1891
   7 -0.5564
   6  0.2697
   1 -0.0201
   1 -0.0201
   1 -0.0201
   1  0.4401
  20  1.9461
   8 -0.8038
   1  0.3772
   1  0.3772
 rrms:    0.0544
