   6 -0.8081
   6  0.7157
   8 -0.6652
   1  0.2298
   1  0.2298
   1  0.2298
   7 -0.6101
   6  0.2384
   6  0.2244
   8 -0.5222
   6 -0.4576
   6  0.7706
   8 -0.7169
   8 -0.7169
   1  0.3745
   1  0.0271
   1  0.1434
   1  0.1434
   7 -0.3181
   6  0.3329
   6  0.0683
   8 -0.4605
   6 -0.3928
   6  0.2509
   6  0.0331
   6  0.2074
   7 -0.0619
   1  0.4930
   1  0.0448
   1  0.1428
   1  0.1428
   1 -0.0732
   1 -0.0732
   1  0.0063
   1  0.0063
   1 -0.0036
   1 -0.0036
   1  0.2178
   1  0.2178
   1  0.2178
   7  0.0664
   6 -0.0219
   6  0.5808
   8 -0.5323
   6 -0.0175
   6  0.4726
   8 -0.7534
   8 -0.7534
   1  0.0402
   1  0.0292
   1  0.0041
   1  0.0041
   7 -0.5169
   6  0.0025
   6  0.6956
   8 -0.4381
   1  0.3639
   1  0.1002
   1  0.1002
   7 -1.1503
   6  1.2264
   6 -0.0208
   8 -0.4531
   6 -1.7127
   6  1.4496
   7 -1.2136
   8 -0.7943
   1  0.5593
   1 -0.2864
   1  0.4950
   1  0.4950
   1  0.4614
   1  0.4614
   7 -0.0595
   6 -0.2287
   6  0.6612
   8 -0.5684
   1  0.2043
   1  0.1403
   1  0.1403
   7 -0.5646
   6  0.4620
   6  0.0771
   8 -0.4586
   6 -0.4456
   6  0.3490
   6 -0.3304
   6 -0.3304
   6 -0.1739
   6 -0.1739
   6  0.2596
   8 -0.4995
   1  0.3512
   1  0.0096
   1  0.0953
   1  0.0953
   1  0.1690
   1  0.1690
   1  0.1521
   1  0.1521
   1  0.3816
   7 -0.1446
   6 -0.3707
   6  0.5839
   8 -0.5461
   6  0.3976
   6 -0.1695
   6 -0.5315
   6 -0.2359
   1  0.1420
   1  0.2050
   1 -0.0625
   1  0.1106
   1  0.1106
   1  0.1346
   1  0.1346
   1  0.1346
   1  0.0649
   1  0.0649
   1  0.0649
   7  0.1207
   6 -0.4274
   6  0.6346
   8 -0.5820
   6  0.5301
   8 -0.6664
   1  0.1926
   1  0.1235
   1 -0.0879
   1 -0.0879
   1  0.4256
   7 -0.1733
   6  0.0278
   6  0.5286
   8 -0.5988
   6  0.0069
   1  0.1834
   1  0.1227
   1  0.0074
   1  0.0074
   1  0.0074
   7 -0.6438
   6  0.4109
   6  0.6035
   8 -0.5694
   6 -0.3094
   1  0.1265
   1  0.0290
   1  0.1063
   1  0.1063
   1  0.1063
   7 -0.9205
   6  0.4708
   6  0.2129
   8 -0.4849
   6  0.2389
   6 -0.9466
   6  1.0984
   8 -0.8565
   8 -0.8565
   1  0.4254
   1  0.0888
   1 -0.0518
   1 -0.0518
   1  0.2000
   1  0.2000
   7 -0.2095
   6  0.0267
   1  0.0436
   1  0.0436
   1  0.0436
   1  0.2586
  20  1.8182
   8 -0.5943
   1  0.3251
   1  0.3251
 rrms:    0.0495
