   6 -0.9065
   6  0.8439
   8 -0.6709
   1  0.2580
   1  0.2580
   1  0.2580
   7 -0.6539
   6  0.4326
   6  0.4088
   8 -0.5700
   6 -0.4700
   6  0.6805
   8 -0.8236
   8 -0.8236
   1  0.3914
   1 -0.0476
   1  0.1578
   1  0.1578
   7  0.0518
   6  0.1288
   6  0.2800
   8 -0.5371
   6 -0.1334
   6 -0.1612
   6 -0.2750
   6  0.4791
   7 -0.4654
   1 -0.1420
   1  0.0257
   1  0.0806
   1  0.0806
   1  0.0890
   1  0.0890
   1  0.1359
   1  0.1359
   1 -0.0676
   1 -0.0676
   1  0.3713
   1  0.3713
   1  0.3713
   7 -0.4176
   6  0.9584
   6 -0.3769
   8 -0.3594
   6 -1.1446
   6  1.0495
   8 -0.8969
   8 -0.8969
   1  0.0192
   1 -0.0587
   1  0.2954
   1  0.2954
   7  0.2483
   6 -0.3680
   6  0.5302
   8 -0.5934
   1  0.0125
   1  0.1870
   1  0.1870
   7 -0.2204
   6 -0.0103
   6  0.3885
   8 -0.5693
   6 -0.1212
   6  0.3813
   7 -0.6467
   8 -0.4957
   1  0.3009
   1  0.1130
   1  0.0876
   1  0.0876
   1  0.3505
   1  0.3505
   7 -0.1502
   6 -0.0060
   6  0.3901
   8 -0.5635
   1  0.1450
   1  0.0678
   1  0.0678
   7  0.0028
   6 -0.3814
   6  0.6608
   8 -0.7137
   6  0.2482
   6 -0.3190
   6  0.1444
   6  0.1444
   6 -0.4827
   6 -0.4827
   6  0.5823
   8 -0.5702
   1  0.0786
   1  0.1849
   1 -0.0435
   1 -0.0435
   1  0.0537
   1  0.0537
   1  0.1813
   1  0.1813
   1  0.4333
   7 -0.3563
   6 -0.0160
   6  0.4142
   8 -0.5432
   6  0.1636
   6  0.2075
   6 -0.4869
   6 -0.5014
   1  0.2609
   1  0.0610
   1 -0.0207
   1  0.0035
   1  0.0035
   1  0.1149
   1  0.1149
   1  0.1149
   1  0.1317
   1  0.1317
   1  0.1317
   7  0.0176
   6 -0.0890
   6  0.0832
   8 -0.1866
   6  0.2422
   8 -0.4922
   1  0.0261
   1  0.0840
   1 -0.0046
   1 -0.0046
   1  0.2526
   7 -0.2707
   6  0.1665
   6  0.4203
   8 -0.5947
   6 -0.3186
   1  0.3292
   1  0.0741
   1  0.1035
   1  0.1035
   1  0.1035
   7 -0.3832
   6  0.2274
   6  0.0225
   8 -0.4574
   6 -0.2010
   1  0.2977
   1  0.0154
   1  0.0693
   1  0.0693
   1  0.0693
   7  0.2644
   6 -0.3712
   6  0.5893
   8 -0.6209
   6  0.4416
   6 -0.4341
   6  0.4523
   8 -0.5942
   8 -0.5942
   1  0.3508
   1  0.1754
   1 -0.1804
   1 -0.1804
   1  0.1057
   1  0.1057
   7 -0.1395
   6 -0.1032
   1  0.0688
   1  0.0688
   1  0.0688
   1 -0.0810
  20  2.7680
   8 -0.8701
   1  0.3764
   1  0.3764
 rrms:    0.0524
