   6 -0.4933
   6  0.7205
   8 -0.6444
   1  0.1512
   1  0.1512
   1  0.1512
   7 -0.7040
   6  0.2585
   6  0.3422
   8 -0.4842
   6  0.0611
   6  0.2727
   8 -0.6224
   8 -0.6224
   1  0.3787
   1  0.0737
   1  0.0143
   1  0.0143
   7  0.4307
   6 -0.8885
   6  0.9573
   8 -0.6992
   6  0.6041
   6 -0.4351
   6  0.0389
   6  0.2076
   7 -0.1855
   1 -0.1431
   1  0.2590
   1 -0.0696
   1 -0.0696
   1  0.1413
   1  0.1413
   1 -0.0080
   1 -0.0080
   1  0.0374
   1  0.0374
   1  0.3016
   1  0.3016
   1  0.3016
   7 -0.8792
   6  0.8634
   6 -0.1195
   8 -0.4365
   6 -0.8947
   6  0.9028
   8 -0.7576
   8 -0.7576
   1  0.4440
   1 -0.0835
   1  0.2293
   1  0.2293
   7  0.0410
   6 -0.0147
   6  0.3822
   8 -0.5357
   1 -0.0039
   1  0.0928
   1  0.0928
   7  0.0097
   6 -0.1550
   6  0.5806
   8 -0.5845
   6 -0.2697
   6  0.4773
   7 -0.8319
   8 -0.4241
   1 -0.1921
   1  0.1398
   1  0.1639
   1  0.1639
   1  0.4204
   1  0.4204
   7 -0.3386
   6  0.0398
   6  0.3058
   8 -0.5311
   1  0.1882
   1  0.0718
   1  0.0718
   7 -0.0537
   6 -0.4463
   6  0.8080
   8 -0.6359
   6 -0.0865
   6  0.0528
   6 -0.1744
   6 -0.1744
   6 -0.2155
   6 -0.2155
   6  0.3269
   8 -0.5120
   1  0.2248
   1  0.2086
   1  0.0546
   1  0.0546
   1  0.1694
   1  0.1694
   1  0.1411
   1  0.1411
   1  0.3859
   7 -0.4418
   6 -0.0696
   6  0.6740
   8 -0.5922
   6  0.3407
   6  0.1119
   6 -0.3955
   6 -0.2547
   1  0.2727
   1 -0.0055
   1 -0.0703
   1  0.0126
   1  0.0126
   1  0.0807
   1  0.0807
   1  0.0807
   1  0.0619
   1  0.0619
   1  0.0619
   7 -0.4136
   6  0.1585
   6  0.1813
   8 -0.2473
   6 -0.0040
   8 -0.5292
   1  0.3171
   1  0.0145
   1  0.0454
   1  0.0454
   1  0.4192
   7 -0.2015
   6  0.0170
   6  0.5840
   8 -0.6220
   6 -0.1278
   1  0.3243
   1  0.0584
   1  0.0486
   1  0.0486
   1  0.0486
   7 -0.4557
   6  0.1536
   6  0.1743
   8 -0.5171
   6 -0.1623
   1  0.3415
   1  0.0432
   1  0.0637
   1  0.0637
   1  0.0637
   7  0.2148
   6  0.0455
   6  0.2344
   8 -0.5508
   6  0.5376
   6 -0.8887
   6  1.2158
   8 -0.9392
   8 -0.9392
   1  0.1190
   1  0.1075
   1 -0.2028
   1 -0.2028
   1  0.1690
   1  0.1690
   7  0.0863
   6 -0.1598
   1  0.0966
   1  0.0966
   1  0.0966
   1 -0.2996
  20  2.0430
   8 -0.6881
   1  0.3329
   1  0.3329
 rrms:    0.0438
