   6 -0.5981
   6  0.6897
   8 -0.6277
   1  0.1832
   1  0.1832
   1  0.1832
   7 -0.6693
   6  0.1775
   6  0.8079
   8 -0.6637
   6 -0.2372
   6  0.6042
   8 -0.7724
   8 -0.7724
   1  0.3742
   1 -0.0134
   1  0.1300
   1  0.1300
   7 -0.5449
   6  0.0268
   6  0.4324
   8 -0.5729
   6 -0.0931
   6  0.0087
   6 -0.2906
   6  0.5141
   7 -0.4144
   1  0.1590
   1  0.1002
   1  0.0132
   1  0.0132
   1  0.0855
   1  0.0855
   1  0.1069
   1  0.1069
   1 -0.0448
   1 -0.0448
   1  0.3655
   1  0.3655
   1  0.3655
   7 -0.4257
   6  0.4342
   6 -0.0033
   8 -0.4684
   6 -0.5040
   6  0.8850
   8 -0.7774
   8 -0.7774
   1  0.3289
   1  0.0262
   1  0.1443
   1  0.1443
   7  0.0933
   6 -0.2086
   6  0.3564
   8 -0.5507
   1 -0.1024
   1  0.1432
   1  0.1432
   7 -0.2222
   6 -0.0034
   6  0.4126
   8 -0.5489
   6 -0.1885
   6  0.5334
   7 -0.8066
   8 -0.3666
   1  0.2326
   1  0.1108
   1  0.0840
   1  0.0840
   1  0.3900
   1  0.3900
   7 -0.1478
   6 -0.2686
   6  0.5651
   8 -0.6468
   1  0.3136
   1  0.1484
   1  0.1484
   7 -0.0504
   6 -0.4093
   6  0.7503
   8 -0.4477
   6 -0.1238
   6 -0.0834
   6  0.1638
   6  0.1638
   6 -0.6064
   6 -0.6064
   6  0.6839
   8 -0.5967
   1 -0.0922
   1  0.1771
   1  0.0599
   1  0.0599
   1  0.0787
   1  0.0787
   1  0.2205
   1  0.2205
   1  0.4505
   7 -0.6957
   6  0.1270
   6  0.7095
   8 -0.5700
   6 -0.0278
   6  0.2485
   6  0.0068
   6 -0.2630
   1  0.3681
   1 -0.1300
   1  0.0552
   1 -0.0221
   1 -0.0221
   1 -0.0416
   1 -0.0416
   1 -0.0416
   1  0.0842
   1  0.0842
   1  0.0842
   7 -0.2395
   6 -0.1400
   6  0.4743
   8 -0.4033
   6  0.1598
   8 -0.6147
   1  0.1972
   1  0.0790
   1  0.0128
   1  0.0128
   1  0.4442
   7 -0.3746
   6  0.1568
   6  0.6717
   8 -0.6339
   6 -0.2634
   1  0.3622
   1  0.0135
   1  0.0889
   1  0.0889
   1  0.0889
   7 -0.9566
   6  0.9610
   6 -0.3839
   8 -0.3792
   6 -0.8694
   1  0.4398
   1 -0.1234
   1  0.2461
   1  0.2461
   1  0.2461
   7  0.5568
   6 -0.1576
   6  0.4865
   8 -0.5676
   6  0.2755
   6 -0.9039
   6  0.9762
   8 -0.7515
   8 -0.7515
   1  0.1634
   1  0.1212
   1 -0.1368
   1 -0.1368
   1  0.1989
   1  0.1989
   7 -0.1626
   6 -0.0191
   1  0.0457
   1  0.0457
   1  0.0457
   1 -0.0223
  20  1.9409
   8 -0.6266
   1  0.3115
   1  0.3115
 rrms:    0.0470
