   6 -0.4114
   6  0.7053
   8 -0.6646
   1  0.1284
   1  0.1284
   1  0.1284
   7 -0.6530
   6  0.0880
   6  0.6849
   8 -0.5759
   6 -0.5242
   6  0.5359
   8 -0.6609
   8 -0.6609
   1  0.4164
   1  0.0022
   1  0.1955
   1  0.1955
   7 -0.2683
   6 -0.1570
   6  0.5408
   8 -0.6124
   6  0.1345
   6  0.0692
   6 -0.2739
   6  0.5885
   7 -0.3975
   1  0.0175
   1  0.0429
   1 -0.0208
   1 -0.0208
   1 -0.0052
   1 -0.0052
   1  0.1050
   1  0.1050
   1 -0.0716
   1 -0.0716
   1  0.3461
   1  0.3461
   1  0.3461
   7 -0.5337
   6  0.6706
   6 -0.0955
   8 -0.4402
   6 -0.5878
   6  0.8414
   8 -0.7945
   8 -0.7945
   1  0.3567
   1 -0.0375
   1  0.1489
   1  0.1489
   7  0.1725
   6 -0.1836
   6  0.4504
   8 -0.5639
   1 -0.0529
   1  0.1243
   1  0.1243
   7 -0.1969
   6 -0.2159
   6  0.5441
   8 -0.6332
   6  0.0033
   6  0.2739
   7 -0.5957
   8 -0.2364
   1  0.1047
   1  0.1690
   1  0.0954
   1  0.0954
   1  0.3150
   1  0.3150
   7 -0.1581
   6  0.0901
   6  0.2918
   8 -0.5483
   1  0.1146
   1  0.0571
   1  0.0571
   7 -0.1662
   6 -0.1647
   6  0.9140
   8 -0.7107
   6  0.0718
   6 -0.0284
   6  0.0050
   6  0.0050
   6 -0.4513
   6 -0.4513
   6  0.5568
   8 -0.5656
   1 -0.1134
   1  0.1052
   1 -0.0059
   1 -0.0059
   1  0.1197
   1  0.1197
   1  0.1974
   1  0.1974
   1  0.4243
   7 -0.7273
   6  0.1320
   6  0.4313
   8 -0.5115
   6  0.0871
   6 -0.1299
   6 -0.3898
   6 -0.3120
   1  0.3824
   1 -0.0627
   1  0.0160
   1  0.0766
   1  0.0766
   1  0.0862
   1  0.0862
   1  0.0862
   1  0.1573
   1  0.1573
   1  0.1573
   7  0.1968
   6 -0.5125
   6  0.6292
   8 -0.4147
   6  0.6499
   8 -0.6012
   1 -0.1378
   1  0.1602
   1 -0.1325
   1 -0.1325
   1  0.3119
   7 -0.4625
   6  0.2349
   6  0.4214
   8 -0.6070
   6 -0.5825
   1  0.4044
   1  0.0020
   1  0.1854
   1  0.1854
   1  0.1854
   7 -0.3500
   6  0.2918
   6 -0.0941
   8 -0.4416
   6 -0.2489
   1  0.1775
   1  0.0203
   1  0.0921
   1  0.0921
   1  0.0921
   7  0.4282
   6 -0.3796
   6  0.5004
   8 -0.5903
   6  0.2023
   6 -0.5976
   6  0.5144
   8 -0.4965
   8 -0.4965
   1  0.1369
   1  0.1825
   1  0.0119
   1  0.0119
   1  0.1762
   1  0.1762
   7 -0.1652
   6 -0.0110
   1  0.0424
   1  0.0424
   1  0.0424
   1  0.0519
  20  1.9941
   8 -0.5609
   1  0.3122
   1  0.3122
 rrms:    0.0496
