   6 -0.5215
   6  0.8143
   8 -0.6739
   1  0.1567
   1  0.1567
   1  0.1567
   7 -0.7876
   6  0.3500
   6  0.2483
   8 -0.5142
   6 -0.4877
   6  0.8103
   8 -0.6955
   8 -0.6955
   1  0.3966
   1  0.0213
   1  0.1137
   1  0.1137
   7  0.0232
   6 -0.1932
   6  0.5828
   8 -0.5958
   6  0.0011
   6  0.4240
   6 -0.3279
   6  0.2014
   7  0.1217
   1  0.1997
   1  0.0969
   1  0.0098
   1  0.0098
   1 -0.1042
   1 -0.1042
   1  0.1082
   1  0.1082
   1  0.0376
   1  0.0376
   1  0.1724
   1  0.1724
   1  0.1724
   7 -0.4630
   6  0.2900
   6  0.3565
   8 -0.4022
   6 -0.5250
   6  0.8014
   8 -0.7763
   8 -0.7763
   1  0.2105
   1  0.0248
   1  0.1801
   1  0.1801
   7 -0.4611
   6 -0.1858
   6  0.6335
   8 -0.5858
   1  0.3320
   1  0.1897
   1  0.1897
   7 -1.0274
   6  1.0187
   6  0.0033
   8 -0.4050
   6 -0.7240
   6  1.1286
   7 -1.0208
   8 -0.7368
   1  0.3810
   1 -0.1689
   1  0.1419
   1  0.1419
   1  0.4493
   1  0.4493
   7 -0.2074
   6 -0.0944
   6  0.4493
   8 -0.5281
   1  0.2675
   1  0.1198
   1  0.1198
   7 -0.6175
   6  0.4286
   6  0.0812
   8 -0.5423
   6 -0.0741
   6 -0.1022
   6 -0.0178
   6 -0.0178
   6 -0.4697
   6 -0.4697
   6  0.5873
   8 -0.5708
   1  0.3428
   1 -0.0035
   1  0.0678
   1  0.0678
   1  0.0887
   1  0.0887
   1  0.1974
   1  0.1974
   1  0.4229
   7 -0.0538
   6 -0.0232
   6  0.3758
   8 -0.4524
   6  0.2871
   6 -0.2528
   6 -0.2104
   6 -0.0923
   1  0.2227
   1  0.1713
   1 -0.1299
   1  0.0994
   1  0.0994
   1  0.0613
   1  0.0613
   1  0.0613
   1  0.0157
   1  0.0157
   1  0.0157
   7  0.0679
   6 -0.6362
   6  0.9756
   8 -0.6554
   6  0.6475
   8 -0.7023
   1  0.3577
   1  0.1841
   1 -0.1169
   1 -0.1169
   1  0.4270
   7 -0.8650
   6  0.5663
   6  0.2463
   8 -0.5604
   6 -0.1880
   1  0.4529
   1 -0.0631
   1  0.0601
   1  0.0601
   1  0.0601
   7 -0.2212
   6  0.1940
   6  0.4533
   8 -0.5074
   6  0.0688
   1 -0.0539
   1  0.0388
   1  0.0184
   1  0.0184
   1  0.0184
   7 -0.6980
   6  0.1208
   6  0.2183
   8 -0.4912
   6 -0.1179
   6 -0.3539
   6  0.7082
   8 -0.7745
   8 -0.7745
   1  0.3739
   1  0.1207
   1  0.0442
   1  0.0442
   1  0.1522
   1  0.1522
   7 -0.0852
   6 -0.1300
   1  0.0894
   1  0.0894
   1  0.0894
   1  0.2347
  20  1.7786
   8 -0.6943
   1  0.3154
   1  0.3154
 rrms:    0.0573
