   6 -0.5045
   6  0.7992
   8 -0.6513
   1  0.1606
   1  0.1606
   1  0.1606
   7 -0.8356
   6  0.7339
   6  0.1200
   8 -0.4839
   6 -0.7221
   6  0.7612
   8 -0.6284
   8 -0.6284
   1  0.3830
   1 -0.1256
   1  0.2618
   1  0.2618
   7 -0.1828
   6  0.0180
   6  0.3799
   8 -0.4884
   6  0.1000
   6  0.1040
   6  0.0743
   6  0.1670
   7 -0.1678
   1  0.0849
   1  0.1270
   1 -0.0468
   1 -0.0468
   1 -0.0530
   1 -0.0530
   1  0.0004
   1  0.0004
   1  0.0082
   1  0.0082
   1  0.3181
   1  0.3181
   1  0.3181
   7 -0.2280
   6 -0.0159
   6  0.6415
   8 -0.5563
   6 -0.2382
   6  0.6463
   8 -0.6973
   8 -0.6973
   1  0.1759
   1  0.1032
   1  0.1392
   1  0.1392
   7 -0.9690
   6  0.6442
   6  0.2983
   8 -0.4871
   1  0.4311
   1 -0.0406
   1 -0.0406
   7 -0.2737
   6  0.2234
   6  0.1768
   8 -0.3454
   6 -0.4095
   6  0.7847
   7 -0.9133
   8 -0.6129
   1  0.1544
   1  0.0122
   1  0.1570
   1  0.1570
   1  0.4283
   1  0.4283
   7 -0.2798
   6 -0.1664
   6  0.4814
   8 -0.4816
   1  0.3106
   1  0.1343
   1  0.1343
   7 -0.4524
   6  0.4474
   6  0.1338
   8 -0.5035
   6 -0.2624
   6  0.2467
   6 -0.3409
   6 -0.3409
   6 -0.1349
   6 -0.1349
   6  0.2679
   8 -0.5385
   1  0.3121
   1  0.0156
   1  0.0617
   1  0.0617
   1  0.1591
   1  0.1591
   1  0.1387
   1  0.1387
   1  0.4096
   7 -0.1256
   6 -0.5664
   6  1.0667
   8 -0.6696
   6  0.2262
   6 -0.1778
   6 -0.3034
   6  0.0039
   1  0.1229
   1  0.1849
   1 -0.0736
   1  0.0796
   1  0.0796
   1  0.0795
   1  0.0795
   1  0.0795
   1  0.0008
   1  0.0008
   1  0.0008
   7 -0.5373
   6 -0.1502
   6  0.7188
   8 -0.6177
   6  0.3862
   8 -0.5926
   1  0.4445
   1  0.0649
   1 -0.0647
   1 -0.0647
   1  0.4030
   7 -0.5684
   6  0.3479
   6  0.3341
   8 -0.5551
   6 -0.3106
   1  0.3537
   1  0.0432
   1  0.0921
   1  0.0921
   1  0.0921
   7 -0.3396
   6  0.2020
   6  0.5319
   8 -0.5751
   6 -0.2798
   1  0.1440
   1  0.0587
   1  0.1147
   1  0.1147
   1  0.1147
   7 -0.9231
   6  0.6615
   6  0.0187
   8 -0.4211
   6  0.0757
   6 -0.9707
   6  1.2363
   8 -0.8409
   8 -0.8409
   1  0.3838
   1  0.0051
   1  0.0253
   1  0.0253
   1  0.2208
   1  0.2208
   7 -0.0814
   6 -0.0758
   1  0.0777
   1  0.0777
   1  0.0777
   1  0.2190
  20  1.3660
   8 -0.7000
   1  0.3366
   1  0.3366
 rrms:    0.0530
