   6 -0.6592
   6  0.7031
   8 -0.6186
   1  0.1985
   1  0.1985
   1  0.1985
   7 -0.4969
   6  0.4290
   6  0.3090
   8 -0.5273
   6 -0.7120
   6  0.5992
   8 -0.7031
   8 -0.7031
   1  0.3105
   1 -0.0621
   1  0.2354
   1  0.2354
   7 -0.2330
   6  0.3175
   6  0.5037
   8 -0.6033
   6 -0.1666
   6  0.2932
   6 -0.5288
   6  0.6005
   7 -0.3271
   1  0.1767
   1 -0.0588
   1  0.0335
   1  0.0335
   1 -0.0649
   1 -0.0649
   1  0.1851
   1  0.1851
   1 -0.0767
   1 -0.0767
   1  0.3256
   1  0.3256
   1  0.3256
   7 -0.8317
   6  1.0327
   6 -0.1694
   8 -0.3757
   6 -1.2710
   6  1.0997
   8 -0.8587
   8 -0.8587
   1  0.4936
   1 -0.1091
   1  0.3338
   1  0.3338
   7 -0.0357
   6 -0.2809
   6  0.5729
   8 -0.5648
   1  0.1840
   1  0.1816
   1  0.1816
   7 -0.3948
   6  0.1398
   6  0.6261
   8 -0.4841
   6 -0.2638
   6  0.7900
   7 -0.8614
   8 -0.6554
   1  0.1960
   1 -0.0345
   1  0.0859
   1  0.0859
   1  0.4163
   1  0.4163
   7 -0.5971
   6  0.1728
   6  0.3786
   8 -0.5538
   1  0.3934
   1  0.0688
   1  0.0688
   7 -0.7103
   6  0.3979
   6  0.1781
   8 -0.5590
   6 -0.3807
   6  0.2272
   6 -0.2605
   6 -0.2605
   6 -0.2617
   6 -0.2617
   6  0.3916
   8 -0.5574
   1  0.3745
   1  0.0001
   1  0.1976
   1  0.1976
   1  0.1582
   1  0.1582
   1  0.1565
   1  0.1565
   1  0.4148
   7 -0.1214
   6 -0.2022
   6  0.4845
   8 -0.5545
   6  0.0190
   6 -0.0693
   6 -0.0852
   6 -0.0923
   1  0.1969
   1  0.1739
   1  0.0321
   1  0.0172
   1  0.0172
   1  0.0402
   1  0.0402
   1  0.0402
   1  0.0451
   1  0.0451
   1  0.0451
   7 -0.3020
   6  0.0737
   6  0.1512
   8 -0.5080
   6  0.1596
   8 -0.5701
   1  0.3593
   1  0.0641
   1 -0.0013
   1 -0.0013
   1  0.4274
   7  0.2735
   6 -0.0145
   6  0.6614
   8 -0.6161
   6 -0.0784
   1  0.1041
   1  0.0952
   1  0.0213
   1  0.0213
   1  0.0213
   7 -0.5976
   6  0.3396
   6  0.5474
   8 -0.5184
   6 -0.2830
   1  0.1212
   1 -0.0333
   1  0.0987
   1  0.0987
   1  0.0987
   7 -0.5238
   6  0.1071
   6  0.2619
   8 -0.5053
   6  0.0086
   6 -0.5100
   6  0.8380
   8 -0.7741
   8 -0.7741
   1  0.3498
   1  0.1295
   1 -0.0092
   1 -0.0092
   1  0.1323
   1  0.1323
   7 -0.2698
   6  0.1694
   1  0.0104
   1  0.0104
   1  0.0104
   1  0.2683
  20  1.8326
   8 -0.6696
   1  0.3252
   1  0.3252
 rrms:    0.0475
