   6 -0.5486
   6  0.9199
   8 -0.7232
   1  0.1729
   1  0.1729
   1  0.1729
   7 -0.9319
   6  0.7030
   6  0.1465
   8 -0.5798
   6 -0.5836
   6  0.8447
   8 -0.7248
   8 -0.7248
   1  0.3722
   1 -0.0315
   1  0.1605
   1  0.1605
   7 -0.6137
   6  0.3445
   6  0.2533
   8 -0.5239
   6  0.0111
   6 -0.0550
   6 -0.0724
   6  0.3630
   7 -0.2223
   1  0.3413
   1 -0.0005
   1  0.0387
   1  0.0387
   1  0.0150
   1  0.0150
   1  0.0447
   1  0.0447
   1 -0.0383
   1 -0.0383
   1  0.2928
   1  0.2928
   1  0.2928
   7 -0.1976
   6  0.2461
   6  0.3096
   8 -0.4980
   6 -0.3994
   6  0.9117
   8 -0.8485
   8 -0.8485
   1  0.3569
   1  0.0230
   1  0.1052
   1  0.1052
   7 -0.3328
   6 -0.2277
   6  0.4711
   8 -0.4979
   1  0.2734
   1  0.1755
   1  0.1755
   7 -0.4229
   6  0.1115
   6  0.4903
   8 -0.5474
   6 -0.4227
   6  0.8501
   7 -0.9184
   8 -0.6602
   1  0.2572
   1 -0.0030
   1  0.1648
   1  0.1648
   1  0.4292
   1  0.4292
   7 -0.3100
   6 -0.0492
   6  0.6295
   8 -0.5983
   1  0.3185
   1  0.1121
   1  0.1121
   7 -0.8225
   6  0.5491
   6  0.0058
   8 -0.4608
   6 -0.7843
   6  0.4591
   6 -0.2601
   6 -0.2601
   6 -0.3821
   6 -0.3821
   6  0.4956
   8 -0.5660
   1  0.4210
   1  0.0156
   1  0.2048
   1  0.2048
   1  0.1831
   1  0.1831
   1  0.2032
   1  0.2032
   1  0.4161
   7 -0.1594
   6 -0.1560
   6  0.5753
   8 -0.5294
   6  0.4845
   6  0.0875
   6 -0.5899
   6  0.0032
   1  0.1657
   1  0.0343
   1 -0.0850
   1 -0.0370
   1 -0.0370
   1  0.1439
   1  0.1439
   1  0.1439
   1 -0.0035
   1 -0.0035
   1 -0.0035
   7 -0.3013
   6 -0.0178
   6  0.1902
   8 -0.5611
   6  0.4184
   8 -0.6102
   1  0.3415
   1  0.1130
   1 -0.0241
   1 -0.0241
   1  0.3999
   7 -0.2163
   6  0.3015
   6  0.2594
   8 -0.5316
   6 -0.0574
   1  0.2212
   1  0.0065
   1  0.0324
   1  0.0324
   1  0.0324
   7 -0.1315
   6  0.1346
   6  0.4548
   8 -0.5307
   6 -0.0803
   1 -0.0020
   1  0.0527
   1  0.0417
   1  0.0417
   1  0.0417
   7 -0.5216
   6  0.1791
   6  0.2087
   8 -0.4879
   6  0.0576
   6 -0.5405
   6  0.9973
   8 -0.8376
   8 -0.8376
   1  0.3453
   1  0.1407
   1 -0.0423
   1 -0.0423
   1  0.1421
   1  0.1421
   7 -0.1400
   6 -0.0531
   1  0.0651
   1  0.0651
   1  0.0651
   1  0.2322
  20  1.7378
   8 -0.6050
   1  0.3278
   1  0.3278
 rrms:    0.0395
