   6 -0.5822
   6  0.7540
   8 -0.6792
   1  0.1732
   1  0.1732
   1  0.1732
   7 -0.7640
   6  0.7887
   6  0.2600
   8 -0.4460
   6 -1.1938
   6  1.1731
   8 -0.8974
   8 -0.8974
   1  0.4529
   1 -0.0548
   1  0.3145
   1  0.3145
   7 -0.4048
   6  0.1975
   6  0.3835
   8 -0.5824
   6 -0.0945
   6  0.1105
   6 -0.2004
   6  0.3208
   7 -0.2321
   1  0.1582
   1  0.0386
   1  0.0572
   1  0.0572
   1  0.0401
   1  0.0401
   1  0.0802
   1  0.0802
   1 -0.0278
   1 -0.0278
   1  0.2406
   1  0.2406
   1  0.2406
   7 -0.6060
   6  0.9454
   6 -0.2636
   8 -0.4022
   6 -0.8982
   6  0.9528
   8 -0.7515
   8 -0.7515
   1  0.3131
   1 -0.0839
   1  0.2642
   1  0.2642
   7  0.1626
   6 -0.1870
   6  0.5896
   8 -0.6169
   1 -0.1548
   1  0.1319
   1  0.1319
   7 -0.3207
   6  0.4167
   6 -0.0432
   8 -0.2538
   6 -0.7698
   6  0.9160
   7 -0.8907
   8 -0.7130
   1  0.2012
   1 -0.0309
   1  0.2634
   1  0.2634
   1  0.4048
   1  0.4048
   7  0.1504
   6 -0.5416
   6  0.9536
   8 -0.6936
   1  0.1579
   1  0.1661
   1  0.1661
   7 -0.8183
   6  0.4560
   6  0.1861
   8 -0.5139
   6 -0.3588
   6  0.1418
   6 -0.1235
   6 -0.1235
   6 -0.4618
   6 -0.4618
   6  0.5751
   8 -0.5603
   1  0.4815
   1 -0.0311
   1  0.1413
   1  0.1413
   1  0.1327
   1  0.1327
   1  0.1994
   1  0.1994
   1  0.4138
   7 -0.2943
   6 -0.0803
   6  0.5813
   8 -0.4751
   6  0.2440
   6  0.1617
   6 -0.5104
   6 -0.1966
   1  0.2578
   1  0.0774
   1  0.0033
   1 -0.0323
   1 -0.0323
   1  0.1285
   1  0.1285
   1  0.1285
   1  0.0387
   1  0.0387
   1  0.0387
   7 -0.0081
   6 -0.8231
   6  0.9421
   8 -0.6569
   6  0.7504
   8 -0.7485
   1  0.0342
   1  0.2583
   1 -0.1407
   1 -0.1407
   1  0.4168
   7 -0.4034
   6  0.0255
   6  0.7168
   8 -0.6083
   6 -0.1704
   1  0.3851
   1  0.1697
   1  0.0446
   1  0.0446
   1  0.0446
   7 -0.7622
   6  0.1309
   6  0.7053
   8 -0.6079
   6 -0.1032
   1  0.3796
   1  0.0236
   1  0.0724
   1  0.0724
   1  0.0724
   7 -0.8310
   6  0.2115
   6  0.3590
   8 -0.5260
   6 -0.1215
   6 -0.3428
   6  0.7257
   8 -0.6758
   8 -0.6758
   1  0.4160
   1  0.0866
   1  0.0745
   1  0.0745
   1  0.0544
   1  0.0544
   7 -0.3137
   6  0.1223
   1  0.0192
   1  0.0192
   1  0.0192
   1  0.3451
  20  1.7714
   8 -0.5920
   1  0.3148
   1  0.3148
 rrms:    0.0466
