   6 -0.6504
   6  0.8657
   8 -0.7142
   1  0.1995
   1  0.1995
   1  0.1995
   7 -0.6509
   6  0.4603
   6  0.3238
   8 -0.4254
   6 -0.6164
   6  0.8657
   8 -0.7525
   8 -0.7525
   1  0.3084
   1 -0.0316
   1  0.1527
   1  0.1527
   7 -0.4147
   6 -0.0331
   6  0.5427
   8 -0.5499
   6  0.0260
   6  0.0685
   6 -0.1217
   6  0.4377
   7 -0.3007
   1  0.1989
   1  0.1088
   1  0.0573
   1  0.0573
   1 -0.0169
   1 -0.0169
   1  0.0499
   1  0.0499
   1 -0.0620
   1 -0.0620
   1  0.3206
   1  0.3206
   1  0.3206
   7 -0.3379
   6  0.1399
   6  0.3495
   8 -0.5353
   6 -0.1383
   6  0.6415
   8 -0.6819
   8 -0.6819
   1  0.2027
   1  0.0639
   1  0.0680
   1  0.0680
   7 -0.3206
   6 -0.0795
   6  0.5869
   8 -0.5441
   1  0.0065
   1  0.1603
   1  0.1603
   7 -0.7221
   6  0.7583
   6  0.1052
   8 -0.4870
   6 -0.8105
   6  1.0127
   7 -0.9530
   8 -0.6895
   1  0.4212
   1 -0.3839
   1  0.2377
   1  0.2377
   1  0.4599
   1  0.4599
   7  0.0135
   6 -0.3353
   6  0.5471
   8 -0.5650
   1  0.2016
   1  0.1752
   1  0.1752
   7 -0.5037
   6  0.5034
   6  0.3888
   8 -0.5168
   6 -0.3715
   6  0.3893
   6 -0.4049
   6 -0.4049
   6 -0.1126
   6 -0.1126
   6  0.2406
   8 -0.5071
   1  0.2812
   1 -0.0551
   1  0.1147
   1  0.1147
   1  0.1832
   1  0.1832
   1  0.1304
   1  0.1304
   1  0.4005
   7 -0.1218
   6 -0.3615
   6  0.9638
   8 -0.8772
   6  0.1798
   6 -0.2719
   6 -0.3295
   6  0.0489
   1  0.2261
   1  0.0071
   1  0.1109
   1  0.0906
   1  0.0906
   1  0.0791
   1  0.0791
   1  0.0791
   1 -0.0225
   1 -0.0225
   1 -0.0225
   7 -0.2736
   6 -0.4733
   6  1.0204
   8 -0.7242
   6  0.6577
   8 -0.6894
   1  0.1679
   1  0.2494
   1 -0.0891
   1 -0.0891
   1  0.4278
   7 -1.0123
   6  0.7794
   6  0.1983
   8 -0.4159
   6 -0.4402
   1  0.4127
   1 -0.1304
   1  0.1450
   1  0.1450
   1  0.1450
   7 -0.4929
   6  0.2428
   6  0.1266
   8 -0.4537
   6 -0.3567
   1  0.3123
   1  0.0718
   1  0.1168
   1  0.1168
   1  0.1168
   7  0.0809
   6 -0.6155
   6  0.8439
   8 -0.6348
   6  0.4160
   6 -0.7850
   6  0.9026
   8 -0.7670
   8 -0.7670
   1  0.0324
   1  0.2473
   1 -0.0746
   1 -0.0746
   1  0.2107
   1  0.2107
   7 -0.4303
   6 -0.0069
   1  0.0556
   1  0.0556
   1  0.0556
   1  0.4167
  20  1.6527
   8 -0.5963
   1  0.3301
   1  0.3301
 rrms:    0.0492
