   6 -0.5411
   6  0.7032
   8 -0.5806
   1  0.1613
   1  0.1613
   1  0.1613
   7 -0.6966
   6  0.2635
   6  0.6117
   8 -0.5632
   6 -0.3130
   6  0.3768
   8 -0.6576
   8 -0.6576
   1  0.4532
   1 -0.1156
   1  0.1745
   1  0.1745
   7 -0.0169
   6 -0.0635
   6  0.4637
   8 -0.5720
   6  0.3645
   6 -0.3636
   6 -0.1037
   6  0.5285
   7 -0.4242
   1 -0.1908
   1  0.0093
   1 -0.0597
   1 -0.0597
   1  0.1472
   1  0.1472
   1  0.0619
   1  0.0619
   1 -0.0878
   1 -0.0878
   1  0.3670
   1  0.3670
   1  0.3670
   7 -0.5317
   6  0.3807
   6 -0.0003
   8 -0.4533
   6 -0.6109
   6  1.0191
   8 -0.8111
   8 -0.8111
   1  0.4585
   1  0.0545
   1  0.1983
   1  0.1983
   7  0.0089
   6 -0.1718
   6  0.2217
   8 -0.5198
   1 -0.2772
   1  0.1655
   1  0.1655
   7 -0.1192
   6 -0.0333
   6  0.3303
   8 -0.5090
   6 -0.1686
   6  0.6749
   7 -0.8377
   8 -0.4734
   1  0.1588
   1  0.1372
   1  0.1054
   1  0.1054
   1  0.3920
   1  0.3920
   7 -0.0253
   6 -0.3219
   6  0.4761
   8 -0.5772
   1  0.2352
   1  0.1681
   1  0.1681
   7 -0.2566
   6 -0.2088
   6  0.7042
   8 -0.5468
   6  0.0567
   6  0.0313
   6 -0.0010
   6 -0.0010
   6 -0.5474
   6 -0.5474
   6  0.7090
   8 -0.6497
   1  0.0713
   1  0.1236
   1 -0.0309
   1 -0.0309
   1  0.1168
   1  0.1168
   1  0.2118
   1  0.2118
   1  0.4643
   7 -0.5222
   6  0.0036
   6  0.8086
   8 -0.5825
   6  0.1697
   6 -0.2625
   6 -0.0212
   6  0.8671
   1  0.3036
   1 -0.0763
   1  0.0331
   1  0.0090
   1  0.0090
   1 -0.0935
   1 -0.0935
   1 -0.0935
   1 -0.1809
   1 -0.1809
   1 -0.1809
   7 -0.1071
   6  0.0046
   6  0.2535
   8 -0.1595
   6 -1.1348
   8 -0.3838
   1  0.0390
   1  0.0962
   1  0.4760
   1  0.4760
   1  0.2707
   7 -0.0844
   6  0.0015
   6  0.6187
   8 -0.6241
   6 -0.4649
   1  0.3014
   1  0.0696
   1  0.1400
   1  0.1400
   1  0.1400
   7 -0.3852
   6  0.4203
   6 -0.3062
   8 -0.2895
   6 -0.3591
   1  0.3080
   1  0.0057
   1  0.0951
   1  0.0951
   1  0.0951
   7  1.6754
   6 -2.3674
   6  1.6988
   8 -0.7504
   6  0.8493
   6 -3.2514
   6  1.8389
   8 -0.6012
   8 -0.6012
   1 -0.3693
   1  0.6981
   1 -0.4374
   1 -0.4374
   1  1.0137
   1  1.0137
   7 -0.6503
   6 -0.8519
   1  0.2881
   1  0.2881
   1  0.2881
   1  0.2737
  20  1.7627
   8 -0.5433
   1  0.2893
   1  0.2893
 rrms:    0.0961
