   6 -0.6871
   6  0.8486
   8 -0.7096
   1  0.2066
   1  0.2066
   1  0.2066
   7 -0.6717
   6  0.2940
   6  0.5490
   8 -0.7935
   6 -0.2946
   6  0.7302
   8 -0.7072
   8 -0.7072
   1  0.3116
   1  0.0579
   1  0.0440
   1  0.0440
   7 -0.3860
   6  0.0159
   6  0.2392
   8 -0.5281
   6 -0.0752
   6 -0.0862
   6 -0.1463
   6  0.4396
   7 -0.2966
   1  0.1843
   1  0.1418
   1  0.0892
   1  0.0892
   1  0.0563
   1  0.0563
   1  0.0772
   1  0.0772
   1 -0.0474
   1 -0.0474
   1  0.3029
   1  0.3029
   1  0.3029
   7 -0.2805
   6  0.6812
   6 -0.5061
   8 -0.3119
   6 -0.8767
   6  0.9128
   8 -0.7597
   8 -0.7597
   1  0.1898
   1 -0.0185
   1  0.2313
   1  0.2313
   7  0.5191
   6 -0.7272
   6  0.7255
   8 -0.6368
   1  0.1321
   1  0.2480
   1  0.2480
   7 -0.4415
   6  0.3455
   6  0.1409
   8 -0.4768
   6 -0.1723
   6  0.7404
   7 -0.8901
   8 -0.6091
   1  0.2662
   1  0.0319
   1  0.0689
   1  0.0689
   1  0.4243
   1  0.4243
   7 -0.0066
   6 -0.1513
   6  0.4064
   8 -0.5413
   1  0.2045
   1  0.0696
   1  0.0696
   7 -0.2075
   6  0.0316
   6  0.4091
   8 -0.4998
   6  0.0661
   6  0.1701
   6 -0.2574
   6 -0.2574
   6 -0.2250
   6 -0.2250
   6  0.3528
   8 -0.5532
   1  0.2345
   1  0.0815
   1 -0.0241
   1 -0.0241
   1  0.1551
   1  0.1551
   1  0.1566
   1  0.1566
   1  0.4073
   7 -0.0459
   6 -0.5034
   6  0.8704
   8 -0.6721
   6  0.2006
   6 -0.1895
   6  0.1097
   6  0.0202
   1  0.0959
   1  0.1887
   1 -0.0358
   1  0.0318
   1  0.0318
   1 -0.0367
   1 -0.0367
   1 -0.0367
   1  0.0041
   1  0.0041
   1  0.0041
   7 -0.5820
   6  0.0685
   6  0.5601
   8 -0.5553
   6  0.4490
   8 -0.6023
   1  0.3620
   1  0.0364
   1 -0.0434
   1 -0.0434
   1  0.4072
   7 -0.7705
   6  0.4946
   6  0.3367
   8 -0.4843
   6 -0.1502
   1  0.3585
   1 -0.0225
   1  0.0656
   1  0.0656
   1  0.0656
   7 -0.3080
   6  0.1404
   6  0.2468
   8 -0.4415
   6 -0.2402
   1  0.2217
   1  0.1159
   1  0.0719
   1  0.0719
   1  0.0719
   7 -0.1009
   6 -0.6706
   6  0.9181
   8 -0.6574
   6  0.1640
   6 -0.8452
   6  0.8207
   8 -0.7587
   8 -0.7587
   1  0.1109
   1  0.1970
   1  0.0093
   1  0.0093
   1  0.3065
   1  0.3065
   7 -0.4709
   6  0.0393
   1  0.0422
   1  0.0422
   1  0.0422
   1  0.3963
  20  1.8783
   8 -0.7993
   1  0.4005
   1  0.4005
 rrms:    0.0479
