   6 -0.5739
   6  0.7839
   8 -0.7279
   1  0.1700
   1  0.1700
   1  0.1700
   7 -0.8392
   6  0.5662
   6  0.3504
   8 -0.5586
   6 -0.4318
   6  0.8886
   8 -0.6669
   8 -0.6669
   1  0.4091
   1 -0.0947
   1  0.0357
   1  0.0357
   7 -0.2908
   6 -0.0503
   6  0.3348
   8 -0.5331
   6  0.0268
   6 -0.0847
   6  0.1444
   6  0.1830
   7 -0.0264
   1  0.5499
   1  0.1382
   1  0.0155
   1  0.0155
   1  0.0495
   1  0.0495
   1 -0.0611
   1 -0.0611
   1  0.0442
   1  0.0442
   1  0.1817
   1  0.1817
   1  0.1817
   7 -0.2437
   6  0.2305
   6  0.1310
   8 -0.3458
   6 -0.2052
   6  0.5129
   8 -0.5878
   8 -0.5878
   1  0.0844
   1  0.0100
   1  0.1036
   1  0.1036
   7 -0.2976
   6  0.0732
   6  0.2141
   8 -0.4889
   1  0.3050
   1  0.0546
   1  0.0546
   7  0.1106
   6 -0.2330
   6  0.7497
   8 -0.6540
   6  0.2047
   6  0.3622
   7 -0.4887
   8 -0.6348
   1  0.0746
   1  0.1281
   1  0.0305
   1  0.0305
   1  0.2904
   1  0.2904
   7 -0.3651
   6 -0.3278
   6  0.3580
   8 -0.5335
   1  0.2830
   1  0.1894
   1  0.1894
   7 -0.6036
   6  0.2773
   6  0.1070
   8 -0.5380
   6 -0.2381
   6  0.1229
   6 -0.2338
   6 -0.2338
   6 -0.2247
   6 -0.2247
   6  0.3094
   8 -0.4820
   1  0.4052
   1  0.0429
   1  0.0756
   1  0.0756
   1  0.1608
   1  0.1608
   1  0.1547
   1  0.1547
   1  0.3816
   7  0.2615
   6 -0.8467
   6  0.6038
   8 -0.4530
   6  0.7024
   6 -0.2001
   6 -0.9014
   6  0.0030
   1  0.2819
   1  0.4048
   1 -0.1876
   1  0.0307
   1  0.0307
   1  0.2083
   1  0.2083
   1  0.2083
   1 -0.0013
   1 -0.0013
   1 -0.0013
   7 -0.0348
   6 -0.3205
   6  0.3736
   8 -0.5528
   6  0.6098
   8 -0.6502
   1  0.3030
   1  0.1424
   1 -0.0894
   1 -0.0894
   1  0.3918
   7 -0.3016
   6  0.1822
   6  0.4601
   8 -0.5757
   6 -0.2549
   1  0.3082
   1  0.0624
   1  0.0818
   1  0.0818
   1  0.0818
   7 -0.4058
   6  0.2739
   6  0.3216
   8 -0.5361
   6 -0.2939
   1  0.2026
   1 -0.0035
   1  0.1242
   1  0.1242
   1  0.1242
   7 -0.4529
   6  0.1086
   6  0.2639
   8 -0.5140
   6  0.0304
   6 -0.3721
   6  0.6414
   8 -0.6381
   8 -0.6381
   1  0.3101
   1  0.0842
   1 -0.0074
   1 -0.0074
   1  0.1350
   1  0.1350
   7 -0.0848
   6 -0.1450
   1  0.0918
   1  0.0918
   1  0.0918
   1  0.2122
  20  1.2163
   8 -0.5178
   1  0.2981
   1  0.2981
 rrms:    0.0614
