   6 -0.5610
   6  0.7756
   8 -0.6902
   1  0.1702
   1  0.1702
   1  0.1702
   7 -0.7076
   6  0.2467
   6  0.4661
   8 -0.5116
   6  0.0503
   6  0.0109
   8 -0.6324
   8 -0.6324
   1  0.3839
   1  0.0317
   1  0.0508
   1  0.0508
   7  0.4145
   6 -0.8531
   6  1.0654
   8 -0.7360
   6  0.6504
   6 -0.4463
   6  0.0683
   6 -0.0069
   7  0.0106
   1 -0.1528
   1  0.2213
   1 -0.1397
   1 -0.1397
   1  0.1703
   1  0.1703
   1  0.0156
   1  0.0156
   1  0.0904
   1  0.0904
   1  0.2508
   1  0.2508
   1  0.2508
   7 -0.6467
   6  0.8877
   6 -0.4658
   8 -0.3715
   6 -0.8006
   6  0.8250
   8 -0.7232
   8 -0.7232
   1  0.2659
   1 -0.0841
   1  0.2281
   1  0.2281
   7  0.7255
   6 -0.6318
   6  0.8258
   8 -0.6444
   1 -0.5638
   1  0.2301
   1  0.2301
   7 -0.4279
   6 -0.0611
   6  0.3232
   8 -0.5298
   6 -0.2432
   6  0.4354
   7 -0.7505
   8 -0.4009
   1  0.3753
   1  0.1203
   1  0.1582
   1  0.1582
   1  0.3952
   1  0.3952
   7 -0.1223
   6 -0.1950
   6  0.4975
   8 -0.6194
   1  0.1778
   1  0.1332
   1  0.1332
   7 -0.2348
   6 -0.2167
   6  0.7938
   8 -0.3271
   6 -0.2076
   6  0.2691
   6 -0.1822
   6 -0.1822
   6 -0.3814
   6 -0.3814
   6  0.5000
   8 -0.6058
   1  0.0565
   1  0.1408
   1  0.0851
   1  0.0851
   1  0.1748
   1  0.1748
   1  0.1908
   1  0.1908
   1  0.4467
   7 -0.9154
   6  0.4572
   6  0.3206
   8 -0.4557
   6 -0.0512
   6  0.3987
   6 -0.3903
   6 -0.2517
   1  0.4111
   1 -0.1617
   1  0.0216
   1 -0.0864
   1 -0.0864
   1  0.0847
   1  0.0847
   1  0.0847
   1  0.0648
   1  0.0648
   1  0.0648
   7  0.0025
   6 -0.3736
   6  0.3379
   8 -0.2561
   6  0.4030
   8 -0.5923
   1 -0.0140
   1  0.1769
   1 -0.0656
   1 -0.0656
   1  0.4244
   7 -0.1259
   6 -0.0531
   6  0.6738
   8 -0.6447
   6 -0.1724
   1  0.2877
   1  0.0771
   1  0.0697
   1  0.0697
   1  0.0697
   7 -0.6607
   6  0.4761
   6  0.0404
   8 -0.4996
   6 -0.3472
   1  0.3668
   1 -0.0541
   1  0.1145
   1  0.1145
   1  0.1145
   7  0.1032
   6  0.0699
   6  0.2769
   8 -0.5483
   6  0.4186
   6 -0.7232
   6  0.8600
   8 -0.7066
   8 -0.7066
   1  0.1770
   1  0.0655
   1 -0.1168
   1 -0.1168
   1  0.1512
   1  0.1512
   7 -0.0179
   6 -0.2162
   1  0.1053
   1  0.1053
   1  0.1053
   1 -0.0504
  20  1.8402
   8 -0.8053
   1  0.3944
   1  0.3944
 rrms:    0.0371
