   6 -0.5070
   6  0.6240
   8 -0.6513
   1  0.1608
   1  0.1608
   1  0.1608
   7 -0.5574
   6  0.0179
   6  0.6640
   8 -0.5631
   6  0.0229
   6  0.1743
   8 -0.6023
   8 -0.6023
   1  0.3681
   1  0.0590
   1  0.0461
   1  0.0461
   7 -0.2236
   6 -0.0061
   6  0.5540
   8 -0.6585
   6  0.0580
   6 -0.0434
   6 -0.2833
   6  0.5200
   7 -0.3592
   1  0.2098
   1  0.0610
   1  0.0149
   1  0.0149
   1  0.0443
   1  0.0443
   1  0.1141
   1  0.1141
   1 -0.0730
   1 -0.0730
   1  0.3479
   1  0.3479
   1  0.3479
   7 -0.7570
   6  1.2200
   6 -0.6824
   8 -0.3145
   6 -1.4172
   6  1.2213
   8 -0.7934
   8 -0.7934
   1  0.2276
   1 -0.1196
   1  0.4166
   1  0.4166
   7  0.7572
   6 -0.5391
   6  0.8638
   8 -0.6383
   1 -0.5789
   1  0.2208
   1  0.2208
   7 -0.3155
   6  0.0405
   6  0.2673
   8 -0.5021
   6 -0.1747
   6  0.0185
   7 -0.6583
   8  0.2846
   1 -0.0534
   1  0.0558
   1  0.1385
   1  0.1385
   1  0.3981
   1  0.3981
   7 -0.1348
   6 -0.0864
   6  0.3786
   8 -0.5904
   1  0.1442
   1  0.1092
   1  0.1092
   7  0.0510
   6 -0.4616
   6  0.5936
   8 -0.5528
   6  0.1193
   6 -0.1875
   6  0.0469
   6  0.0469
   6 -0.4310
   6 -0.4310
   6  0.5578
   8 -0.5589
   1  0.0067
   1  0.2283
   1 -0.0178
   1 -0.0178
   1  0.0986
   1  0.0986
   1  0.1869
   1  0.1869
   1  0.4249
   7 -0.3392
   6 -0.2278
   6  0.6840
   8 -0.5883
   6  0.1934
   6 -0.1436
   6 -0.3064
   6 -0.2344
   1  0.2778
   1  0.0387
   1  0.0053
   1  0.1605
   1  0.1605
   1  0.0541
   1  0.0541
   1  0.0541
   1  0.0612
   1  0.0612
   1  0.0612
   7 -0.2857
   6 -0.0259
   6  0.2915
   8 -0.2077
   6  0.1428
   8 -0.4458
   1  0.1467
   1  0.0739
   1  0.0177
   1  0.0177
   1  0.3765
   7 -0.2799
   6  0.0439
   6  0.7081
   8 -0.6374
   6 -0.3089
   1  0.3750
   1  0.0758
   1  0.0968
   1  0.0968
   1  0.0968
   7 -0.5717
   6  0.4939
   6 -0.2703
   8 -0.4312
   6 -0.3056
   1  0.3580
   1 -0.0137
   1  0.1093
   1  0.1093
   1  0.1093
   7  0.7912
   6 -0.3715
   6  0.4404
   8 -0.5598
   6  0.5296
   6 -0.7218
   6  0.8945
   8 -0.7677
   8 -0.7677
   1 -0.5814
   1  0.1464
   1 -0.0986
   1 -0.0986
   1  0.1912
   1  0.1912
   7 -0.0733
   6 -0.0512
   1  0.0624
   1  0.0624
   1  0.0624
   1 -0.0472
  20  1.8480
   8 -0.7006
   1  0.3291
   1  0.3291
 rrms:    0.0401
