   6 -0.5022
   6  0.7571
   8 -0.6334
   1  0.1580
   1  0.1580
   1  0.1580
   7 -0.7436
   6  0.4176
   6  0.1348
   8 -0.4379
   6 -0.1273
   6  0.2315
   8 -0.6020
   8 -0.6020
   1  0.3872
   1 -0.0665
   1  0.1087
   1  0.1087
   7  0.7249
   6 -1.3540
   6  1.1690
   8 -0.7294
   6  0.7054
   6 -0.3532
   6 -0.1483
   6  0.4427
   7 -0.3125
   1 -0.3642
   1  0.3877
   1  0.0419
   1  0.0419
   1  0.1485
   1  0.1485
   1  0.0750
   1  0.0750
   1 -0.0967
   1 -0.0967
   1  0.3402
   1  0.3402
   1  0.3402
   7 -1.1754
   6  0.8197
   6 -0.1911
   8 -0.4225
   6 -0.8751
   6  1.0310
   8 -0.8102
   8 -0.8102
   1  0.6052
   1 -0.0949
   1  0.2546
   1  0.2546
   7  0.2591
   6 -0.3786
   6  0.4888
   8 -0.5711
   1 -0.0316
   1  0.1959
   1  0.1959
   7 -0.1987
   6  0.0020
   6  0.3942
   8 -0.5504
   6 -0.1211
   6  0.5347
   7 -0.8733
   8 -0.5541
   1 -0.0896
   1  0.0992
   1  0.0966
   1  0.0966
   1  0.4338
   1  0.4338
   7 -0.0633
   6 -0.3120
   6  0.5821
   8 -0.6070
   1  0.1789
   1  0.1637
   1  0.1637
   7 -0.3996
   6 -0.0295
   6  0.4859
   8 -0.5446
   6 -0.4418
   6  0.3710
   6 -0.2759
   6 -0.2759
   6 -0.2782
   6 -0.2782
   6  0.4031
   8 -0.5632
   1  0.2954
   1  0.0860
   1  0.1377
   1  0.1377
   1  0.1952
   1  0.1952
   1  0.1724
   1  0.1724
   1  0.4251
   7 -0.2117
   6 -0.2470
   6  0.7130
   8 -0.5971
   6  0.4089
   6 -0.0210
   6 -0.5968
   6 -0.1212
   1  0.2160
   1  0.1532
   1 -0.0823
   1  0.0096
   1  0.0096
   1  0.1207
   1  0.1207
   1  0.1207
   1  0.0406
   1  0.0406
   1  0.0406
   7 -0.1779
   6 -0.0358
   6  0.6504
   8  0.2364
   6  0.3439
   8 -0.6443
   1  0.0994
   1  0.1713
   1 -0.0215
   1 -0.0215
   1  0.5556
   7 -0.0721
   6  0.2726
   6  0.8905
   8 -0.5973
   6 -0.1641
   1  0.3336
   1 -0.0389
   1  0.0705
   1  0.0705
   1  0.0705
   7 -0.2023
   6  1.2213
   6 -1.6557
   8 -0.1204
   6 -0.4363
   1  0.3069
   1 -0.0022
   1  0.2374
   1  0.2374
   1  0.2374
   7  2.7565
   6 -1.4698
   6  0.7371
   8 -0.4736
   6  1.6731
   6 -1.0036
   6  0.7739
   8 -0.7654
   8 -0.7654
   1 -5.0935
   1  0.3564
   1 -0.2860
   1 -0.2860
   1  0.4402
   1  0.4402
   7 -0.1203
   6  0.2050
   1  0.0166
   1  0.0166
   1  0.0166
   1 -0.0604
  20  1.9779
   8 -0.5591
   1  0.2826
   1  0.2826
 rrms:    0.0519
