   6 -0.5537
   6  0.8117
   8 -0.6427
   1  0.1720
   1  0.1720
   1  0.1720
   7 -0.7591
   6  0.6295
   6  0.0437
   8 -0.4131
   6 -0.2540
   6  0.4435
   8 -0.7229
   8 -0.7229
   1  0.4125
   1 -0.1398
   1  0.1007
   1  0.1007
   7  0.5820
   6 -0.7064
   6  0.7682
   8 -0.6936
   6  0.4315
   6  0.0042
   6 -0.1508
   6  0.4305
   7 -0.3284
   1 -0.4941
   1  0.2444
   1 -0.1100
   1 -0.1100
   1  0.0566
   1  0.0566
   1  0.0415
   1  0.0415
   1 -0.0524
   1 -0.0524
   1  0.3456
   1  0.3456
   1  0.3456
   7 -0.4489
   6  0.7518
   6 -0.1736
   8 -0.4072
   6 -0.7025
   6  0.9427
   8 -0.8021
   8 -0.8021
   1  0.2384
   1 -0.0481
   1  0.1789
   1  0.1789
   7  0.2081
   6 -0.2703
   6  0.4365
   8 -0.5761
   1 -0.1878
   1  0.1567
   1  0.1567
   7 -0.0117
   6 -0.0112
   6  0.4034
   8 -0.5372
   6 -0.2155
   6  0.3657
   7 -0.7779
   8 -0.1642
   1  0.0913
   1  0.1083
   1  0.1365
   1  0.1365
   1  0.4007
   1  0.4007
   7 -0.3524
   6  0.0650
   6  0.3623
   8 -0.5998
   1  0.2478
   1  0.0652
   1  0.0652
   7  0.0148
   6 -0.4641
   6  0.9631
   8 -0.7696
   6 -0.1806
   6  0.6491
   6 -0.6624
   6 -0.6624
   6  0.1236
   6  0.1236
   6  0.0137
   8 -0.5207
   1 -0.0213
   1  0.1785
   1  0.0806
   1  0.0806
   1  0.2647
   1  0.2647
   1  0.1008
   1  0.1008
   1  0.3964
   7 -0.8719
   6  0.6012
   6  0.3167
   8 -0.4942
   6 -0.2718
   6  0.4936
   6 -0.0606
   6 -0.3403
   1  0.3897
   1 -0.1105
   1  0.1099
   1 -0.0961
   1 -0.0961
   1  0.0041
   1  0.0041
   1  0.0041
   1  0.0951
   1  0.0951
   1  0.0951
   7  0.1381
   6 -0.3277
   6  0.3636
   8 -0.3763
   6  0.6367
   8 -0.6771
   1 -0.1623
   1  0.1132
   1 -0.1135
   1 -0.1135
   1  0.4241
   7 -0.2214
   6 -0.0152
   6  0.5769
   8 -0.6700
   6 -0.1077
   1  0.3286
   1  0.1047
   1  0.0513
   1  0.0513
   1  0.0513
   7 -0.5574
   6  0.3830
   6 -0.1420
   8 -0.4411
   6 -0.2747
   1  0.3626
   1  0.0189
   1  0.1057
   1  0.1057
   1  0.1057
   7  0.4973
   6 -0.4795
   6  0.6027
   8 -0.6176
   6  0.7992
   6 -0.7473
   6  0.8236
   8 -0.6351
   8 -0.6351
   1 -0.0776
   1  0.2015
   1 -0.2522
   1 -0.2522
   1  0.2045
   1  0.2045
   7 -0.2017
   6 -0.0796
   1  0.0691
   1  0.0691
   1  0.0691
   1  0.0431
  20  1.8986
   8 -0.6919
   1  0.3351
   1  0.3351
 rrms:    0.0434
