   6 -0.7181
   6  0.9291
   8 -0.7008
   1  0.2005
   1  0.2005
   1  0.2005
   7 -0.8581
   6  0.7558
   6  0.1482
   8 -0.4664
   6 -0.9685
   6  1.1687
   8 -0.8475
   8 -0.8475
   1  0.4740
   1 -0.0971
   1  0.2788
   1  0.2788
   7 -0.0033
   6 -0.1568
   6  0.3219
   8 -0.5664
   6  0.2635
   6 -0.0465
   6 -0.0815
   6  0.3194
   7 -0.2749
   1  0.1144
   1  0.1285
   1  0.0039
   1  0.0039
   1  0.0809
   1  0.0809
   1  0.0416
   1  0.0416
   1 -0.0222
   1 -0.0222
   1  0.2823
   1  0.2823
   1  0.2823
   7 -0.3364
   6  0.6068
   6 -0.2966
   8 -0.3549
   6 -0.7490
   6  1.2549
   8 -0.7582
   8 -0.7582
   1 -0.6181
   1 -0.0146
   1  0.2644
   1  0.2644
   7  0.1756
   6 -0.2674
   6  0.6586
   8 -0.6072
   1 -0.1115
   1  0.1668
   1  0.1668
   7 -0.3090
   6  0.1338
   6  0.0786
   8 -0.2061
   6 -0.3456
   6  0.8515
   7 -0.9743
   8 -0.6332
   1  0.2987
   1  0.0134
   1  0.1119
   1  0.1119
   1  0.4488
   1  0.4488
   7  0.0027
   6 -0.5955
   6  0.7429
   8 -0.6442
   1  0.2241
   1  0.2261
   1  0.2261
   7 -0.3624
   6 -0.0075
   6  0.6518
   8 -0.6975
   6  0.0788
   6  0.0530
   6 -0.2206
   6 -0.2206
   6 -0.3078
   6 -0.3078
   6  0.4484
   8 -0.5799
   1  0.2297
   1  0.0340
   1 -0.0019
   1 -0.0019
   1  0.1507
   1  0.1507
   1  0.1720
   1  0.1720
   1  0.4288
   7 -0.2471
   6 -0.4164
   6  0.7227
   8 -0.6094
   6  0.1620
   6 -0.0942
   6 -0.0640
   6 -0.0332
   1  0.2449
   1  0.2582
   1  0.0210
   1  0.1076
   1  0.1076
   1  0.0229
   1  0.0229
   1  0.0229
   1 -0.0201
   1 -0.0201
   1 -0.0201
   7 -0.1140
   6 -0.7013
   6  0.9006
   8 -0.5891
   6  0.1447
   8 -0.5256
   1  0.0107
   1  0.2707
   1  0.0097
   1  0.0097
   1  0.3882
   7 -0.3698
   6  0.1383
   6  0.5777
   8 -0.6144
   6 -0.5175
   1  0.4987
   1  0.0906
   1  0.1478
   1  0.1478
   1  0.1478
   7 -0.6062
   6  0.0866
   6  0.4578
   8 -0.5319
   6  0.0742
   1  0.3507
   1  0.1044
   1  0.0186
   1  0.0186
   1  0.0186
   7 -0.4394
   6  0.0094
   6  0.6319
   8 -0.5487
   6  0.1377
   6 -0.1715
   6  0.6917
   8 -0.7080
   8 -0.7080
   1  0.2437
   1 -0.0461
   1 -0.0649
   1 -0.0649
   1 -0.0448
   1 -0.0448
   7 -0.3264
   6 -0.1243
   1  0.0837
   1  0.0837
   1  0.0837
   1  0.3517
  20  1.7631
   8 -0.6826
   1  0.3597
   1  0.3597
 rrms:    0.0472
