   6 -0.4967
   6  0.8231
   8 -0.6908
   1  0.1521
   1  0.1521
   1  0.1521
   7 -0.8561
   6  0.3726
   6  0.4536
   8 -0.5082
   6 -0.3260
   6  0.4102
   8 -0.7176
   8 -0.7176
   1  0.4538
   1 -0.1046
   1  0.1323
   1  0.1323
   7  0.1375
   6 -0.5133
   6  0.5847
   8 -0.6308
   6  0.4126
   6 -0.2907
   6  0.0385
   6  0.1992
   7 -0.1842
   1  0.0184
   1  0.1762
   1 -0.0594
   1 -0.0594
   1  0.1141
   1  0.1141
   1  0.0231
   1  0.0231
   1  0.0217
   1  0.0217
   1  0.3019
   1  0.3019
   1  0.3019
   7 -0.2993
   6  0.2142
   6  0.0702
   8 -0.4944
   6 -0.2711
   6  0.5668
   8 -0.6924
   8 -0.6924
   1  0.2603
   1  0.0387
   1  0.0879
   1  0.0879
   7  0.1134
   6 -0.1641
   6  0.4193
   8 -0.5653
   1  0.0431
   1  0.1304
   1  0.1304
   7 -0.1039
   6 -0.1668
   6  0.6624
   8 -0.6415
   6 -0.1423
   6  0.3783
   7 -0.7658
   8 -0.2968
   1  0.0158
   1  0.1286
   1  0.1253
   1  0.1253
   1  0.4027
   1  0.4027
   7 -0.4181
   6  0.1645
   6  0.2055
   8 -0.5409
   1  0.3259
   1  0.0647
   1  0.0647
   7  0.1694
   6 -0.4339
   6  0.7013
   8 -0.4291
   6  0.2504
   6  0.1521
   6 -0.3819
   6 -0.3819
   6  0.0648
   6  0.0648
   6  0.0551
   8 -0.5003
   1 -0.2601
   1  0.2163
   1 -0.0493
   1 -0.0493
   1  0.1639
   1  0.1639
   1  0.0890
   1  0.0890
   1  0.4038
   7 -0.5320
   6 -0.0291
   6  0.6598
   8 -0.5858
   6  0.2241
   6  0.0394
   6 -0.4012
   6 -0.2767
   1  0.3226
   1  0.0511
   1 -0.0046
   1  0.0599
   1  0.0599
   1  0.0793
   1  0.0793
   1  0.0793
   1  0.0738
   1  0.0738
   1  0.0738
   7 -0.1215
   6 -0.2568
   6  0.5257
   8 -0.2950
   6  0.4380
   8 -0.5610
   1 -0.0759
   1  0.0840
   1 -0.0397
   1 -0.0397
   1  0.2993
   7 -0.4759
   6  0.1999
   6  0.4879
   8 -0.6052
   6 -0.1159
   1  0.3786
   1  0.0182
   1  0.0434
   1  0.0434
   1  0.0434
   7 -0.5307
   6  0.4866
   6 -0.0794
   8 -0.4545
   6 -0.4486
   1  0.3743
   1 -0.0346
   1  0.1528
   1  0.1528
   1  0.1528
   7  0.4331
   6 -0.0851
   6  0.3246
   8 -0.5460
   6  0.2761
   6 -0.1310
   6  0.4415
   8 -0.5551
   8 -0.5551
   1 -0.1440
   1  0.0927
   1 -0.1050
   1 -0.1050
   1  0.0171
   1  0.0171
   7 -0.0410
   6 -0.1804
   1  0.1018
   1  0.1018
   1  0.1018
   1 -0.0950
  20  1.8007
   8 -0.4442
   1  0.2720
   1  0.2720
 rrms:    0.0396
