   6 -0.5706
   6  0.7562
   8 -0.6468
   1  0.1678
   1  0.1678
   1  0.1678
   7 -0.7888
   6  0.4030
   6  0.4365
   8 -0.4898
   6 -0.3787
   6  0.6055
   8 -0.7868
   8 -0.7868
   1  0.4420
   1 -0.0911
   1  0.1553
   1  0.1553
   7  0.1946
   6 -0.6675
   6  1.0472
   8 -0.7455
   6  0.5451
   6 -0.2125
   6 -0.1597
   6  0.4394
   7 -0.4680
   1 -0.0926
   1  0.2195
   1 -0.1285
   1 -0.1285
   1  0.0961
   1  0.0961
   1  0.0544
   1  0.0544
   1 -0.0484
   1 -0.0484
   1  0.3876
   1  0.3876
   1  0.3876
   7 -0.8360
   6  0.7218
   6 -0.1152
   8 -0.4321
   6 -0.7774
   6  0.9018
   8 -0.7699
   8 -0.7699
   1  0.2594
   1 -0.0439
   1  0.2042
   1  0.2042
   7  0.2246
   6 -0.4618
   6  0.5875
   8 -0.5930
   1  0.0491
   1  0.2055
   1  0.2055
   7 -0.2045
   6  0.0972
   6  0.1434
   8 -0.4794
   6 -0.1103
   6  0.4118
   7 -0.6277
   8 -0.3215
   1  0.0978
   1  0.0797
   1  0.1113
   1  0.1113
   1  0.3654
   1  0.3654
   7  0.0443
   6 -0.2564
   6  0.6589
   8 -0.6342
   1 -0.0441
   1  0.1378
   1  0.1378
   7 -0.5384
   6 -0.0215
   6  0.6237
   8 -0.4389
   6 -0.6062
   6  0.6370
   6 -0.5362
   6 -0.5362
   6  0.0536
   6  0.0536
   6  0.0775
   8 -0.5145
   1  0.2155
   1  0.1550
   1  0.1925
   1  0.1925
   1  0.2269
   1  0.2269
   1  0.0935
   1  0.0935
   1  0.4164
   7 -0.5423
   6  0.0338
   6  0.5541
   8 -0.5165
   6  0.0127
   6  0.0322
   6 -0.1092
   6 -0.3211
   1  0.2856
   1 -0.0800
   1  0.0692
   1  0.0715
   1  0.0715
   1  0.0074
   1  0.0074
   1  0.0074
   1  0.0968
   1  0.0968
   1  0.0968
   7 -0.0861
   6 -0.2670
   6  0.6053
   8 -0.4057
   6  0.2758
   8 -0.5748
   1  0.1160
   1  0.1035
   1 -0.0323
   1 -0.0323
   1  0.4188
   7 -0.5965
   6  0.3654
   6  0.5058
   8 -0.6447
   6 -0.3886
   1  0.4342
   1 -0.0363
   1  0.1214
   1  0.1214
   1  0.1214
   7 -0.7058
   6  0.7956
   6 -0.4865
   8 -0.3520
   6 -0.7492
   1  0.3824
   1 -0.0818
   1  0.2263
   1  0.2263
   1  0.2263
   7  0.7411
   6 -0.1253
   6  0.3485
   8 -0.5542
   6  0.6125
   6 -0.9150
   6  0.9760
   8 -0.7335
   8 -0.7335
   1 -0.0665
   1  0.0988
   1 -0.1902
   1 -0.1902
   1  0.2037
   1  0.2037
   7 -0.0616
   6 -0.1785
   1  0.0953
   1  0.0953
   1  0.0953
   1 -0.0606
  20  1.8494
   8 -0.7761
   1  0.3712
   1  0.3712
 rrms:    0.0415
