   6 -0.5874
   6  0.9880
   8 -0.7439
   1  0.1801
   1  0.1801
   1  0.1801
   7 -1.3409
   6  1.1256
   6 -0.0793
   8 -0.3661
   6 -1.0648
   6  1.0934
   8 -0.8813
   8 -0.8813
   1  0.6177
   1 -0.2310
   1  0.3215
   1  0.3215
   7  0.0133
   6 -0.3374
   6  0.7542
   8 -0.6597
   6  0.2253
   6 -0.1531
   6 -0.0116
   6  0.2885
   7 -0.2231
   1 -0.0377
   1  0.1676
   1 -0.0404
   1 -0.0404
   1  0.0497
   1  0.0497
   1  0.0548
   1  0.0548
   1 -0.0004
   1 -0.0004
   1  0.3089
   1  0.3089
   1  0.3089
   7 -0.9547
   6  0.9934
   6 -0.2578
   8 -0.4112
   6 -0.9152
   6  1.0129
   8 -0.8346
   8 -0.8346
   1  0.4635
   1 -0.0869
   1  0.2504
   1  0.2504
   7  0.1238
   6 -0.1158
   6  0.5150
   8 -0.6137
   1 -0.0586
   1  0.0992
   1  0.0992
   7 -0.3528
   6 -0.0412
   6  0.3327
   8 -0.5138
   6 -0.3234
   6  0.6879
   7 -0.8274
   8 -0.5232
   1  0.3201
   1  0.1425
   1  0.1387
   1  0.1387
   1  0.4058
   1  0.4058
   7 -0.1658
   6 -0.0878
   6  0.3430
   8 -0.5614
   1  0.3144
   1  0.1064
   1  0.1064
   7  0.0910
   6 -0.2904
   6  0.7398
   8 -0.6438
   6  0.0654
   6 -0.1066
   6  0.0378
   6  0.0378
   6 -0.4995
   6 -0.4995
   6  0.6306
   8 -0.5914
   1 -0.1275
   1  0.1337
   1  0.0275
   1  0.0275
   1  0.1010
   1  0.1010
   1  0.1901
   1  0.1901
   1  0.4347
   7 -0.5959
   6  0.0688
   6  0.6334
   8 -0.5853
   6  0.1066
   6 -0.0096
   6 -0.1389
   6 -0.2912
   1  0.3125
   1  0.1740
   1  0.0086
   1  0.0176
   1  0.0176
   1  0.0193
   1  0.0193
   1  0.0193
   1  0.1198
   1  0.1198
   1  0.1198
   7 -0.3141
   6  0.1028
   6  0.1999
   8 -0.2597
   6 -0.0011
   8 -0.3415
   1 -0.0682
   1  0.0223
   1  0.0594
   1  0.0594
   1  0.2650
   7 -0.2407
   6  0.0410
   6  0.5882
   8 -0.6382
   6 -0.3270
   1  0.3171
   1  0.0962
   1  0.1116
   1  0.1116
   1  0.1116
   7 -0.4721
   6  0.3064
   6  0.1036
   8 -0.4972
   6 -0.1997
   1  0.3265
   1  0.0038
   1  0.0711
   1  0.0711
   1  0.0711
   7  0.1453
   6 -0.0930
   6  0.4734
   8 -0.5874
   6  0.1573
   6 -0.1211
   6  0.4166
   8 -0.5371
   8 -0.5371
   1  0.0586
   1  0.0508
   1 -0.0873
   1 -0.0873
   1  0.0481
   1  0.0481
   7 -0.2629
   6  0.0529
   1  0.0284
   1  0.0284
   1  0.0284
   1  0.1263
  20  2.0781
   8 -0.6462
   1  0.3355
   1  0.3355
 rrms:    0.0454
