   6 -0.5706
   6  0.7576
   8 -0.6142
   1  0.1758
   1  0.1758
   1  0.1758
   7 -0.7115
   6  0.1466
   6  0.5897
   8 -0.5345
   6 -0.1325
   6  0.0606
   8 -0.5964
   8 -0.5964
   1  0.4286
   1 -0.0221
   1  0.1217
   1  0.1217
   7  0.1986
   6 -0.3320
   6  0.5574
   8 -0.6225
   6  0.2656
   6 -0.1956
   6  0.1320
   6  0.2576
   7 -0.4786
   1 -0.1451
   1  0.1226
   1 -0.0334
   1 -0.0334
   1  0.0433
   1  0.0433
   1  0.0173
   1  0.0173
   1  0.0066
   1  0.0066
   1  0.3849
   1  0.3849
   1  0.3849
   7 -0.3388
   6  0.5385
   6 -0.0579
   8 -0.4340
   6 -0.6308
   6  0.7573
   8 -0.7178
   8 -0.7178
   1 -0.0131
   1 -0.0118
   1  0.1913
   1  0.1913
   7  0.2149
   6 -0.1859
   6  0.4481
   8 -0.5773
   1 -0.0644
   1  0.1365
   1  0.1365
   7 -0.0438
   6 -0.3321
   6  0.5708
   8 -0.5728
   6 -0.1637
   6  0.2239
   7 -0.8064
   8  0.0880
   1  0.0695
   1  0.1957
   1  0.1540
   1  0.1540
   1  0.4110
   1  0.4110
   7 -0.4348
   6  0.3135
   6  0.1410
   8 -0.5470
   1  0.2267
   1  0.0141
   1  0.0141
   7 -0.0082
   6 -0.0209
   6  0.3179
   8 -0.4077
   6 -0.4835
   6  0.1278
   6 -0.0532
   6 -0.0532
   6 -0.3980
   6 -0.3980
   6  0.5120
   8 -0.5608
   1 -0.0534
   1  0.1222
   1  0.1939
   1  0.1939
   1  0.1215
   1  0.1215
   1  0.1589
   1  0.1589
   1  0.4329
   7 -0.3862
   6 -0.1408
   6  0.6207
   8 -0.5678
   6  0.1919
   6 -0.0146
   6 -0.4269
   6 -0.2515
   1  0.3406
   1  0.0245
   1  0.0073
   1  0.0749
   1  0.0749
   1  0.0781
   1  0.0781
   1  0.0781
   1  0.0744
   1  0.0744
   1  0.0744
   7 -0.2290
   6 -0.0830
   6  0.4602
   8 -0.4116
   6 -0.0081
   8 -0.3316
   1  0.0796
   1  0.0796
   1  0.0775
   1  0.0775
   1  0.3800
   7 -0.4113
   6  0.2067
   6  0.4668
   8 -0.6110
   6 -0.4066
   1  0.4035
   1  0.0427
   1  0.1287
   1  0.1287
   1  0.1287
   7 -0.2905
   6  0.3225
   6 -0.0480
   8 -0.4488
   6 -0.2899
   1  0.2136
   1  0.0218
   1  0.1095
   1  0.1095
   1  0.1095
   7  0.6498
   6 -0.7324
   6  0.6620
   8 -0.6057
   6  0.6321
   6 -0.6950
   6  0.6367
   8 -0.5479
   8 -0.5479
   1 -0.4841
   1  0.2643
   1 -0.1548
   1 -0.1548
   1  0.1962
   1  0.1962
   7 -0.2523
   6 -0.1197
   1  0.0845
   1  0.0845
   1  0.0845
   1  0.1222
  20  1.8119
   8 -0.6993
   1  0.3266
   1  0.3266
 rrms:    0.0442
