   6 -0.4632
   6  0.7412
   8 -0.6349
   1  0.1443
   1  0.1443
   1  0.1443
   7 -0.6384
   6  0.0134
   6  0.5702
   8 -0.5489
   6 -0.0329
   6  0.4087
   8 -0.7062
   8 -0.7062
   1  0.3869
   1  0.0388
   1  0.0588
   1  0.0588
   7  0.1751
   6 -0.7770
   6  0.6198
   8 -0.6536
   6  0.6773
   6 -0.2444
   6 -0.0347
   6  0.3416
   7 -0.3513
   1 -0.2631
   1  0.2597
   1 -0.0966
   1 -0.0966
   1  0.1064
   1  0.1064
   1  0.0162
   1  0.0162
   1 -0.0038
   1 -0.0038
   1  0.3417
   1  0.3417
   1  0.3417
   7 -0.2874
   6  0.4647
   6 -0.0277
   8 -0.4615
   6 -0.5105
   6  0.6698
   8 -0.7128
   8 -0.7128
   1  0.2601
   1 -0.0220
   1  0.1641
   1  0.1641
   7  0.1042
   6 -0.3545
   6  0.5455
   8 -0.5910
   1 -0.0899
   1  0.1840
   1  0.1840
   7 -0.2195
   6  0.0143
   6  0.3678
   8 -0.5462
   6 -0.2426
   6  0.4423
   7 -0.7382
   8 -0.2714
   1  0.3097
   1  0.0823
   1  0.1473
   1  0.1473
   1  0.3784
   1  0.3784
   7 -0.2399
   6  0.1725
   6  0.2017
   8 -0.5080
   1  0.1411
   1  0.0334
   1  0.0334
   7  0.1312
   6 -0.4246
   6  0.6262
   8 -0.4256
   6  0.1049
   6 -0.0685
   6 -0.0425
   6 -0.0425
   6 -0.3452
   6 -0.3452
   6  0.4260
   8 -0.4899
   1 -0.2382
   1  0.2128
   1 -0.0011
   1 -0.0011
   1  0.1046
   1  0.1046
   1  0.1827
   1  0.1827
   1  0.3848
   7 -0.3794
   6 -0.0467
   6  0.5335
   8 -0.5755
   6  0.1193
   6  0.0681
   6 -0.2528
   6 -0.3699
   1  0.2887
   1  0.0611
   1  0.0128
   1  0.0389
   1  0.0389
   1  0.0549
   1  0.0549
   1  0.0549
   1  0.1032
   1  0.1032
   1  0.1032
   7 -0.0683
   6 -0.2888
   6  0.6298
   8 -0.4076
   6  0.4396
   8 -0.5930
   1 -0.0259
   1  0.0652
   1 -0.0612
   1 -0.0612
   1  0.3836
   7 -0.5163
   6  0.1595
   6  0.5229
   8 -0.6226
   6 -0.2036
   1  0.3983
   1  0.0234
   1  0.0677
   1  0.0677
   1  0.0677
   7 -0.5596
   6  0.4599
   6 -0.0590
   8 -0.4613
   6 -0.5416
   1  0.3864
   1 -0.0215
   1  0.1757
   1  0.1757
   1  0.1757
   7  0.3062
   6 -0.0438
   6  0.3376
   8 -0.5749
   6  0.1909
   6 -0.2348
   6  0.7173
   8 -0.6768
   8 -0.6768
   1  0.0217
   1  0.1049
   1 -0.0454
   1 -0.0454
   1  0.0568
   1  0.0568
   7 -0.1425
   6 -0.0683
   1  0.0674
   1  0.0674
   1  0.0674
   1  0.0497
  20  1.8367
   8 -0.6264
   1  0.3233
   1  0.3233
 rrms:    0.0382
