   6 -0.6796
   6  0.5047
   8 -0.4930
   1  0.2081
   1  0.2081
   1  0.2081
   7 -0.3626
   6  0.0277
   6  0.6586
   8 -0.5919
   6  0.1583
   6  0.2101
   8 -0.6461
   8 -0.6461
   1  0.3005
   1 -0.1112
   1  0.0266
   1  0.0266
   7 -0.3715
   6  0.3514
   6  0.3709
   8 -0.5893
   6 -0.2075
   6  0.0079
   6 -0.3076
   6  0.2700
   7 -0.0674
   1  0.3650
   1 -0.0599
   1  0.1089
   1  0.1089
   1  0.0460
   1  0.0460
   1  0.1288
   1  0.1288
   1  0.0059
   1  0.0059
   1  0.2651
   1  0.2651
   1  0.2651
   7 -0.6165
   6  0.9815
   6 -0.5551
   8 -0.3274
   6 -1.0536
   6  1.0419
   8 -0.7873
   8 -0.7873
   1  0.1983
   1 -0.0765
   1  0.3025
   1  0.3025
   7  0.5334
   6 -0.5950
   6  0.8215
   8 -0.6479
   1 -0.3840
   1  0.2409
   1  0.2409
   7 -0.2534
   6 -0.0064
   6  0.3924
   8 -0.6429
   6 -0.1194
   6  0.3918
   7 -0.8249
   8 -0.1497
   1  0.2339
   1  0.1397
   1  0.0960
   1  0.0960
   1  0.4174
   1  0.4174
   7 -0.0520
   6 -0.2421
   6  0.2638
   8 -0.4862
   1 -0.0988
   1  0.1910
   1  0.1910
   7  0.3429
   6 -0.8668
   6  0.9919
   8 -0.3929
   6  0.3537
   6  0.1200
   6 -0.3738
   6 -0.3738
   6  0.0025
   6  0.0025
   6  0.1078
   8 -0.4928
   1 -0.2354
   1  0.3288
   1 -0.0944
   1 -0.0944
   1  0.1755
   1  0.1755
   1  0.1142
   1  0.1142
   1  0.4059
   7 -0.7278
   6  0.1218
   6  0.4405
   8 -0.5213
   6  0.0693
   6  0.0248
   6 -0.0850
   6 -0.2044
   1  0.3784
   1 -0.0831
   1  0.0507
   1  0.0433
   1  0.0433
   1  0.0207
   1  0.0207
   1  0.0207
   1  0.0551
   1  0.0551
   1  0.0551
   7  0.0235
   6 -0.3668
   6  0.4085
   8 -0.3770
   6  0.5745
   8 -0.5666
   1  0.0248
   1  0.1222
   1 -0.1054
   1 -0.1054
   1  0.2675
   7 -0.2858
   6  0.0996
   6  0.5135
   8 -0.6133
   6 -0.2725
   1  0.3412
   1  0.0383
   1  0.0830
   1  0.0830
   1  0.0830
   7 -0.2507
   6  0.1186
   6  0.3173
   8 -0.5552
   6 -0.2002
   1  0.2784
   1  0.0354
   1  0.0775
   1  0.0775
   1  0.0775
   7 -0.0113
   6 -0.1830
   6  0.4518
   8 -0.5826
   6  0.4721
   6 -0.8378
   6  1.1690
   8 -0.9108
   8 -0.9108
   1  0.0998
   1  0.1395
   1 -0.1528
   1 -0.1528
   1  0.2643
   1  0.2643
   7 -0.1156
   6 -0.0546
   1  0.0671
   1  0.0671
   1  0.0671
   1  0.0231
  20  1.8847
   8 -0.7300
   1  0.3528
   1  0.3528
 rrms:    0.0428
