   6 -0.4083
   6  0.5454
   8 -0.5906
   1  0.1382
   1  0.1382
   1  0.1382
   7 -0.4429
   6  0.1006
   6  0.6293
   8 -0.5804
   6 -0.2754
   6  0.5787
   8 -0.7962
   8 -0.7962
   1  0.3257
   1 -0.0435
   1  0.1046
   1  0.1046
   7 -0.0612
   6 -0.0760
   6  0.5852
   8 -0.6286
   6  0.1426
   6 -0.2581
   6 -0.0902
   6  0.3679
   7 -0.6926
   1  0.1421
   1  0.0386
   1 -0.0046
   1 -0.0046
   1  0.0149
   1  0.0149
   1  0.1181
   1  0.1181
   1  0.0319
   1  0.0319
   1  0.4351
   1  0.4351
   1  0.4351
   7 -0.5892
   6  0.6024
   6 -0.1013
   8 -0.4213
   6 -0.9559
   6  0.9217
   8 -0.7263
   8 -0.7263
   1 -0.0065
   1 -0.0132
   1  0.2831
   1  0.2831
   7  0.0287
   6 -0.3829
   6  0.4696
   8 -0.5758
   1  0.1678
   1  0.1965
   1  0.1965
   7 -0.0914
   6 -0.1363
   6  0.4269
   8 -0.5848
   6  0.1052
   6  0.1736
   7 -0.5781
   8 -0.1818
   1  0.3752
   1  0.1291
   1 -0.0044
   1 -0.0044
   1  0.3273
   1  0.3273
   7 -0.2168
   6 -0.2182
   6  0.5718
   8 -0.6346
   1  0.2150
   1  0.1412
   1  0.1412
   7 -0.3990
   6 -0.0724
   6  0.6045
   8 -0.6686
   6 -0.5695
   6  0.7001
   6 -0.6213
   6 -0.6213
   6  0.0224
   6  0.0224
   6  0.1309
   8 -0.5227
   1  0.2087
   1  0.1197
   1  0.1657
   1  0.1657
   1  0.2760
   1  0.2760
   1  0.1095
   1  0.1095
   1  0.4045
   7 -0.2746
   6 -0.0631
   6  0.5996
   8 -0.5562
   6  0.1190
   6 -0.2302
   6 -0.2846
   6  0.3292
   1  0.2212
   1  0.0497
   1  0.0137
   1  0.0430
   1  0.0430
   1  0.0655
   1  0.0655
   1  0.0655
   1 -0.0491
   1 -0.0491
   1 -0.0491
   7 -0.0776
   6 -0.2050
   6  0.3822
   8 -0.2455
   6  0.4234
   8 -0.5510
   1  0.1769
   1  0.0657
   1 -0.0485
   1 -0.0485
   1  0.2587
   7 -0.3741
   6  0.1498
   6  0.5633
   8 -0.6254
   6 -0.1727
   1  0.3553
   1  0.0091
   1  0.0621
   1  0.0621
   1  0.0621
   7 -0.6622
   6  0.6327
   6 -0.1329
   8 -0.4358
   6 -0.5534
   1  0.3640
   1 -0.0653
   1  0.1742
   1  0.1742
   1  0.1742
   7  0.3898
   6 -0.3748
   6  0.7179
   8 -0.6393
   6  0.4077
   6 -1.0652
   6  1.0929
   8 -0.8105
   8 -0.8105
   1 -0.0248
   1  0.1534
   1 -0.2144
   1 -0.2144
   1  0.3281
   1  0.3281
   7 -0.2217
   6 -0.0159
   1  0.0465
   1  0.0465
   1  0.0465
   1  0.0231
  20  2.1315
   8 -0.7134
   1  0.3506
   1  0.3506
 rrms:    0.0511
