   6 -0.5119
   6  0.6979
   8 -0.6475
   1  0.1639
   1  0.1639
   1  0.1639
   7 -0.5523
   6  0.2804
   6  0.3872
   8 -0.5140
   6 -0.6281
   6  0.7543
   8 -0.7085
   8 -0.7085
   1  0.3214
   1 -0.0177
   1  0.2467
   1  0.2467
   7 -0.4105
   6  0.3092
   6  0.3995
   8 -0.5807
   6 -0.1422
   6  0.2050
   6 -0.2011
   6  0.2504
   7 -0.1845
   1  0.2640
   1 -0.0409
   1  0.0894
   1  0.0894
   1 -0.0494
   1 -0.0494
   1  0.1063
   1  0.1063
   1  0.0094
   1  0.0094
   1  0.2367
   1  0.2367
   1  0.2367
   7 -0.7222
   6  0.8810
   6 -0.0007
   8 -0.4301
   6 -0.8549
   6  1.0081
   8 -0.8016
   8 -0.8016
   1  0.2436
   1 -0.0796
   1  0.2157
   1  0.2157
   7 -0.2423
   6 -0.2630
   6  0.6475
   8 -0.5390
   1  0.2634
   1  0.1932
   1  0.1932
   7 -0.8056
   6  0.4975
   6  0.3625
   8 -0.5432
   6 -0.5800
   6  1.1115
   7 -1.0784
   8 -0.7693
   1  0.3580
   1 -0.1151
   1  0.1474
   1  0.1474
   1  0.4795
   1  0.4795
   7 -0.1434
   6 -0.4107
   6  0.7019
   8 -0.5886
   1  0.2827
   1  0.1821
   1  0.1821
   7 -0.5831
   6  0.1738
   6  0.2982
   8 -0.5387
   6 -0.2789
   6  0.0355
   6 -0.0259
   6 -0.0259
   6 -0.4893
   6 -0.4893
   6  0.6122
   8 -0.6219
   1  0.3709
   1  0.0871
   1  0.0752
   1  0.0752
   1  0.1268
   1  0.1268
   1  0.1967
   1  0.1967
   1  0.4498
   7 -0.2626
   6 -0.2184
   6  0.4426
   8 -0.4902
   6  0.0803
   6  0.0781
   6 -0.1744
   6 -0.1671
   1  0.2819
   1  0.1747
   1  0.0190
   1  0.0522
   1  0.0522
   1  0.0266
   1  0.0266
   1  0.0266
   1  0.0479
   1  0.0479
   1  0.0479
   7  0.0196
   6 -0.4131
   6  0.7386
   8 -0.6174
   6  0.3807
   8 -0.6855
   1  0.2763
   1  0.1396
   1 -0.0418
   1 -0.0418
   1  0.4437
   7 -0.3577
   6  0.3716
   6  0.1463
   8 -0.5248
   6 -0.4594
   1  0.2772
   1  0.0543
   1  0.1374
   1  0.1374
   1  0.1374
   7  0.0034
   6  0.0521
   6  0.4204
   8 -0.5579
   6 -0.0375
   1 -0.1275
   1  0.0720
   1  0.0329
   1  0.0329
   1  0.0329
   7 -0.5861
   6 -0.0500
   6  0.4456
   8 -0.5655
   6  0.4985
   6 -0.8379
   6  1.1037
   8 -0.8765
   8 -0.8765
   1  0.3650
   1  0.1811
   1 -0.0939
   1 -0.0939
   1  0.1730
   1  0.1730
   7 -0.2482
   6  0.0066
   1  0.0624
   1  0.0624
   1  0.0624
   1  0.3004
  20  1.8677
   8 -0.7138
   1  0.3413
   1  0.3413
 rrms:    0.0435
