   6 -0.3739
   6  0.6774
   8 -0.6287
   1  0.1274
   1  0.1274
   1  0.1274
   7 -0.6424
   6  0.3791
   6  0.3441
   8 -0.4265
   6 -0.2502
   6  0.3766
   8 -0.7306
   8 -0.7306
   1  0.4017
   1 -0.0889
   1  0.1157
   1  0.1157
   7 -0.0296
   6 -0.2770
   6  0.6822
   8 -0.6615
   6  0.2542
   6 -0.0572
   6 -0.0544
   6  0.5926
   7 -0.4596
   1  0.1021
   1  0.0990
   1 -0.0001
   1 -0.0001
   1  0.0393
   1  0.0393
   1  0.0202
   1  0.0202
   1 -0.1103
   1 -0.1103
   1  0.3665
   1  0.3665
   1  0.3665
   7 -0.7569
   6  0.7961
   6 -0.3564
   8 -0.4046
   6 -0.8265
   6  0.9753
   8 -0.7374
   8 -0.7374
   1  0.2345
   1 -0.0238
   1  0.2423
   1  0.2423
   7  0.4132
   6 -0.5851
   6  0.6010
   8 -0.5937
   1 -0.1405
   1  0.2376
   1  0.2376
   7 -0.1205
   6 -0.0634
   6  0.3136
   8 -0.5148
   6  0.0394
   6  0.1424
   7 -0.5111
   8 -0.2925
   1  0.0417
   1  0.1201
   1  0.0528
   1  0.0528
   1  0.3373
   1  0.3373
   7 -0.0712
   6 -0.1846
   6  0.4578
   8 -0.5770
   1  0.2235
   1  0.1101
   1  0.1101
   7 -0.0380
   6 -0.4304
   6  0.7028
   8 -0.5371
   6 -0.1776
   6  0.3946
   6 -0.4469
   6 -0.4469
   6  0.0080
   6  0.0080
   6  0.1375
   8 -0.5239
   1  0.1218
   1  0.1732
   1  0.0563
   1  0.0563
   1  0.1825
   1  0.1825
   1  0.1037
   1  0.1037
   1  0.4207
   7 -0.3224
   6 -0.3519
   6  0.9534
   8 -0.6437
   6  0.3440
   6 -0.0139
   6 -0.4716
   6 -0.2076
   1  0.2586
   1  0.0620
   1 -0.0560
   1  0.0524
   1  0.0524
   1  0.0983
   1  0.0983
   1  0.0983
   1  0.0592
   1  0.0592
   1  0.0592
   7 -0.6286
   6  0.1478
   6  0.2659
   8 -0.2539
   6 -0.2257
   8 -0.2768
   1  0.3703
   1  0.0598
   1  0.1400
   1  0.1400
   1  0.3432
   7 -0.4051
   6  0.1620
   6  0.4951
   8 -0.6163
   6 -0.1815
   1  0.3429
   1  0.0264
   1  0.0690
   1  0.0690
   1  0.0690
   7 -0.5228
   6  0.4942
   6 -0.2175
   8 -0.4030
   6 -0.4078
   1  0.3085
   1 -0.0077
   1  0.1357
   1  0.1357
   1  0.1357
   7  0.7278
   6 -0.7389
   6  0.6917
   8 -0.6050
   6  0.5943
   6 -0.8888
   6  0.8342
   8 -0.7680
   8 -0.7680
   1 -0.1187
   1  0.3098
   1 -0.2248
   1 -0.2248
   1  0.2355
   1  0.2355
   7 -0.2417
   6 -0.1169
   1  0.0723
   1  0.0723
   1  0.0723
   1  0.0215
  20  1.9657
   8 -0.6964
   1  0.3429
   1  0.3429
 rrms:    0.0465
