   6 -0.5157
   6  0.6013
   8 -0.6396
   1  0.1646
   1  0.1646
   1  0.1646
   7 -0.5516
   6  0.5226
   6  0.2524
   8 -0.4635
   6 -0.5635
   6  0.8690
   8 -0.7648
   8 -0.7648
   1  0.3934
   1 -0.1309
   1  0.1561
   1  0.1561
   7  0.0058
   6 -0.0230
   6  0.2815
   8 -0.5567
   6  0.0883
   6 -0.2098
   6  0.0724
   6  0.2574
   7 -0.2814
   1 -0.0095
   1  0.1128
   1  0.0192
   1  0.0192
   1  0.0867
   1  0.0867
   1  0.0183
   1  0.0183
   1  0.0149
   1  0.0149
   1  0.3289
   1  0.3289
   1  0.3289
   7 -0.2366
   6  0.6782
   6 -0.1663
   8 -0.4415
   6 -0.7851
   6  0.9248
   8 -0.7529
   8 -0.7529
   1  0.0235
   1 -0.0061
   1  0.2358
   1  0.2358
   7  0.0789
   6  0.1697
   6  0.2587
   8 -0.5117
   1 -0.2231
   1  0.0161
   1  0.0161
   7 -0.0824
   6 -0.0927
   6  0.4838
   8 -0.5836
   6 -0.0888
   6  0.4214
   7 -0.7037
   8 -0.4461
   1  0.0450
   1  0.1285
   1  0.1069
   1  0.1069
   1  0.3818
   1  0.3818
   7  0.0378
   6 -0.4231
   6  0.6057
   8 -0.5856
   1  0.1107
   1  0.1852
   1  0.1852
   7 -0.3399
   6 -0.0906
   6  0.9284
   8 -0.6581
   6 -0.2620
   6  0.1918
   6 -0.1848
   6 -0.1848
   6 -0.2773
   6 -0.2773
   6  0.3875
   8 -0.5646
   1  0.1039
   1  0.1199
   1  0.0886
   1  0.0886
   1  0.1460
   1  0.1460
   1  0.1641
   1  0.1641
   1  0.4208
   7 -0.8008
   6  0.1583
   6  0.5527
   8 -0.5338
   6  0.1543
   6 -0.1465
   6 -0.3234
   6  0.3003
   1  0.3517
   1  0.0431
   1  0.0378
   1  0.0335
   1  0.0335
   1  0.0575
   1  0.0575
   1  0.0575
   1 -0.0309
   1 -0.0309
   1 -0.0309
   7 -0.2089
   6 -0.0005
   6  0.3621
   8 -0.2988
   6  0.0537
   8 -0.5583
   1  0.0201
   1  0.0582
   1  0.0251
   1  0.0251
   1  0.4978
   7 -0.2243
   6  0.0193
   6  0.6700
   8 -0.6500
   6 -0.2915
   1  0.3312
   1  0.0981
   1  0.0970
   1  0.0970
   1  0.0970
   7 -0.5412
   6  0.3838
   6 -0.0069
   8 -0.4512
   6 -0.2371
   1  0.3060
   1 -0.0235
   1  0.0866
   1  0.0866
   1  0.0866
   7  0.3541
   6 -0.4796
   6  0.6374
   8 -0.6315
   6  0.5916
   6 -0.5197
   6  0.4830
   8 -0.5708
   8 -0.5708
   1 -0.0348
   1  0.2355
   1 -0.2406
   1 -0.2406
   1  0.1690
   1  0.1690
   7 -0.1681
   6 -0.1228
   1  0.0802
   1  0.0802
   1  0.0802
   1 -0.0205
  20  1.8035
   8 -0.5805
   1  0.2735
   1  0.2735
 rrms:    0.0399
