   6 -0.6476
   6  0.9749
   8 -0.7205
   1  0.1887
   1  0.1887
   1  0.1887
   7 -1.0220
   6  0.8983
   6  0.1327
   8 -0.4987
   6 -0.7136
   6  0.7799
   8 -0.7663
   8 -0.7663
   1  0.5135
   1 -0.1086
   1  0.2121
   1  0.2121
   7 -0.2793
   6  0.4104
   6  0.4990
   8 -0.5871
   6 -0.2242
   6  0.2029
   6 -0.3203
   6  0.5543
   7 -0.2801
   1  0.2307
   1 -0.1466
   1  0.0652
   1  0.0652
   1 -0.0357
   1 -0.0357
   1  0.1682
   1  0.1682
   1 -0.1159
   1 -0.1159
   1  0.2593
   1  0.2593
   1  0.2593
   7 -0.7121
   6  1.0535
   6 -0.5920
   8 -0.3384
   6 -1.1538
   6  1.1376
   8 -0.8223
   8 -0.8223
   1  0.3107
   1 -0.0818
   1  0.3175
   1  0.3175
   7  0.5917
   6 -0.6802
   6  0.7665
   8 -0.6044
   1 -0.4915
   1  0.2441
   1  0.2441
   7 -0.2708
   6  0.1367
   6  0.4429
   8 -0.5003
   6 -0.2382
   6  0.5950
   7 -0.8587
   8 -0.6066
   1  0.3205
   1  0.0198
   1  0.0669
   1  0.0669
   1  0.4220
   1  0.4220
   7 -0.3229
   6 -0.0736
   6  0.5256
   8 -0.6251
   1  0.2390
   1  0.0756
   1  0.0756
   7 -0.2057
   6  0.0527
   6  0.3550
   8 -0.5444
   6 -0.0262
   6  0.0379
   6 -0.1773
   6 -0.1773
   6 -0.2558
   6 -0.2558
   6  0.3627
   8 -0.5586
   1  0.2126
   1  0.0594
   1  0.0505
   1  0.0505
   1  0.1331
   1  0.1331
   1  0.1450
   1  0.1450
   1  0.4382
   7 -0.0635
   6 -0.3174
   6  0.4452
   8 -0.4836
   6  0.3514
   6 -0.3328
   6 -0.4862
   6 -0.0295
   1  0.2055
   1  0.2236
   1 -0.0498
   1  0.1248
   1  0.1248
   1  0.1248
   1  0.1248
   1  0.1248
   1  0.0004
   1  0.0004
   1  0.0004
   7 -0.0770
   6 -0.6226
   6  0.9873
   8 -0.6314
   6  0.2339
   8 -0.3026
   1  0.1050
   1  0.2244
   1 -0.0327
   1 -0.0327
   1  0.3156
   7 -0.6195
   6  0.4150
   6  0.3565
   8 -0.5566
   6 -0.5628
   1  0.4673
   1  0.0141
   1  0.1580
   1  0.1580
   1  0.1580
   7 -0.5318
   6  0.3303
   6  0.2022
   8 -0.5236
   6 -0.1159
   1  0.3493
   1  0.0394
   1  0.0480
   1  0.0480
   1  0.0480
   7 -0.0480
   6 -0.5989
   6  0.8904
   8 -0.6073
   6  0.1707
   6 -0.5243
   6  0.7767
   8 -0.7126
   8 -0.7126
   1  0.1624
   1  0.2157
   1 -0.0388
   1 -0.0388
   1  0.1075
   1  0.1075
   7 -0.5822
   6  0.1930
   1  0.0003
   1  0.0003
   1  0.0003
   1  0.4665
  20  2.0105
   8 -0.6542
   1  0.3301
   1  0.3301
 rrms:    0.0468
