   6 -0.4900
   6  0.6808
   8 -0.6185
   1  0.1526
   1  0.1526
   1  0.1526
   7 -0.6084
   6  0.1946
   6  0.3781
   8 -0.5135
   6 -0.0055
   6  0.2512
   8 -0.7160
   8 -0.7160
   1  0.3702
   1 -0.0490
   1  0.0724
   1  0.0724
   7  0.2787
   6 -0.5636
   6  0.7252
   8 -0.6748
   6  0.2010
   6 -0.1122
   6 -0.1507
   6  0.3324
   7 -0.2895
   1 -0.1769
   1  0.1610
   1  0.0366
   1  0.0366
   1  0.1142
   1  0.1142
   1  0.0524
   1  0.0524
   1 -0.0235
   1 -0.0235
   1  0.3300
   1  0.3300
   1  0.3300
   7 -0.2959
   6  0.6788
   6 -0.2662
   8 -0.4191
   6 -0.8359
   6  0.8387
   8 -0.7365
   8 -0.7365
   1  0.0506
   1 -0.0187
   1  0.2305
   1  0.2305
   7  0.4057
   6 -0.1676
   6  0.3635
   8 -0.5245
   1 -0.2063
   1  0.1318
   1  0.1318
   7 -0.0235
   6 -0.2127
   6  0.4984
   8 -0.5787
   6 -0.0386
   6  0.3445
   7 -0.6957
   8 -0.3803
   1  0.0031
   1  0.1512
   1  0.0875
   1  0.0875
   1  0.3612
   1  0.3612
   7 -0.1613
   6 -0.1879
   6  0.6458
   8 -0.6533
   1  0.1674
   1  0.1114
   1  0.1114
   7 -0.3428
   6 -0.4987
   6  1.0613
   8 -0.7130
   6  0.1093
   6 -0.1421
   6  0.0687
   6  0.0687
   6 -0.5407
   6 -0.5407
   6  0.6466
   8 -0.5687
   1  0.2380
   1  0.2260
   1 -0.0046
   1 -0.0046
   1  0.1295
   1  0.1295
   1  0.2087
   1  0.2087
   1  0.4179
   7 -0.8147
   6 -0.0151
   6  0.6426
   8 -0.5681
   6  0.0943
   6  0.1232
   6 -0.2744
   6 -0.1573
   1  0.3705
   1  0.1815
   1  0.0401
   1  0.0067
   1  0.0067
   1  0.0529
   1  0.0529
   1  0.0529
   1  0.0502
   1  0.0502
   1  0.0502
   7 -0.3071
   6 -0.0206
   6  0.2598
   8 -0.1469
   6  0.2901
   8 -0.4645
   1 -0.0774
   1  0.0706
   1 -0.0347
   1 -0.0347
   1  0.2799
   7 -0.3427
   6  0.2074
   6  0.5371
   8 -0.6150
   6 -0.2835
   1  0.3477
   1  0.0097
   1  0.0892
   1  0.0892
   1  0.0892
   7 -0.3612
   6  0.2603
   6  0.0017
   8 -0.4807
   6 -0.2689
   1  0.3067
   1  0.0354
   1  0.1013
   1  0.1013
   1  0.1013
   7  0.3701
   6 -0.1056
   6  0.2870
   8 -0.5196
   6  0.2850
   6 -0.5829
   6  0.6902
   8 -0.6352
   8 -0.6352
   1 -0.1440
   1  0.0859
   1 -0.0776
   1 -0.0776
   1  0.1598
   1  0.1598
   7 -0.0411
   6 -0.2311
   1  0.1139
   1  0.1139
   1  0.1139
   1 -0.0352
  20  2.1821
   8 -0.6550
   1  0.3211
   1  0.3211
 rrms:    0.0432
