   6 -0.6245
   6  0.7234
   8 -0.6422
   1  0.1923
   1  0.1923
   1  0.1923
   7 -0.5449
   6  0.2693
   6  0.5374
   8 -0.5432
   6 -0.6767
   6  0.7130
   8 -0.6953
   8 -0.6953
   1  0.2997
   1  0.0098
   1  0.2361
   1  0.2361
   7 -0.6674
   6 -0.0053
   6  0.9867
   8 -0.6455
   6 -0.1339
   6  0.1089
   6 -0.0611
   6  0.4427
   7 -0.3746
   1  0.3524
   1  0.0664
   1  0.0527
   1  0.0527
   1 -0.0055
   1 -0.0055
   1  0.0781
   1  0.0781
   1 -0.0599
   1 -0.0599
   1  0.3514
   1  0.3514
   1  0.3514
   7 -1.4300
   6  1.1004
   6  0.1509
   8 -0.4482
   6 -1.0120
   6  1.3967
   8 -0.9482
   8 -0.9482
   1  0.5017
   1 -0.1135
   1  0.2320
   1  0.2320
   7 -0.4334
   6  0.0163
   6  0.7128
   8 -0.5806
   1  0.2630
   1  0.1085
   1  0.1085
   7 -1.2116
   6  1.0185
   6  0.2214
   8 -0.4118
   6 -1.5301
   6  1.5642
   7 -1.2017
   8 -0.8376
   1  0.4153
   1 -0.2083
   1  0.4067
   1  0.4067
   1  0.5188
   1  0.5188
   7 -0.3566
   6 -0.0651
   6  0.3995
   8 -0.5678
   1  0.3191
   1  0.0975
   1  0.0975
   7 -0.4999
   6  0.1694
   6  0.4149
   8 -0.6013
   6 -0.2214
   6  0.2406
   6 -0.3516
   6 -0.3516
   6 -0.1384
   6 -0.1384
   6  0.2606
   8 -0.5166
   1  0.3359
   1  0.0778
   1  0.1292
   1  0.1292
   1  0.1630
   1  0.1630
   1  0.1304
   1  0.1304
   1  0.4078
   7 -0.5245
   6 -0.1361
   6  0.5430
   8 -0.5794
   6 -0.0040
   6  0.4072
   6 -0.2264
   6 -0.0621
   1  0.5071
   1  0.1045
   1 -0.0023
   1 -0.1187
   1 -0.1187
   1  0.0431
   1  0.0431
   1  0.0431
   1  0.0434
   1  0.0434
   1  0.0434
   7 -0.0518
   6 -0.3214
   6  0.6051
   8 -0.5655
   6  0.1366
   8 -0.6069
   1  0.3697
   1  0.1277
   1  0.0205
   1  0.0205
   1  0.4169
   7 -0.0311
   6  0.0228
   6  0.5202
   8 -0.5871
   6 -0.2692
   1  0.2088
   1  0.1247
   1  0.0795
   1  0.0795
   1  0.0795
   7 -0.5669
   6  0.3810
   6  0.5108
   8 -0.5195
   6 -0.2371
   1  0.1039
   1 -0.0170
   1  0.1005
   1  0.1005
   1  0.1005
   7 -0.6383
   6  0.2600
   6  0.2660
   8 -0.5216
   6 -0.0651
   6 -0.1917
   6  0.5835
   8 -0.6798
   8 -0.6798
   1  0.3299
   1  0.0705
   1  0.0195
   1  0.0195
   1  0.0463
   1  0.0463
   7 -0.2815
   6  0.2014
   1  0.0077
   1  0.0077
   1  0.0077
   1  0.2611
  20  1.6853
   8 -0.6526
   1  0.3224
   1  0.3224
 rrms:    0.0508
