   6 -0.7021
   6  1.0841
   8 -0.7306
   1  0.2137
   1  0.2137
   1  0.2137
   7 -1.3049
   6  1.3127
   6 -0.3304
   8 -0.3424
   6 -0.8345
   6  0.9872
   8 -0.7704
   8 -0.7704
   1  0.4341
   1 -0.2145
   1  0.2244
   1  0.2244
   7 -0.1570
   6 -0.1344
   6  0.3429
   8 -0.5714
   6  0.2148
   6 -0.0365
   6  0.1966
   6  0.2973
   7 -0.2783
   1  0.2343
   1  0.1998
   1 -0.0283
   1 -0.0283
   1 -0.0397
   1 -0.0397
   1 -0.0425
   1 -0.0425
   1 -0.0081
   1 -0.0081
   1  0.3215
   1  0.3215
   1  0.3215
   7 -0.3648
   6  0.9422
   6 -0.1003
   8 -0.3672
   6 -1.2724
   6  1.1800
   8 -0.8895
   8 -0.8895
   1  0.1613
   1 -0.1750
   1  0.3237
   1  0.3237
   7 -0.0160
   6 -0.1206
   6  0.9172
   8 -0.7345
   1  0.1937
   1  0.1161
   1  0.1161
   7 -0.8049
   6  0.4720
   6  0.0199
   8 -0.4692
   6 -0.5184
   6  0.7880
   7 -0.9444
   8 -0.6203
   1  0.4479
   1 -0.0263
   1  0.2333
   1  0.2333
   1  0.4235
   1  0.4235
   7 -0.0329
   6 -0.5945
   6  1.0685
   8 -0.7206
   1  0.2556
   1  0.2287
   1  0.2287
   7 -0.9909
   6  0.7214
   6  0.8655
   8 -0.6342
   6 -0.3279
   6  0.4268
   6 -0.2883
   6 -0.2883
   6 -0.2944
   6 -0.2944
   6  0.3738
   8 -0.5463
   1  0.3630
   1 -0.3137
   1  0.0131
   1  0.0131
   1  0.1851
   1  0.1851
   1  0.1886
   1  0.1886
   1  0.4009
   7 -0.4888
   6  0.0056
   6  0.2412
   8 -0.5369
   6  0.1715
   6  0.1415
   6 -0.2929
   6 -0.3631
   1  0.1867
   1  0.0680
   1 -0.0440
   1  0.0017
   1  0.0017
   1  0.1002
   1  0.1002
   1  0.1002
   1  0.1050
   1  0.1050
   1  0.1050
   7 -0.0535
   6 -0.1864
   6  0.7639
   8 -0.6640
   6  0.3322
   8 -0.6591
   1 -0.1150
   1  0.1642
   1 -0.0252
   1 -0.0252
   1  0.4394
   7 -0.6030
   6  0.5215
   6  0.1552
   8 -0.4323
   6 -0.4841
   1  0.3748
   1 -0.0178
   1  0.1360
   1  0.1360
   1  0.1360
   7 -0.3872
   6  0.0882
   6  0.3696
   8 -0.5013
   6 -0.1577
   1  0.2888
   1  0.1079
   1  0.0661
   1  0.0661
   1  0.0661
   7 -0.1931
   6 -0.2239
   6  0.6093
   8 -0.5918
   6  0.0382
   6 -0.6825
   6  0.8518
   8 -0.7814
   8 -0.7814
   1  0.1869
   1  0.1296
   1  0.0534
   1  0.0534
   1  0.2352
   1  0.2352
   7 -0.3992
   6  0.0450
   1  0.0453
   1  0.0453
   1  0.0453
   1  0.3084
  20  1.8623
   8 -0.6874
   1  0.3313
   1  0.3313
 rrms:    0.0356
