   6 -0.4909
   6  0.7417
   8 -0.6599
   1  0.1561
   1  0.1561
   1  0.1561
   7 -0.8054
   6  0.4455
   6  0.4790
   8 -0.5262
   6 -0.4458
   6  0.4384
   8 -0.6162
   8 -0.6162
   1  0.4408
   1 -0.1369
   1  0.1786
   1  0.1786
   7  0.1493
   6 -0.5014
   6  0.7215
   8 -0.6686
   6  0.5998
   6 -0.7473
   6  0.3444
   6  0.1270
   7 -0.2254
   1 -0.0600
   1  0.1828
   1 -0.0412
   1 -0.0412
   1  0.2076
   1  0.2076
   1 -0.0649
   1 -0.0649
   1  0.0641
   1  0.0641
   1  0.3140
   1  0.3140
   1  0.3140
   7 -0.6597
   6  0.7867
   6 -0.0248
   8 -0.4495
   6 -0.7872
   6  0.8999
   8 -0.7510
   8 -0.7510
   1  0.1871
   1 -0.0860
   1  0.2041
   1  0.2041
   7  0.0457
   6 -0.1597
   6  0.4572
   8 -0.5935
   1  0.0540
   1  0.1211
   1  0.1211
   7  0.0552
   6 -0.0943
   6  0.4346
   8 -0.5491
   6 -0.0990
   6  0.3870
   7 -0.7305
   8 -0.2124
   1 -0.0550
   1  0.1466
   1  0.1050
   1  0.1050
   1  0.3908
   1  0.3908
   7 -0.1909
   6  0.1602
   6  0.2705
   8 -0.5350
   1  0.0144
   1  0.0573
   1  0.0573
   7  0.0799
   6 -0.3322
   6  0.5594
   8 -0.4300
   6 -0.3902
   6  0.5580
   6 -0.5735
   6 -0.5735
   6  0.1045
   6  0.1045
   6 -0.0060
   8 -0.4648
   1 -0.3000
   1  0.1815
   1  0.1652
   1  0.1652
   1  0.2309
   1  0.2309
   1  0.1073
   1  0.1073
   1  0.3738
   7 -0.4326
   6  0.0243
   6  0.5270
   8 -0.5255
   6 -0.0258
   6  0.0781
   6 -0.1056
   6 -0.4333
   1  0.3139
   1  0.0066
   1  0.0841
   1  0.0626
   1  0.0626
   1  0.0090
   1  0.0090
   1  0.0090
   1  0.1268
   1  0.1268
   1  0.1268
   7 -0.0451
   6 -0.2596
   6  0.3247
   8 -0.2381
   6  0.2668
   8 -0.5749
   1  0.2119
   1  0.1221
   1 -0.0177
   1 -0.0177
   1  0.3992
   7 -0.2220
   6  0.0589
   6  0.6974
   8 -0.6698
   6 -0.1628
   1  0.3213
   1  0.0388
   1  0.0470
   1  0.0470
   1  0.0470
   7 -0.6162
   6  0.4638
   6  0.1406
   8 -0.5439
   6 -0.4062
   1  0.3817
   1 -0.0343
   1  0.1277
   1  0.1277
   1  0.1277
   7  0.1665
   6  0.0969
   6  0.1915
   8 -0.5496
   6  0.2389
   6 -0.7349
   6  0.9781
   8 -0.8413
   8 -0.8413
   1  0.0431
   1  0.0728
   1 -0.0557
   1 -0.0557
   1  0.1436
   1  0.1436
   7  0.0931
   6 -0.3054
   1  0.1373
   1  0.1373
   1  0.1373
   1 -0.2211
  20  1.7340
   8 -0.6860
   1  0.3482
   1  0.3482
 rrms:    0.0415
