   6 -0.5171
   6  0.7374
   8 -0.6684
   1  0.1665
   1  0.1665
   1  0.1665
   7 -0.5177
   6  0.2389
   6  0.4994
   8 -0.6464
   6 -0.2625
   6  0.6196
   8 -0.6888
   8 -0.6888
   1  0.2150
   1  0.0446
   1  0.0566
   1  0.0566
   7 -0.3197
   6  0.1950
   6  0.2644
   8 -0.5148
   6 -0.1431
   6  0.1488
   6 -0.0059
   6  0.3069
   7 -0.1434
   1  0.2126
   1  0.0788
   1  0.0543
   1  0.0543
   1 -0.0525
   1 -0.0525
   1  0.0274
   1  0.0274
   1 -0.0159
   1 -0.0159
   1  0.2670
   1  0.2670
   1  0.2670
   7 -0.5450
   6  0.7752
   6 -0.4959
   8 -0.3416
   6 -0.8397
   6  1.1766
   8 -0.8082
   8 -0.8082
   1  0.1902
   1 -0.0403
   1  0.2279
   1  0.2279
   7  0.3185
   6 -0.9233
   6  0.9951
   8 -0.6389
   1  0.1017
   1  0.3417
   1  0.3417
   7 -0.8079
   6  0.7463
   6  0.1351
   8 -0.4730
   6 -0.2589
   6  0.7914
   7 -0.9762
   8 -0.6542
   1  0.3366
   1 -0.0466
   1  0.0793
   1  0.0793
   1  0.4584
   1  0.4584
   7 -0.1612
   6  0.0061
   6  0.4875
   8 -0.6013
   1  0.2455
   1 -0.0103
   1 -0.0103
   7 -0.4526
   6  0.1191
   6  0.3724
   8 -0.4830
   6 -0.1821
   6  0.1057
   6 -0.1195
   6 -0.1195
   6 -0.3838
   6 -0.3838
   6  0.5033
   8 -0.5776
   1  0.3750
   1  0.0874
   1  0.0426
   1  0.0426
   1  0.1261
   1  0.1261
   1  0.1952
   1  0.1952
   1  0.4213
   7 -0.0237
   6 -0.4210
   6  0.7918
   8 -0.6425
   6  0.2324
   6  0.0423
   6 -0.3561
   6 -0.0676
   1  0.0939
   1  0.1852
   1 -0.0434
   1 -0.0131
   1 -0.0131
   1  0.0943
   1  0.0943
   1  0.0943
   1  0.0107
   1  0.0107
   1  0.0107
   7 -0.6162
   6 -0.1330
   6  0.7786
   8 -0.6137
   6  0.5717
   8 -0.5971
   1  0.3658
   1  0.1335
   1 -0.0973
   1 -0.0973
   1  0.4359
   7 -0.9181
   6  0.6257
   6  0.1340
   8 -0.4136
   6 -0.2384
   1  0.3939
   1 -0.0927
   1  0.0968
   1  0.0968
   1  0.0968
   7 -0.4589
   6  0.2943
   6  0.1539
   8 -0.4661
   6 -0.3461
   1  0.2955
   1  0.0049
   1  0.1175
   1  0.1175
   1  0.1175
   7  0.0207
   6 -0.6740
   6  0.6387
   8 -0.6065
   6  0.3587
   6 -0.7020
   6  0.7908
   8 -0.7784
   8 -0.7784
   1  0.2497
   1  0.2608
   1 -0.0270
   1 -0.0270
   1  0.2140
   1  0.2140
   7 -0.2425
   6 -0.0238
   1  0.0567
   1  0.0567
   1  0.0567
   1  0.2245
  20  1.8804
   8 -0.6054
   1  0.3228
   1  0.3228
 rrms:    0.0501
