   6 -0.4652
   6  0.6893
   8 -0.6499
   1  0.1487
   1  0.1487
   1  0.1487
   7 -0.6683
   6  0.0335
   6  0.7027
   8 -0.5703
   6 -0.0049
   6 -0.0539
   8 -0.3338
   8 -0.3338
   1  0.3934
   1  0.0946
   1  0.0838
   1  0.0838
   7 -0.1848
   6 -0.3658
   6  0.5617
   8 -0.6561
   6  0.4492
   6 -0.5007
   6  0.0784
   6  0.3495
   7 -0.2827
   1  0.0943
   1  0.1777
   1  0.0082
   1  0.0082
   1  0.1631
   1  0.1631
   1 -0.0091
   1 -0.0091
   1 -0.0116
   1 -0.0116
   1  0.3259
   1  0.3259
   1  0.3259
   7 -0.4636
   6  0.6413
   6 -0.1329
   8 -0.4418
   6 -0.7304
   6  0.9322
   8 -0.8076
   8 -0.8076
   1  0.1305
   1 -0.0397
   1  0.2278
   1  0.2278
   7  0.1945
   6 -0.1252
   6  0.4137
   8 -0.5119
   1 -0.2412
   1  0.1175
   1  0.1175
   7  0.1591
   6 -0.3994
   6  0.7929
   8 -0.6111
   6  0.0252
   6  0.3296
   7 -0.7265
   8 -0.3229
   1 -0.5600
   1  0.2073
   1  0.0731
   1  0.0731
   1  0.3905
   1  0.3905
   7 -0.2783
   6  0.0809
   6  0.2628
   8 -0.5375
   1  0.2230
   1  0.0796
   1  0.0796
   7  0.0833
   6 -0.1437
   6  0.4106
   8 -0.3685
   6 -0.1030
   6  0.3206
   6 -0.3968
   6 -0.3968
   6 -0.0735
   6 -0.0735
   6  0.2000
   8 -0.5118
   1 -0.3024
   1  0.0929
   1  0.0637
   1  0.0637
   1  0.1975
   1  0.1975
   1  0.1325
   1  0.1325
   1  0.3950
   7 -0.3052
   6 -0.2351
   6  0.6561
   8 -0.5620
   6  0.3255
   6 -0.0643
   6 -0.4650
   6 -0.2122
   1  0.2556
   1  0.0315
   1 -0.0400
   1  0.0992
   1  0.0992
   1  0.1161
   1  0.1161
   1  0.1161
   1  0.0578
   1  0.0578
   1  0.0578
   7 -0.2533
   6 -0.2436
   6  0.5452
   8 -0.4207
   6  0.1968
   8 -0.5364
   1  0.3928
   1  0.0784
   1  0.0111
   1  0.0111
   1  0.3259
   7 -0.4190
   6  0.2364
   6  0.4860
   8 -0.6283
   6 -0.3680
   1  0.3948
   1  0.0097
   1  0.1150
   1  0.1150
   1  0.1150
   7 -0.4288
   6  0.3570
   6  0.0481
   8 -0.4759
   6 -0.3121
   1  0.2568
   1 -0.0220
   1  0.1082
   1  0.1082
   1  0.1082
   7  0.2931
   6 -0.0836
   6  0.3492
   8 -0.5451
   6  0.2939
   6 -0.3716
   6  0.6042
   8 -0.7613
   8 -0.7613
   1  0.0663
   1  0.0781
   1 -0.1382
   1 -0.1382
   1  0.0884
   1  0.0884
   7 -0.0815
   6 -0.2415
   1  0.1102
   1  0.1102
   1  0.1102
   1  0.0313
  20  2.0865
   8 -0.6873
   1  0.3421
   1  0.3421
 rrms:    0.0404
