   6 -0.6039
   6  0.6773
   8 -0.6211
   1  0.1813
   1  0.1813
   1  0.1813
   7 -0.4800
   6 -0.0273
   6  0.5657
   8 -0.5732
   6 -0.4400
   6  0.7182
   8 -0.6829
   8 -0.6829
   1  0.3288
   1  0.1191
   1  0.0881
   1  0.0881
   7 -0.4437
   6  0.2385
   6  0.3817
   8 -0.5976
   6 -0.1091
   6  0.1445
   6 -0.0422
   6  0.4306
   7 -0.2053
   1  0.3512
   1 -0.0110
   1  0.0868
   1  0.0868
   1 -0.0395
   1 -0.0395
   1  0.0171
   1  0.0171
   1 -0.0720
   1 -0.0720
   1  0.2540
   1  0.2540
   1  0.2540
   7 -0.6828
   6  0.7939
   6  0.0602
   8 -0.3815
   6 -0.9068
   6  0.8931
   8 -0.7817
   8 -0.7817
   1  0.3811
   1 -0.1531
   1  0.3177
   1  0.3177
   7 -0.2519
   6  0.0233
   6  0.5590
   8 -0.4092
   1  0.0957
   1  0.0958
   1  0.0958
   7 -0.9193
   6  0.5888
   6  0.3055
   8 -0.5153
   6 -0.8107
   6  1.1100
   7 -0.9396
   8 -0.7396
   1  0.4056
   1 -0.0678
   1  0.2046
   1  0.2046
   1  0.4517
   1  0.4517
   7 -0.0600
   6 -0.5574
   6  0.7585
   8 -0.5961
   1  0.2841
   1  0.2149
   1  0.2149
   7 -0.5214
   6  0.1422
   6  0.3205
   8 -0.5811
   6 -0.4275
   6  0.1930
   6 -0.2351
   6 -0.2351
   6 -0.2946
   6 -0.2946
   6  0.4108
   8 -0.5297
   1  0.3337
   1  0.0818
   1  0.1326
   1  0.1326
   1  0.1627
   1  0.1627
   1  0.1729
   1  0.1729
   1  0.3972
   7 -0.1719
   6 -0.3995
   6  0.6319
   8 -0.5086
   6  0.5758
   6 -0.1342
   6 -0.5549
   6 -0.1256
   1  0.2464
   1  0.1733
   1 -0.1839
   1  0.0643
   1  0.0643
   1  0.1327
   1  0.1327
   1  0.1327
   1  0.0394
   1  0.0394
   1  0.0394
   7  0.0109
   6 -0.4679
   6  0.4685
   8 -0.5611
   6  0.6532
   8 -0.6600
   1  0.3105
   1  0.1740
   1 -0.0926
   1 -0.0926
   1  0.4263
   7 -0.2971
   6  0.2066
   6  0.4434
   8 -0.5715
   6 -0.0320
   1  0.1714
   1  0.0851
   1  0.0125
   1  0.0125
   1  0.0125
   7 -0.5502
   6  0.4405
   6  0.5012
   8 -0.5783
   6 -0.4736
   1  0.1260
   1 -0.0077
   1  0.1514
   1  0.1514
   1  0.1514
   7 -0.6751
   6  0.0629
   6  0.2775
   8 -0.4693
   6  0.4773
   6 -0.6834
   6  0.8785
   8 -0.7743
   8 -0.7743
   1  0.3640
   1  0.1102
   1 -0.1047
   1 -0.1047
   1  0.1421
   1  0.1421
   7 -0.2127
   6  0.0456
   1  0.0409
   1  0.0409
   1  0.0409
   1  0.2802
  20  1.7420
   8 -0.5491
   1  0.2562
   1  0.2562
 rrms:    0.0506
