   6 -0.5089
   6  0.6975
   8 -0.6365
   1  0.1595
   1  0.1595
   1  0.1595
   7 -0.4974
   6  0.2307
   6  0.3331
   8 -0.4327
   6 -0.7792
   6  1.0220
   8 -0.8058
   8 -0.8058
   1  0.2993
   1  0.0025
   1  0.2613
   1  0.2613
   7 -0.1330
   6 -0.4077
   6  0.7268
   8 -0.6953
   6  0.5203
   6 -0.3894
   6  0.0773
   6  0.1491
   7 -0.0821
   1  0.2166
   1  0.1579
   1 -0.0660
   1 -0.0660
   1  0.1086
   1  0.1086
   1  0.0032
   1  0.0032
   1  0.0421
   1  0.0421
   1  0.1980
   1  0.1980
   1  0.1980
   7 -0.6329
   6  0.9328
   6 -0.4484
   8 -0.3261
   6 -1.3616
   6  1.2110
   8 -0.8378
   8 -0.8378
   1  0.3100
   1 -0.0098
   1  0.3693
   1  0.3693
   7  0.2875
   6 -0.4425
   6  0.4600
   8 -0.5551
   1 -0.2572
   1  0.2273
   1  0.2273
   7 -0.1269
   6  0.4670
   6  0.0339
   8 -0.3926
   6 -0.7655
   6  1.1516
   7 -1.1732
   8 -0.7480
   1  0.1175
   1 -0.0795
   1  0.1807
   1  0.1807
   1  0.5146
   1  0.5146
   7 -0.0293
   6 -0.3019
   6  0.6159
   8 -0.5918
   1  0.2181
   1  0.1416
   1  0.1416
   7 -0.3834
   6 -0.0379
   6  0.7425
   8 -0.7225
   6 -0.3749
   6  0.4729
   6 -0.4733
   6 -0.4733
   6 -0.0565
   6 -0.0565
   6  0.2013
   8 -0.5493
   1  0.2871
   1  0.0698
   1  0.1261
   1  0.1261
   1  0.2114
   1  0.2114
   1  0.1182
   1  0.1182
   1  0.4286
   7 -0.5130
   6  0.0367
   6  0.4656
   8 -0.4603
   6  0.1166
   6 -0.0112
   6 -0.2489
   6 -0.0394
   1  0.3407
   1  0.0994
   1 -0.0070
   1  0.0114
   1  0.0114
   1  0.0571
   1  0.0571
   1  0.0571
   1  0.0089
   1  0.0089
   1  0.0089
   7 -0.1387
   6 -0.5169
   6  0.7122
   8 -0.5814
   6  0.5414
   8 -0.6509
   1  0.1907
   1  0.1651
   1 -0.1004
   1 -0.1004
   1  0.4248
   7 -0.1582
   6 -0.1980
   6  0.8860
   8 -0.6538
   6 -0.1356
   1  0.2430
   1  0.2696
   1  0.0337
   1  0.0337
   1  0.0337
   7 -1.0082
   6  0.3777
   6  0.4983
   8 -0.5450
   6 -0.2529
   1  0.4617
   1 -0.0842
   1  0.1078
   1  0.1078
   1  0.1078
   7 -0.6825
   6  0.0430
   6  0.6883
   8 -0.6290
   6 -0.1566
   6 -0.1165
   6  0.5843
   8 -0.6526
   8 -0.6526
   1  0.3936
   1  0.1005
   1  0.0739
   1  0.0739
   1 -0.0326
   1 -0.0326
   7 -0.2814
   6  0.0897
   1  0.0210
   1  0.0210
   1  0.0210
   1  0.3167
  20  1.9434
   8 -0.6534
   1  0.3393
   1  0.3393
 rrms:    0.0509
