   6 -0.5579
   6  0.6928
   8 -0.6415
   1  0.1732
   1  0.1732
   1  0.1732
   7 -0.6193
   6  0.3220
   6  0.1894
   8 -0.4959
   6 -0.1969
   6  0.6748
   8 -0.7704
   8 -0.7704
   1  0.3721
   1 -0.0368
   1  0.0859
   1  0.0859
   7  0.3737
   6 -0.8532
   6  0.9323
   8 -0.6829
   6  0.7363
   6 -0.4337
   6  0.2334
   6  0.1890
   7 -0.2314
   1 -0.3495
   1  0.2828
   1 -0.1224
   1 -0.1224
   1  0.1224
   1  0.1224
   1 -0.0624
   1 -0.0624
   1  0.0447
   1  0.0447
   1  0.3150
   1  0.3150
   1  0.3150
   7 -0.8414
   6  0.7448
   6 -0.0024
   8 -0.4508
   6 -0.8200
   6  0.8980
   8 -0.7378
   8 -0.7378
   1  0.3606
   1 -0.0448
   1  0.2168
   1  0.2168
   7  0.0234
   6 -0.3490
   6  0.4648
   8 -0.5899
   1  0.0494
   1  0.1790
   1  0.1790
   7 -0.1874
   6 -0.0474
   6  0.3803
   8 -0.5619
   6  0.0259
   6  0.3924
   7 -0.7789
   8 -0.3674
   1  0.0708
   1  0.1229
   1  0.0504
   1  0.0504
   1  0.4032
   1  0.4032
   7 -0.0448
   6 -0.4224
   6  0.6147
   8 -0.6000
   1  0.2023
   1  0.1824
   1  0.1824
   7 -0.3029
   6 -0.3189
   6  0.8040
   8 -0.7016
   6 -0.2030
   6 -0.0547
   6  0.1415
   6  0.1415
   6 -0.6955
   6 -0.6955
   6  0.7648
   8 -0.5906
   1  0.2185
   1  0.1892
   1  0.0804
   1  0.0804
   1  0.1085
   1  0.1085
   1  0.2560
   1  0.2560
   1  0.4320
   7 -0.5707
   6  0.0873
   6  0.5344
   8 -0.5428
   6  0.1094
   6  0.0175
   6 -0.3928
   6 -0.1566
   1  0.3224
   1 -0.0109
   1  0.0407
   1  0.0539
   1  0.0539
   1  0.1043
   1  0.1043
   1  0.1043
   1  0.0531
   1  0.0531
   1  0.0531
   7 -0.0804
   6 -0.2020
   6  0.3210
   8 -0.2450
   6  0.3656
   8 -0.5035
   1 -0.2316
   1  0.1039
   1 -0.0419
   1 -0.0419
   1  0.2122
   7 -0.2537
   6  0.0215
   6  0.5810
   8 -0.6721
   6 -0.1000
   1  0.3225
   1  0.0509
   1  0.0485
   1  0.0485
   1  0.0485
   7 -0.6028
   6  0.5728
   6 -0.1580
   8 -0.4468
   6 -0.5513
   1  0.3733
   1 -0.0535
   1  0.1788
   1  0.1788
   1  0.1788
   7  0.5004
   6 -0.2719
   6  0.3692
   8 -0.5515
   6  0.2027
   6 -0.2829
   6  0.3428
   8 -0.3849
   8 -0.3849
   1 -0.0605
   1  0.1327
   1  0.0084
   1  0.0084
   1  0.0963
   1  0.0963
   7 -0.0904
   6 -0.1534
   1  0.0831
   1  0.0831
   1  0.0831
   1  0.0274
  20  1.8886
   8 -0.6796
   1  0.3446
   1  0.3446
 rrms:    0.0434
