   6 -0.5936
   6  0.8760
   8 -0.7150
   1  0.1749
   1  0.1749
   1  0.1749
   7 -0.9327
   6  0.8889
   6  0.1655
   8 -0.4840
   6 -0.9384
   6  1.1249
   8 -0.8026
   8 -0.8026
   1  0.4794
   1 -0.1019
   1  0.2670
   1  0.2670
   7 -0.2964
   6  0.0987
   6  0.3646
   8 -0.6058
   6 -0.0537
   6  0.1682
   6 -0.2266
   6  0.4550
   7 -0.4817
   1  0.1561
   1  0.0631
   1  0.0483
   1  0.0483
   1  0.0281
   1  0.0281
   1  0.0917
   1  0.0917
   1 -0.0539
   1 -0.0539
   1  0.3321
   1  0.3321
   1  0.3321
   7 -0.5722
   6  0.5300
   6 -0.0546
   8 -0.4218
   6 -0.8418
   6  1.0362
   8 -0.7275
   8 -0.7275
   1  0.0049
   1  0.0205
   1  0.2429
   1  0.2429
   7  0.0384
   6 -0.3421
   6  0.5547
   8 -0.5689
   1  0.0869
   1  0.1882
   1  0.1882
   7 -0.2114
   6 -0.0205
   6  0.3997
   8 -0.3278
   6 -0.0948
   6  0.6400
   7 -0.8816
   8 -0.5396
   1  0.2950
   1  0.0631
   1  0.0484
   1  0.0484
   1  0.4269
   1  0.4269
   7 -0.3871
   6 -0.0050
   6  0.2902
   8 -0.5525
   1  0.2718
   1  0.0939
   1  0.0939
   7  0.0661
   6 -0.3192
   6  0.4180
   8 -0.5478
   6  0.1741
   6 -0.1583
   6  0.0388
   6  0.0388
   6 -0.5040
   6 -0.5040
   6  0.6610
   8 -0.6392
   1  0.0917
   1  0.1260
   1 -0.0000
   1 -0.0000
   1  0.1063
   1  0.1063
   1  0.1952
   1  0.1952
   1  0.4590
   7 -0.0506
   6 -0.5235
   6  0.6201
   8 -0.5592
   6  0.5301
   6 -0.0882
   6 -0.7355
   6 -0.0503
   1  0.2134
   1  0.3005
   1 -0.1213
   1  0.0776
   1  0.0776
   1  0.1932
   1  0.1932
   1  0.1932
   1  0.0014
   1  0.0014
   1  0.0014
   7 -0.3063
   6 -0.4027
   6  0.8218
   8 -0.6002
   6  0.1952
   8 -0.6089
   1  0.1128
   1  0.1477
   1 -0.0135
   1 -0.0135
   1  0.4704
   7 -0.4350
   6  0.2916
   6  0.2873
   8 -0.5445
   6 -0.4429
   1  0.5144
   1  0.0697
   1  0.1439
   1  0.1439
   1  0.1439
   7 -0.2673
   6  0.0506
   6  0.5992
   8 -0.6146
   6 -0.2175
   1  0.2645
   1 -0.0481
   1  0.0933
   1  0.0933
   1  0.0933
   7 -0.6986
   6  0.2144
   6  0.4393
   8 -0.5260
   6 -0.0196
   6 -0.2829
   6  0.6156
   8 -0.6815
   8 -0.6815
   1  0.3792
   1 -0.0226
   1  0.0372
   1  0.0372
   1  0.0228
   1  0.0228
   7 -0.2512
   6 -0.2589
   1  0.1232
   1  0.1232
   1  0.1232
   1  0.3340
  20  1.6081
   8 -0.7238
   1  0.3610
   1  0.3610
 rrms:    0.0517
