   6 -0.6453
   6  0.8209
   8 -0.6873
   1  0.1934
   1  0.1934
   1  0.1934
   7 -0.8078
   6  0.7233
   6  0.0648
   8 -0.5239
   6 -0.8932
   6  0.9105
   8 -0.7577
   8 -0.7577
   1  0.4444
   1 -0.0885
   1  0.2648
   1  0.2648
   7  0.0045
   6 -0.2992
   6  0.6448
   8 -0.6382
   6  0.1898
   6 -0.0917
   6  0.1043
   6  0.2476
   7 -0.2367
   1  0.1558
   1  0.1995
   1 -0.0597
   1 -0.0597
   1  0.0367
   1  0.0367
   1 -0.0063
   1 -0.0063
   1  0.0180
   1  0.0180
   1  0.3106
   1  0.3106
   1  0.3106
   7 -0.5446
   6  0.4461
   6  0.1217
   8 -0.5004
   6 -0.3735
   6  0.8125
   8 -0.7207
   8 -0.7207
   1  0.2725
   1 -0.0327
   1  0.1012
   1  0.1012
   7 -0.2254
   6  0.1445
   6  0.4046
   8 -0.5384
   1  0.2016
   1  0.0873
   1  0.0873
   7 -0.3524
   6  0.5906
   6  0.1565
   8 -0.5026
   6 -0.8200
   6  1.0171
   7 -1.0117
   8 -0.7379
   1  0.3124
   1 -0.1491
   1  0.2338
   1  0.2338
   1  0.4532
   1  0.4532
   7 -0.1787
   6 -0.0957
   6  0.5221
   8 -0.6284
   1  0.2595
   1  0.0418
   1  0.0418
   7 -0.4086
   6  0.0986
   6  0.7354
   8 -0.5715
   6 -0.0538
   6  0.1105
   6 -0.2121
   6 -0.2121
   6 -0.2904
   6 -0.2904
   6  0.4230
   8 -0.5495
   1  0.2951
   1  0.0880
   1  0.0179
   1  0.0179
   1  0.1580
   1  0.1580
   1  0.1748
   1  0.1748
   1  0.4108
   7 -0.5871
   6  0.0563
   6  0.6234
   8 -0.5322
   6  0.0388
   6 -0.3087
   6 -0.6692
   6 -0.0251
   1  0.3129
   1 -0.0292
   1  0.0841
   1  0.1261
   1  0.1261
   1  0.1922
   1  0.1922
   1  0.1922
   1  0.0386
   1  0.0386
   1  0.0386
   7 -0.4360
   6 -0.2162
   6  0.7684
   8 -0.5899
   6  0.4494
   8 -0.6081
   1  0.3542
   1  0.1960
   1 -0.0872
   1 -0.0872
   1  0.4210
   7 -0.9488
   6  0.6554
   6  0.3048
   8 -0.5198
   6 -0.3853
   1  0.4244
   1 -0.0836
   1  0.1222
   1  0.1222
   1  0.1222
   7 -0.3773
   6  0.2906
   6  0.1979
   8 -0.5555
   6 -0.4376
   1  0.2373
   1  0.0700
   1  0.1328
   1  0.1328
   1  0.1328
   7  0.1125
   6 -0.3903
   6  0.7385
   8 -0.5871
   6  0.4610
   6 -1.2602
   6  1.1975
   8 -0.8387
   8 -0.8387
   1 -0.0338
   1  0.1801
   1 -0.1536
   1 -0.1536
   1  0.3917
   1  0.3917
   7 -0.3450
   6 -0.0203
   1  0.0491
   1  0.0491
   1  0.0491
   1  0.3356
  20  1.5607
   8 -0.5383
   1  0.2963
   1  0.2963
 rrms:    0.0453
