   6 -0.6663
   6  0.8269
   8 -0.6960
   1  0.1935
   1  0.1935
   1  0.1935
   7 -0.5377
   6  0.1637
   6  0.4816
   8 -0.5165
   6 -0.4303
   6  0.7010
   8 -0.6546
   8 -0.6546
   1  0.3413
   1  0.0563
   1  0.1775
   1  0.1775
   7 -0.7118
   6  0.3134
   6  0.5561
   8 -0.5798
   6 -0.2336
   6  0.1741
   6 -0.2533
   6  0.6288
   7 -0.2752
   1  0.3404
   1 -0.0048
   1  0.0849
   1  0.0849
   1 -0.0170
   1 -0.0170
   1  0.1160
   1  0.1160
   1 -0.1179
   1 -0.1179
   1  0.3117
   1  0.3117
   1  0.3117
   7 -1.1418
   6  1.2524
   6 -0.2897
   8 -0.4456
   6 -1.0929
   6  1.1510
   8 -0.7918
   8 -0.7918
   1  0.3870
   1 -0.1703
   1  0.3131
   1  0.3131
   7  0.1991
   6 -0.3506
   6  0.4417
   8 -0.5607
   1  0.1238
   1  0.1649
   1  0.1649
   7  0.0910
   6 -0.2397
   6  0.8186
   8 -0.6343
   6  0.0210
   6  0.5204
   7 -0.6946
   8 -0.5572
   1 -0.0126
   1  0.0371
   1  0.0241
   1  0.0241
   1  0.3648
   1  0.3648
   7 -0.4403
   6 -0.0665
   6  0.5469
   8 -0.6854
   1  0.3397
   1  0.1086
   1  0.1086
   7 -0.7101
   6  0.5932
   6 -0.0002
   8 -0.5122
   6 -0.3394
   6  0.3533
   6 -0.3076
   6 -0.3076
   6 -0.2497
   6 -0.2497
   6  0.3836
   8 -0.5979
   1  0.3212
   1 -0.0797
   1  0.1224
   1  0.1224
   1  0.1598
   1  0.1598
   1  0.1645
   1  0.1645
   1  0.4365
   7  0.0380
   6 -1.0326
   6  1.1585
   8 -0.6749
   6  0.5853
   6 -0.2174
   6 -0.6694
   6  0.0458
   1  0.4800
   1  0.2624
   1 -0.0843
   1 -0.0034
   1 -0.0034
   1  0.1712
   1  0.1712
   1  0.1712
   1  0.0128
   1  0.0128
   1  0.0128
   7 -0.5754
   6 -0.1573
   6  0.4808
   8 -0.5644
   6  0.1808
   8 -0.5729
   1  0.6089
   1  0.1688
   1  0.0133
   1  0.0133
   1  0.4100
   7 -0.5009
   6  0.3417
   6  0.2056
   8 -0.5600
   6 -0.2784
   1  0.3603
   1  0.0559
   1  0.1005
   1  0.1005
   1  0.1005
   7 -0.3179
   6  0.5934
   6  0.1091
   8 -0.4785
   6 -0.4088
   1  0.0926
   1 -0.0467
   1  0.1314
   1  0.1314
   1  0.1314
   7 -0.1101
   6 -0.1200
   6  0.4104
   8 -0.5391
   6  0.1674
   6 -0.6711
   6  0.9960
   8 -0.8016
   8 -0.8016
   1  0.2142
   1  0.1262
   1 -0.0507
   1 -0.0507
   1  0.1873
   1  0.1873
   7 -0.1742
   6  0.0110
   1  0.0440
   1  0.0440
   1  0.0440
   1  0.2113
  20  1.3925
   8 -0.5370
   1  0.3005
   1  0.3005
 rrms:    0.0552
