   6 -0.7604
   6  0.7336
   8 -0.6471
   1  0.2299
   1  0.2299
   1  0.2299
   7 -0.4011
   6  0.1648
   6  0.4385
   8 -0.4870
   6 -0.5575
   6  0.8106
   8 -0.7659
   8 -0.7659
   1  0.2381
   1  0.0555
   1  0.1655
   1  0.1655
   7 -0.5277
   6  0.0722
   6  0.4890
   8 -0.5312
   6  0.1540
   6  0.0447
   6 -0.3047
   6  0.5086
   7 -0.3280
   1  0.3001
   1  0.0404
   1 -0.0166
   1 -0.0166
   1  0.0158
   1  0.0158
   1  0.1174
   1  0.1174
   1 -0.0666
   1 -0.0666
   1  0.3207
   1  0.3207
   1  0.3207
   7 -0.4421
   6  0.5237
   6  0.0720
   8 -0.5221
   6 -0.4532
   6  0.7931
   8 -0.7481
   8 -0.7481
   1  0.2276
   1  0.0106
   1  0.1162
   1  0.1162
   7  0.0190
   6 -0.0231
   6  0.5086
   8 -0.5642
   1 -0.0846
   1  0.1402
   1  0.1402
   7 -0.5333
   6  0.6103
   6  0.1052
   8 -0.4427
   6 -0.7982
   6  1.0413
   7 -0.9792
   8 -0.6942
   1  0.3670
   1 -0.2880
   1  0.2417
   1  0.2417
   1  0.4557
   1  0.4557
   7 -0.2939
   6  0.0212
   6  0.3650
   8 -0.5842
   1  0.3182
   1  0.0789
   1  0.0789
   7 -0.3062
   6  0.0713
   6  0.7512
   8 -0.5665
   6  0.0048
   6 -0.1931
   6  0.1493
   6  0.1493
   6 -0.5866
   6 -0.5866
   6  0.6739
   8 -0.5988
   1  0.2470
   1  0.1454
   1  0.0081
   1  0.0081
   1  0.0766
   1  0.0766
   1  0.2125
   1  0.2125
   1  0.4328
   7 -0.8626
   6  0.3887
   6  0.7704
   8 -0.6431
   6 -0.0040
   6  0.0990
   6  0.4718
   6 -0.0694
   1  0.4143
   1 -0.2634
   1 -0.1220
   1 -0.0358
   1 -0.0358
   1 -0.1293
   1 -0.1293
   1 -0.1293
   1  0.0289
   1  0.0289
   1  0.0289
   7 -0.6209
   6 -0.0308
   6  0.4713
   8 -0.5769
   6  0.3661
   8 -0.6198
   1  0.3929
   1  0.1634
   1 -0.0249
   1 -0.0249
   1  0.4353
   7 -0.4942
   6  0.2777
   6  0.3889
   8 -0.4444
   6 -0.1077
   1  0.2649
   1  0.0130
   1  0.0431
   1  0.0431
   1  0.0431
   7 -0.2424
   6 -0.0323
   6  0.4991
   8 -0.5195
   6 -0.1517
   1  0.2676
   1  0.1276
   1  0.0452
   1  0.0452
   1  0.0452
   7 -0.3076
   6 -0.3786
   6  0.6670
   8 -0.5981
   6  0.0610
   6 -1.0264
   6  1.0855
   8 -0.8503
   8 -0.8503
   1  0.1653
   1  0.1954
   1  0.0775
   1  0.0775
   1  0.2694
   1  0.2694
   7 -0.4427
   6  0.2165
   1 -0.0054
   1 -0.0054
   1 -0.0054
   1  0.3828
  20  1.8664
   8 -0.6797
   1  0.3398
   1  0.3398
 rrms:    0.0474
