   6 -0.7632
   6  0.8699
   8 -0.7344
   1  0.2400
   1  0.2400
   1  0.2400
   7 -0.6801
   6  0.8051
   6  0.1786
   8 -0.4809
   6 -0.5849
   6  0.7768
   8 -0.7315
   8 -0.7315
   1  0.1257
   1 -0.0775
   1  0.1366
   1  0.1366
   7 -0.0829
   6 -0.0038
   6  0.5433
   8 -0.6223
   6 -0.0085
   6  0.0323
   6 -0.0191
   6  0.1853
   7  0.0111
   1  0.1709
   1  0.0354
   1  0.0212
   1  0.0212
   1  0.0243
   1  0.0243
   1  0.0380
   1  0.0380
   1 -0.0073
   1 -0.0073
   1  0.2527
   1  0.2527
   1  0.2527
   7 -0.4942
   6  0.5428
   6  0.0817
   8 -0.4877
   6 -0.8317
   6  0.9846
   8 -0.7846
   8 -0.7846
   1  0.0593
   1 -0.0032
   1  0.2447
   1  0.2447
   7  0.1852
   6 -0.6979
   6  1.0606
   8 -0.7511
   1  0.0543
   1  0.2829
   1  0.2829
   7 -0.7301
   6  0.2473
   6  0.1602
   8 -0.4775
   6 -0.5275
   6  0.7954
   7 -0.8058
   8 -0.6222
   1  0.3859
   1  0.1045
   1  0.1963
   1  0.1963
   1  0.3964
   1  0.3964
   7 -0.2618
   6 -0.0764
   6  0.5487
   8 -0.5678
   1  0.2845
   1  0.1141
   1  0.1141
   7 -0.7296
   6  0.3897
   6  0.2432
   8 -0.4455
   6 -0.3985
   6  0.2771
   6 -0.1377
   6 -0.1377
   6 -0.4307
   6 -0.4307
   6  0.5134
   8 -0.5429
   1  0.3349
   1  0.0131
   1  0.1339
   1  0.1339
   1  0.1353
   1  0.1353
   1  0.1944
   1  0.1944
   1  0.4091
   7 -0.1344
   6 -0.3507
   6  0.4693
   8 -0.5526
   6  0.2781
   6 -0.0340
   6 -0.2699
   6 -0.2192
   1 -0.0291
   1  0.1120
   1 -0.0357
   1  0.0318
   1  0.0318
   1  0.0711
   1  0.0711
   1  0.0711
   1  0.0682
   1  0.0682
   1  0.0682
   7  0.1632
   6 -1.0354
   6  1.0303
   8 -0.6484
   6  0.6332
   8 -0.7340
   1  0.1453
   1  0.3060
   1 -0.0753
   1 -0.0753
   1  0.4999
   7 -0.5769
   6  0.0234
   6  0.6684
   8 -0.5450
   6  0.0332
   1  0.2948
   1  0.0461
   1  0.0163
   1  0.0163
   1  0.0163
   7 -0.8208
   6  0.5602
   6 -0.0282
   8 -0.4134
   6 -0.4017
   1  0.4195
   1 -0.0094
   1  0.1162
   1  0.1162
   1  0.1162
   7  0.1389
   6 -0.6866
   6  0.8616
   8 -0.6155
   6  0.5733
   6 -0.6321
   6  0.8729
   8 -0.7618
   8 -0.7618
   1  0.1222
   1  0.2134
   1 -0.1319
   1 -0.1319
   1  0.2078
   1  0.2078
   7 -0.4322
   6 -0.0109
   1  0.0522
   1  0.0522
   1  0.0522
   1  0.3787
  20  1.8677
   8 -0.5159
   1  0.2377
   1  0.2377
 rrms:    0.0428
