   6 -0.4983
   6  0.8472
   8 -0.6634
   1  0.1570
   1  0.1570
   1  0.1570
   7 -0.9304
   6  0.5080
   6  0.0923
   8 -0.4059
   6 -0.4461
   6  0.7193
   8 -0.7584
   8 -0.7584
   1  0.5085
   1  0.0400
   1  0.1795
   1  0.1795
   7  0.2072
   6 -0.6375
   6  0.6853
   8 -0.6122
   6  0.6802
   6 -0.3795
   6  0.0126
   6  0.2996
   7 -0.4143
   1 -0.6634
   1  0.2036
   1 -0.1588
   1 -0.1588
   1  0.1376
   1  0.1376
   1  0.0339
   1  0.0339
   1  0.0148
   1  0.0148
   1  0.3603
   1  0.3603
   1  0.3603
   7 -0.4350
   6  0.7503
   6 -0.0400
   8 -0.4388
   6 -0.7685
   6  0.8436
   8 -0.7393
   8 -0.7393
   1  0.3088
   1 -0.0789
   1  0.2051
   1  0.2051
   7 -0.0101
   6 -0.3861
   6  0.6274
   8 -0.6460
   1  0.0674
   1  0.1862
   1  0.1862
   7 -0.3965
   6  0.3417
   6 -0.1276
   8 -0.4172
   6 -0.4233
   6  0.7216
   7 -0.6633
   8 -0.6130
   1  0.2306
   1  0.0221
   1  0.1772
   1  0.1772
   1  0.4334
   1  0.4334
   7  0.3957
   6 -0.5572
   6  0.8798
   8 -0.6864
   1  0.0296
   1  0.1975
   1  0.1975
   7 -0.2597
   6  0.0350
   6  0.3200
   8 -0.3682
   6 -0.1572
   6  0.1680
   6 -0.2240
   6 -0.2240
   6 -0.3284
   6 -0.3284
   6  0.2998
   8 -0.5094
   1 -0.0090
   1 -0.0072
   1  0.0581
   1  0.0581
   1  0.1607
   1  0.1607
   1  0.1951
   1  0.1951
   1  0.3823
   7 -0.2247
   6 -0.1043
   6  0.5473
   8 -0.5553
   6  0.2248
   6 -0.0165
   6 -0.6522
   6 -0.2026
   1  0.2558
   1 -0.0509
   1 -0.0045
   1  0.0693
   1  0.0693
   1  0.1645
   1  0.1645
   1  0.1645
   1  0.0639
   1  0.0639
   1  0.0639
   7  0.1705
   6 -0.4634
   6  0.4805
   8 -0.4459
   6  0.6004
   8 -0.6298
   1 -0.3088
   1  0.1142
   1 -0.1156
   1 -0.1156
   1  0.3800
   7 -0.1343
   6 -0.1689
   6  0.8409
   8 -0.6942
   6 -0.1434
   1  0.3035
   1  0.1347
   1  0.0538
   1  0.0538
   1  0.0538
   7 -0.8626
   6  0.6877
   6  0.0427
   8 -0.5031
   6 -0.6146
   1  0.4258
   1 -0.1143
   1  0.1948
   1  0.1948
   1  0.1948
   7  0.2500
   6 -0.1724
   6  0.3781
   8 -0.5655
   6  0.1184
   6 -0.1218
   6  0.2625
   8 -0.3089
   8 -0.3089
   1 -0.0038
   1  0.1635
   1 -0.0228
   1 -0.0228
   1  0.0803
   1  0.0803
   7 -0.1620
   6 -0.0079
   1  0.0523
   1  0.0523
   1  0.0523
   1  0.0177
  20  1.8111
   8 -0.6095
   1  0.3317
   1  0.3317
 rrms:    0.0495
