   6 -0.7156
   6  0.8495
   8 -0.6986
   1  0.2166
   1  0.2166
   1  0.2166
   7 -0.7495
   6  0.6338
   6  0.2954
   8 -0.5104
   6 -0.8414
   6  0.6902
   8 -0.7351
   8 -0.7351
   1  0.3805
   1 -0.1052
   1  0.2723
   1  0.2723
   7 -0.2174
   6  0.5184
   6  0.0848
   8 -0.4511
   6 -0.6372
   6  0.5454
   6 -0.2468
   6  0.5012
   7 -0.4397
   1  0.0934
   1 -0.0251
   1  0.2052
   1  0.2052
   1 -0.1485
   1 -0.1485
   1  0.0832
   1  0.0832
   1 -0.0662
   1 -0.0662
   1  0.3498
   1  0.3498
   1  0.3498
   7 -0.2795
   6  0.1952
   6  0.1745
   8 -0.5217
   6 -0.1341
   6  0.6542
   8 -0.7155
   8 -0.7155
   1  0.1145
   1  0.0451
   1  0.0812
   1  0.0812
   7  0.0472
   6 -0.5082
   6  0.5417
   8 -0.5506
   1  0.1957
   1  0.2154
   1  0.2154
   7 -0.1659
   6 -0.3185
   6  0.9116
   8 -0.6096
   6 -0.1073
   6  0.7106
   7 -0.8559
   8 -0.6118
   1  0.0918
   1  0.0687
   1  0.0671
   1  0.0671
   1  0.4247
   1  0.4247
   7 -0.6960
   6  0.2389
   6  0.5332
   8 -0.5753
   1  0.3898
   1  0.0437
   1  0.0437
   7 -0.8263
   6  0.7004
   6 -0.0942
   8 -0.4326
   6 -0.6852
   6  0.2267
   6 -0.2071
   6 -0.2071
   6 -0.3652
   6 -0.3652
   6  0.4962
   8 -0.5500
   1  0.3579
   1 -0.0211
   1  0.2512
   1  0.2512
   1  0.1553
   1  0.1553
   1  0.1777
   1  0.1777
   1  0.4064
   7 -0.0050
   6 -0.4640
   6  0.7162
   8 -0.6204
   6  0.4485
   6 -0.2455
   6 -0.4690
   6 -0.2833
   1  0.2581
   1  0.1731
   1 -0.1430
   1  0.1112
   1  0.1112
   1  0.1059
   1  0.1059
   1  0.1059
   1  0.0822
   1  0.0822
   1  0.0822
   7  0.0041
   6 -0.3148
   6  0.6118
   8 -0.5778
   6  0.3438
   8 -0.6771
   1  0.1982
   1  0.0944
   1 -0.0394
   1 -0.0394
   1  0.4456
   7  0.0939
   6 -0.2027
   6  0.6672
   8 -0.6203
   6  0.0107
   1  0.1332
   1  0.1639
   1 -0.0005
   1 -0.0005
   1 -0.0005
   7 -0.6753
   6  0.7276
   6  0.1554
   8 -0.4924
   6 -0.5865
   1  0.2144
   1 -0.1063
   1  0.1589
   1  0.1589
   1  0.1589
   7  0.0196
   6 -0.0773
   6  0.2322
   8 -0.5057
   6  0.2854
   6 -0.4102
   6  0.8041
   8 -0.7660
   8 -0.7660
   1  0.1433
   1  0.1669
   1 -0.0850
   1 -0.0850
   1  0.0595
   1  0.0595
   7 -0.0793
   6 -0.0314
   1  0.0586
   1  0.0586
   1  0.0586
   1  0.1367
  20  1.8959
   8 -0.6226
   1  0.3004
   1  0.3004
 rrms:    0.0533
