   6 -0.5733
   6  0.6988
   8 -0.5845
   1  0.1700
   1  0.1700
   1  0.1700
   7 -0.7217
   6  0.3063
   6  0.4699
   8 -0.5246
   6 -0.2190
   6  0.3842
   8 -0.6584
   8 -0.6584
   1  0.4398
   1 -0.1991
   1  0.1227
   1  0.1227
   7  0.1362
   6 -0.1445
   6  0.5491
   8 -0.6203
   6  0.1573
   6 -0.1844
   6 -0.0769
   6  0.3047
   7 -0.4096
   1  0.0880
   1  0.0903
   1 -0.0314
   1 -0.0314
   1  0.1162
   1  0.1162
   1  0.0530
   1  0.0530
   1 -0.0174
   1 -0.0174
   1  0.3644
   1  0.3644
   1  0.3644
   7 -0.5031
   6  0.4446
   6  0.0662
   8 -0.4540
   6 -0.3855
   6  0.6656
   8 -0.6897
   8 -0.6897
   1  0.0497
   1 -0.0049
   1  0.1104
   1  0.1104
   7  0.1557
   6 -0.3659
   6  0.5093
   8 -0.5823
   1 -0.0003
   1  0.1873
   1  0.1873
   7 -0.0348
   6 -0.0768
   6  0.2565
   8 -0.4582
   6 -0.0775
   6  0.4038
   7 -0.6321
   8 -0.4362
   1 -0.0007
   1  0.1228
   1  0.0751
   1  0.0751
   1  0.3622
   1  0.3622
   7 -0.0730
   6 -0.1245
   6  0.5724
   8 -0.6380
   1  0.1025
   1  0.1035
   1  0.1035
   7 -0.3763
   6  0.0898
   6  0.4514
   8 -0.4860
   6 -0.1450
   6  0.0410
   6 -0.0144
   6 -0.0144
   6 -0.4763
   6 -0.4763
   6  0.5794
   8 -0.5388
   1  0.2962
   1  0.0437
   1  0.0713
   1  0.0713
   1  0.0911
   1  0.0911
   1  0.1826
   1  0.1826
   1  0.4104
   7 -0.5317
   6 -0.0064
   6  0.6590
   8 -0.5363
   6 -0.1233
   6  0.0564
   6  0.2137
   6 -0.3141
   1  0.3458
   1  0.0694
   1  0.1024
   1  0.0785
   1  0.0785
   1 -0.0868
   1 -0.0868
   1 -0.0868
   1  0.0960
   1  0.0960
   1  0.0960
   7 -0.2477
   6 -0.0869
   6 -0.0085
   8 -0.3319
   6 -0.1528
   8 -0.6257
   1  0.2570
   1  0.0759
   1  0.1081
   1  0.1081
   1  0.4073
   7 -0.2259
   6 -0.0143
   6  0.5923
   8 -0.6912
   6 -0.2309
   1  0.3139
   1  0.0842
   1  0.0598
   1  0.0598
   1  0.0598
   7 -0.8256
   6  0.3258
   6  0.1472
   8 -0.4973
   6 -0.5440
   1  0.3999
   1 -0.0565
   1  0.1208
   1  0.1208
   1  0.1208
   7 -0.0125
   6 -0.2453
   6  0.6224
   8 -0.6768
   6  0.8191
   6 -1.5256
   6  1.1842
   8 -0.8455
   8 -0.8455
   1  2.1257
   1  0.1550
   1 -0.5169
   1 -0.5169
   1  0.3032
   1  0.3032
   7 -0.2854
   6 -0.1289
   1  0.0643
   1  0.0643
   1  0.0643
   1  0.0547
  20  1.8347
   8 -0.5995
   1  0.3250
   1  0.3250
 rrms:    0.0485
