   6 -0.4095
   6  0.6973
   8 -0.6420
   1  0.1376
   1  0.1376
   1  0.1376
   7 -0.5655
   6  0.3805
   6  0.2461
   8 -0.4559
   6 -0.6139
   6  0.7535
   8 -0.7457
   8 -0.7457
   1  0.3144
   1 -0.0125
   1  0.1804
   1  0.1804
   7 -0.1481
   6 -0.0636
   6  0.6166
   8 -0.6018
   6  0.0536
   6  0.0936
   6 -0.2627
   6  0.3165
   7 -0.0921
   1  0.1344
   1  0.0916
   1  0.0050
   1  0.0050
   1  0.0036
   1  0.0036
   1  0.1144
   1  0.1144
   1 -0.0019
   1 -0.0019
   1  0.2657
   1  0.2657
   1  0.2657
   7 -1.0825
   6  1.2140
   6 -0.2207
   8 -0.4451
   6 -1.1894
   6  1.1979
   8 -0.8725
   8 -0.8725
   1  0.5033
   1 -0.1622
   1  0.3005
   1  0.3005
   7  0.2239
   6 -0.4425
   6  0.7908
   8 -0.6345
   1  0.1234
   1  0.1905
   1  0.1905
   7 -0.7840
   6  0.5235
   6  0.4818
   8 -0.5105
   6 -0.6068
   6  1.0041
   7 -0.8501
   8 -0.6898
   1  0.2711
   1 -0.1072
   1  0.1781
   1  0.1781
   1  0.4024
   1  0.4024
   7 -0.3697
   6  0.0757
   6  0.5262
   8 -0.6308
   1  0.2472
   1  0.0718
   1  0.0718
   7 -0.7290
   6  0.6483
   6 -0.0217
   8 -0.5967
   6 -0.6331
   6  0.2573
   6 -0.1785
   6 -0.1785
   6 -0.3634
   6 -0.3634
   6  0.4601
   8 -0.5779
   1  0.3517
   1 -0.0595
   1  0.2204
   1  0.2204
   1  0.1348
   1  0.1348
   1  0.1871
   1  0.1871
   1  0.4131
   7 -0.1384
   6 -0.4876
   6  0.8180
   8 -0.5475
   6  0.2893
   6 -0.1697
   6 -0.5626
   6 -0.0121
   1  0.3437
   1  0.1995
   1  0.0167
   1  0.0776
   1  0.0776
   1  0.1487
   1  0.1487
   1  0.1487
   1  0.0031
   1  0.0031
   1  0.0031
   7 -0.3990
   6 -0.2652
   6  0.2240
   8 -0.4835
   6  0.4534
   8 -0.5974
   1  0.5190
   1  0.1493
   1 -0.0293
   1 -0.0293
   1  0.4000
   7  0.0644
   6 -0.0002
   6  0.5141
   8 -0.5646
   6 -0.0954
   1  0.1806
   1  0.1096
   1  0.0351
   1  0.0351
   1  0.0351
   7 -0.4821
   6  0.3338
   6  0.5950
   8 -0.5578
   6 -0.0832
   1  0.0502
   1 -0.0396
   1  0.0341
   1  0.0341
   1  0.0341
   7 -0.6574
   6  0.1325
   6  0.1691
   8 -0.4967
   6  0.1475
   6 -0.8187
   6  1.1002
   8 -0.8511
   8 -0.8511
   1  0.3773
   1  0.1595
   1 -0.0333
   1 -0.0333
   1  0.2102
   1  0.2102
   7 -0.1054
   6  0.0015
   1  0.0579
   1  0.0579
   1  0.0579
   1  0.2007
  20  1.7504
   8 -0.6096
   1  0.3124
   1  0.3124
 rrms:    0.0483
