   6 -0.6993
   6  0.7705
   8 -0.6285
   1  0.2104
   1  0.2104
   1  0.2104
   7 -0.6744
   6  0.3990
   6  0.1430
   8 -0.4091
   6 -0.0235
   6  0.1043
   8 -0.5681
   8 -0.5681
   1  0.4124
   1 -0.0469
   1  0.1060
   1  0.1060
   7  0.3625
   6 -0.3889
   6  0.5093
   8 -0.6117
   6  0.5477
   6 -0.0406
   6 -0.2158
   6  0.2305
   7  0.0901
   1 -0.1177
   1  0.1568
   1 -0.1379
   1 -0.1379
   1  0.0591
   1  0.0591
   1  0.0796
   1  0.0796
   1 -0.0106
   1 -0.0106
   1  0.2277
   1  0.2277
   1  0.2277
   7 -0.2921
   6  0.5229
   6 -0.2545
   8 -0.3883
   6 -0.6886
   6  0.8420
   8 -0.6940
   8 -0.6940
   1  0.1805
   1  0.0317
   1  0.2018
   1  0.2018
   7  0.3963
   6 -0.3802
   6  0.4927
   8 -0.5551
   1 -0.5703
   1  0.2102
   1  0.2102
   7 -0.1078
   6 -0.2167
   6  0.6085
   8 -0.6201
   6 -0.0185
   6  0.3596
   7 -0.8849
   8 -0.1661
   1 -0.0287
   1  0.1685
   1  0.0882
   1  0.0882
   1  0.4467
   1  0.4467
   7 -0.1267
   6 -0.2014
   6  0.2773
   8 -0.5147
   1  0.1897
   1  0.1555
   1  0.1555
   7  0.3248
   6 -0.9091
   6  1.1133
   8 -0.6679
   6  0.2917
   6 -0.2654
   6  0.0790
   6  0.0790
   6 -0.5167
   6 -0.5167
   6  0.6396
   8 -0.6027
   1 -0.3096
   1  0.3195
   1 -0.0409
   1 -0.0409
   1  0.1143
   1  0.1143
   1  0.2028
   1  0.2028
   1  0.4631
   7 -0.7541
   6  0.0405
   6  0.6986
   8 -0.5837
   6  0.2612
   6 -0.0105
   6 -0.2950
   6 -0.3139
   1  0.3659
   1  0.0312
   1 -0.0558
   1  0.0549
   1  0.0549
   1  0.0656
   1  0.0656
   1  0.0656
   1  0.0878
   1  0.0878
   1  0.0878
   7 -0.3100
   6 -0.2178
   6  0.3997
   8 -0.1378
   6  0.1361
   8 -0.5623
   1  0.0966
   1  0.1152
   1  0.0181
   1  0.0181
   1  0.4160
   7 -0.2114
   6 -0.0012
   6  0.5821
   8 -0.6358
   6 -0.1047
   1  0.3368
   1  0.0518
   1  0.0474
   1  0.0474
   1  0.0474
   7 -0.5509
   6  0.3679
   6  0.1555
   8 -0.5483
   6 -0.2916
   1  0.3611
   1 -0.0157
   1  0.1003
   1  0.1003
   1  0.1003
   7 -0.0448
   6  0.4400
   6 -0.1253
   8 -0.4793
   6  0.0231
   6 -0.6001
   6  0.9890
   8 -0.8581
   8 -0.8581
   1  0.1401
   1  0.0238
   1  0.0544
   1  0.0544
   1  0.1092
   1  0.1092
   7  0.1377
   6 -0.1440
   1  0.0954
   1  0.0954
   1  0.0954
   1 -0.2032
  20  1.8944
   8 -0.7202
   1  0.3602
   1  0.3602
 rrms:    0.0483
