   6 -0.4880
   6  0.8118
   8 -0.6946
   1  0.1476
   1  0.1476
   1  0.1476
   7 -0.9135
   6  0.7262
   6  0.1031
   8 -0.5139
   6 -0.6498
   6  0.8411
   8 -0.6548
   8 -0.6548
   1  0.4289
   1 -0.1099
   1  0.1299
   1  0.1299
   7  0.2356
   6 -0.2393
   6  0.8189
   8 -0.6786
   6  0.1965
   6  0.0004
   6  0.1263
   6 -0.4791
   7 -0.0031
   1  0.1465
   1  0.0739
   1 -0.0458
   1 -0.0458
   1 -0.0061
   1 -0.0061
   1  0.0045
   1  0.0045
   1  0.2717
   1  0.2717
   1  0.1860
   1  0.1860
   1  0.1860
   7 -0.6724
   6  0.6055
   6 -0.0006
   8 -0.3373
   6 -0.7905
   6  1.1313
   8 -0.8350
   8 -0.8350
   1  0.3452
   1 -0.0499
   1  0.2251
   1  0.2251
   7 -0.1807
   6 -0.6078
   6  0.8376
   8 -0.6248
   1  0.2667
   1  0.2748
   1  0.2748
   7 -0.9595
   6  0.5107
   6  0.4695
   8 -0.5718
   6 -0.3395
   6  1.1395
   7 -1.0874
   8 -0.7693
   1  0.3784
   1 -0.1288
   1  0.0097
   1  0.0097
   1  0.5051
   1  0.5051
   7 -0.1980
   6 -0.3448
   6  0.6338
   8 -0.5633
   1  0.2842
   1  0.1525
   1  0.1525
   7 -0.8376
   6  0.5930
   6  0.0193
   8 -0.4706
   6 -0.5241
   6  0.4037
   6 -0.3058
   6 -0.3058
   6 -0.2950
   6 -0.2950
   6  0.4118
   8 -0.5608
   1  0.4299
   1 -0.0217
   1  0.1280
   1  0.1280
   1  0.1870
   1  0.1870
   1  0.1693
   1  0.1693
   1  0.4155
   7  0.0389
   6 -0.5989
   6  0.6166
   8 -0.5124
   6  0.5713
   6 -0.4004
   6 -0.6022
   6 -0.0228
   1  0.2889
   1  0.3149
   1 -0.1945
   1  0.1081
   1  0.1081
   1  0.1357
   1  0.1357
   1  0.1357
   1  0.0543
   1  0.0543
   1  0.0543
   7 -0.0646
   6 -0.4836
   6  0.8326
   8 -0.6322
   6  0.4333
   8 -0.6311
   1  0.4029
   1  0.1435
   1 -0.0716
   1 -0.0716
   1  0.4250
   7 -0.5363
   6  0.2232
   6  0.2512
   8 -0.4964
   6 -0.2311
   1  0.3781
   1  0.0425
   1  0.0764
   1  0.0764
   1  0.0764
   7 -0.1957
   6  0.1184
   6  0.1908
   8 -0.4360
   6  0.0842
   1  0.0769
   1  0.0569
   1  0.0172
   1  0.0172
   1  0.0172
   7 -0.5599
   6  0.1062
   6  0.2472
   8 -0.4875
   6 -0.1899
   6 -0.1081
   6  0.5343
   8 -0.5948
   8 -0.5948
   1  0.3594
   1  0.1457
   1  0.0702
   1  0.0702
   1  0.0909
   1  0.0909
   7 -0.2485
   6  0.2295
   1 -0.0094
   1 -0.0094
   1 -0.0094
   1  0.2651
  20  1.3684
   8 -0.5904
   1  0.3217
   1  0.3217
 rrms:    0.0712
