   6 -0.6230
   6  0.8055
   8 -0.6409
   1  0.1850
   1  0.1850
   1  0.1850
   7 -0.8183
   6  0.5669
   6  0.0739
   8 -0.4714
   6 -0.3823
   6  0.5210
   8 -0.6044
   8 -0.6044
   1  0.4420
   1  0.0338
   1  0.1823
   1  0.1823
   7  0.0469
   6  0.0238
   6  0.2472
   8 -0.5029
   6 -0.1391
   6  0.0359
   6 -0.1812
   6  0.4449
   7 -0.3914
   1 -0.3134
   1  0.0353
   1  0.0783
   1  0.0783
   1  0.0600
   1  0.0600
   1  0.1172
   1  0.1172
   1 -0.0770
   1 -0.0770
   1  0.3486
   1  0.3486
   1  0.3486
   7 -0.3902
   6  0.4007
   6  0.0384
   8 -0.4845
   6 -0.5039
   6  0.9291
   8 -0.8029
   8 -0.8029
   1  0.4033
   1  0.0546
   1  0.1348
   1  0.1348
   7  0.0219
   6  0.0088
   6  0.3441
   8 -0.5818
   1 -0.0869
   1  0.0682
   1  0.0682
   7 -0.3635
   6 -0.0772
   6  0.3556
   8 -0.4896
   6 -0.3751
   6  0.6008
   7 -0.8217
   8 -0.4553
   1  0.2918
   1  0.1519
   1  0.1694
   1  0.1694
   1  0.4202
   1  0.4202
   7 -0.1217
   6 -0.2187
   6  0.4862
   8 -0.5693
   1  0.3404
   1  0.1298
   1  0.1298
   7 -0.0878
   6  0.0736
   6  0.3737
   8 -0.5748
   6 -0.4099
   6  0.2432
   6 -0.2175
   6 -0.2175
   6 -0.3319
   6 -0.3319
   6  0.4295
   8 -0.5925
   1 -0.0049
   1  0.0595
   1  0.1420
   1  0.1420
   1  0.1633
   1  0.1633
   1  0.1875
   1  0.1875
   1  0.4533
   7 -0.5023
   6 -0.0147
   6  0.4195
   8 -0.5291
   6  0.2662
   6  0.0907
   6 -0.1283
   6 -0.1596
   1  0.3451
   1  0.0418
   1 -0.0757
   1 -0.0223
   1 -0.0223
   1  0.0230
   1  0.0230
   1  0.0230
   1  0.0474
   1  0.0474
   1  0.0474
   7 -0.0640
   6  0.0213
   6  0.0862
   8 -0.1614
   6  0.3882
   8 -0.5044
   1  0.0623
   1  0.0329
   1 -0.0526
   1 -0.0526
   1  0.2331
   7 -0.3127
   6  0.2668
   6  0.4901
   8 -0.6205
   6 -0.4486
   1  0.3363
   1  0.0195
   1  0.1282
   1  0.1282
   1  0.1282
   7 -0.3443
   6  0.2982
   6  0.1499
   8 -0.4770
   6 -0.4885
   1  0.2760
   1 -0.0029
   1  0.1580
   1  0.1580
   1  0.1580
   7  0.0992
   6 -0.1328
   6  0.3984
   8 -0.5824
   6  0.5350
   6 -0.2418
   6  0.3578
   8 -0.4625
   8 -0.4625
   1  0.0662
   1  0.0504
   1 -0.1921
   1 -0.1921
   1  0.0632
   1  0.0632
   7 -0.0555
   6 -0.1967
   1  0.1002
   1  0.1002
   1  0.1002
   1 -0.0732
  20  1.8429
   8 -0.6742
   1  0.3375
   1  0.3375
 rrms:    0.0573
