   6 -0.5353
   6  0.7614
   8 -0.6642
   1  0.1661
   1  0.1661
   1  0.1661
   7 -0.4599
   6  0.2554
   6  0.3639
   8 -0.4597
   6 -0.3402
   6  0.6807
   8 -0.7036
   8 -0.7036
   1  0.2492
   1  0.0081
   1  0.1075
   1  0.1075
   7 -0.5728
   6  0.0860
   6  0.5313
   8 -0.5509
   6 -0.0060
   6  0.1103
   6 -0.0863
   6  0.3506
   7 -0.1558
   1  0.2698
   1  0.1261
   1  0.0483
   1  0.0483
   1 -0.0253
   1 -0.0253
   1  0.0534
   1  0.0534
   1 -0.0337
   1 -0.0337
   1  0.2734
   1  0.2734
   1  0.2734
   7 -0.6711
   6  0.5600
   6 -0.0307
   8 -0.4226
   6 -0.4106
   6  0.8006
   8 -0.7419
   8 -0.7419
   1  0.3110
   1 -0.0090
   1  0.0959
   1  0.0959
   7 -0.1313
   6 -0.5231
   6  1.0730
   8 -0.6823
   1  0.0743
   1  0.2715
   1  0.2715
   7 -1.1459
   6  1.0411
   6  0.0120
   8 -0.4626
   6 -1.2279
   6  1.3471
   7 -1.0526
   8 -0.7422
   1  0.4789
   1 -0.5290
   1  0.3734
   1  0.3734
   1  0.4444
   1  0.4444
   7 -0.0379
   6 -0.3366
   6  0.4387
   8 -0.5635
   1  0.2185
   1  0.2174
   1  0.2174
   7 -0.2849
   6  0.2702
   6  0.2546
   8 -0.3774
   6  0.0501
   6 -0.0738
   6 -0.0878
   6 -0.0878
   6 -0.3577
   6 -0.3577
   6  0.4621
   8 -0.5151
   1  0.2275
   1  0.0304
   1 -0.0126
   1 -0.0126
   1  0.1234
   1  0.1234
   1  0.1820
   1  0.1820
   1  0.3871
   7 -0.2799
   6 -0.1661
   6  1.0901
   8 -0.7671
   6  0.0688
   6  0.0095
   6 -0.4769
   6  0.3837
   1  0.3233
   1  0.0101
   1 -0.0210
   1  0.0173
   1  0.0173
   1  0.1271
   1  0.1271
   1  0.1271
   1 -0.0884
   1 -0.0884
   1 -0.0884
   7 -0.7855
   6 -0.0376
   6  0.8465
   8 -0.6319
   6  0.5630
   8 -0.7370
   1  0.3189
   1  0.1037
   1 -0.0353
   1 -0.0353
   1  0.4347
   7 -0.9951
   6  0.6467
   6  0.3441
   8 -0.5297
   6 -0.4285
   1  0.4142
   1 -0.0830
   1  0.1557
   1  0.1557
   1  0.1557
   7 -0.6089
   6  0.2770
   6  0.4102
   8 -0.5580
   6 -0.4150
   1  0.3443
   1  0.0768
   1  0.1299
   1  0.1299
   1  0.1299
   7 -0.6194
   6  0.2119
   6  0.4892
   8 -0.5308
   6  0.0840
   6 -1.0986
   6  1.2228
   8 -0.9090
   8 -0.9090
   1  0.2780
   1  0.0807
   1  0.0357
   1  0.0357
   1  0.2486
   1  0.2486
   7 -0.3268
   6  0.1979
   1  0.0043
   1  0.0043
   1  0.0043
   1  0.3454
  20  1.8332
   8 -0.6702
   1  0.3308
   1  0.3308
 rrms:    0.0552
