   6 -0.3378
   6  0.8049
   8 -0.7759
   1  0.1131
   1  0.1131
   1  0.1131
   7 -0.6102
   6  0.3988
   6  0.3395
   8 -0.5747
   6 -0.2566
   6  0.7344
   8 -0.6431
   8 -0.6431
   1  0.2729
   1  0.0449
   1  0.1032
   1  0.1032
   7 -0.5345
   6  0.3725
   6  0.3519
   8 -0.7109
   6 -0.2737
   6 -0.0990
   6  0.0244
   6  0.1635
   7  0.0723
   1  0.2781
   1  0.0486
   1  0.1396
   1  0.1396
   1  0.0229
   1  0.0229
   1  0.0497
   1  0.0497
   1  0.0241
   1  0.0241
   1  0.2309
   1  0.2309
   1  0.2309
   7 -0.4656
   6  0.6419
   6  0.1134
   8 -0.4527
   6 -1.0485
   6  1.1507
   8 -0.7622
   8 -0.7622
   1  0.2537
   1  0.0619
   1  0.2764
   1  0.2764
   7 -0.0111
   6 -0.1883
   6  0.6806
   8 -0.6000
   1  0.1136
   1  0.0948
   1  0.0948
   7 -0.6260
   6  0.5528
   6 -0.0096
   8 -0.4634
   6 -0.2653
   6  0.5251
   7 -0.6845
   8 -0.5427
   1  0.3163
   1 -0.0169
   1  0.1672
   1  0.1672
   1  0.3858
   1  0.3858
   7 -0.1029
   6 -0.0658
   6  0.1340
   8 -0.4918
   1  0.2620
   1  0.1003
   1  0.1003
   7 -0.0283
   6  0.3066
   6  0.7745
   8 -0.4994
   6 -0.6525
   6  0.4666
   6 -0.2697
   6 -0.2697
   6 -0.3361
   6 -0.3361
   6  0.4490
   8 -0.6164
   1  0.1522
   1 -0.0625
   1  0.1263
   1  0.1263
   1  0.1864
   1  0.1864
   1  0.1823
   1  0.1823
   1  0.4332
   7 -0.2416
   6 -0.6587
   6  0.6593
   8 -0.6259
   6  0.4579
   6 -0.2791
   6 -0.4450
   6 -0.0887
   1  0.0785
   1  0.1781
   1 -0.0724
   1  0.1439
   1  0.1439
   1  0.1321
   1  0.1321
   1  0.1321
   1  0.0156
   1  0.0156
   1  0.0156
   7 -0.1332
   6 -0.2500
   6  0.6588
   8 -0.5961
   6  0.3758
   8 -0.5760
   1  0.1634
   1  0.0678
   1 -0.0396
   1 -0.0396
   1  0.3336
   7 -0.2466
   6  0.1290
   6  0.5387
   8 -0.5402
   6 -0.0721
   1  0.0760
   1  0.0240
   1  0.0189
   1  0.0189
   1  0.0189
   7 -0.7613
   6  0.4278
   6 -0.1074
   8 -0.4087
   6 -0.2696
   1  0.4520
   1 -0.0270
   1  0.0982
   1  0.0982
   1  0.0982
   7  0.6717
   6 -1.2220
   6  1.0703
   8 -0.6983
   6  0.7792
   6 -0.9772
   6  0.6511
   8 -0.6954
   8 -0.6954
   1 -0.1027
   1  0.3454
   1 -0.1570
   1 -0.1570
   1  0.3283
   1  0.3283
   7 -0.4646
   6  0.0829
   1  0.0193
   1  0.0193
   1  0.0193
   1  0.3127
  20  1.2581
   8 -0.5062
   1  0.3054
   1  0.3054
 rrms:    0.0412
