   6 -0.4703
   6  0.7335
   8 -0.6691
   1  0.1499
   1  0.1499
   1  0.1499
   7 -0.6953
   6  0.9236
   6 -0.0329
   8 -0.4496
   6 -1.0862
   6  1.3511
   8 -0.8465
   8 -0.8465
   1  0.3850
   1 -0.1587
   1  0.2729
   1  0.2729
   7  0.0198
   6 -0.1617
   6  0.4693
   8 -0.5694
   6 -0.0591
   6 -0.1152
   6 -0.1092
   6  0.1919
   7 -0.2058
   1  0.1597
   1  0.1035
   1  0.0461
   1  0.0461
   1  0.0590
   1  0.0590
   1  0.0990
   1  0.0990
   1  0.0338
   1  0.0338
   1  0.2918
   1  0.2918
   1  0.2918
   7 -0.5314
   6  0.5490
   6 -0.0163
   8 -0.4466
   6 -0.5032
   6  0.8371
   8 -0.7259
   8 -0.7259
   1  0.3426
   1 -0.0312
   1  0.1463
   1  0.1463
   7 -0.0020
   6 -0.3331
   6  0.6348
   8 -0.5910
   1 -0.1631
   1  0.1548
   1  0.1548
   7 -0.5860
   6  0.5063
   6 -0.0655
   8 -0.1934
   6 -0.5076
   6  0.9523
   7 -1.0319
   8 -0.6745
   1  0.4832
   1 -0.0621
   1  0.1571
   1  0.1571
   1  0.4782
   1  0.4782
   7 -0.1447
   6 -0.2301
   6  0.6069
   8 -0.5618
   1  0.2108
   1  0.1069
   1  0.1069
   7 -0.4596
   6  0.3750
   6  0.3626
   8 -0.5764
   6 -0.0983
   6 -0.0378
   6 -0.0581
   6 -0.0581
   6 -0.4019
   6 -0.4019
   6  0.5109
   8 -0.5762
   1  0.2302
   1 -0.0421
   1  0.0634
   1  0.0634
   1  0.1047
   1  0.1047
   1  0.1866
   1  0.1866
   1  0.4282
   7 -0.4183
   6 -0.1049
   6  0.5926
   8 -0.4659
   6  0.1214
   6  0.1529
   6 -0.5690
   6 -0.2941
   1  0.3005
   1  0.1530
   1  0.0104
   1 -0.0185
   1 -0.0185
   1  0.1716
   1  0.1716
   1  0.1716
   1  0.0737
   1  0.0737
   1  0.0737
   7 -0.3040
   6 -0.3556
   6  0.7844
   8 -0.6170
   6  0.1706
   8 -0.4743
   1  0.1505
   1  0.1368
   1  0.0002
   1  0.0002
   1  0.3877
   7 -0.4160
   6  0.2196
   6  0.3874
   8 -0.5753
   6 -0.2634
   1  0.3457
   1  0.0807
   1  0.0853
   1  0.0853
   1  0.0853
   7 -0.3454
   6  0.1186
   6  0.4514
   8 -0.5810
   6 -0.4364
   1  0.3143
   1  0.1084
   1  0.1391
   1  0.1391
   1  0.1391
   7 -0.4159
   6 -0.0404
   6  0.5296
   8 -0.5449
   6  0.1611
   6 -0.5107
   6  0.7940
   8 -0.6506
   8 -0.6506
   1  0.2669
   1  0.0470
   1 -0.0283
   1 -0.0283
   1  0.1224
   1  0.1224
   7 -0.3331
   6  0.0607
   1  0.0354
   1  0.0354
   1  0.0354
   1  0.3285
  20  1.2367
   8 -0.5457
   1  0.3189
   1  0.3189
 rrms:    0.0430
