   6 -0.6221
   6  0.8291
   8 -0.6660
   1  0.1945
   1  0.1945
   1  0.1945
   7 -0.8994
   6  0.8137
   6 -0.0834
   8 -0.4134
   6 -0.9014
   6  0.9594
   8 -0.8680
   8 -0.8680
   1  0.4861
   1 -0.2278
   1  0.3319
   1  0.3319
   7  0.0606
   6 -0.2026
   6  0.4101
   8 -0.5741
   6  0.2094
   6 -0.2968
   6 -0.1338
   6  0.5321
   7 -0.5144
   1 -0.0858
   1  0.1342
   1  0.0008
   1  0.0008
   1  0.0903
   1  0.0903
   1  0.0698
   1  0.0698
   1 -0.0625
   1 -0.0625
   1  0.3878
   1  0.3878
   1  0.3878
   7 -0.3450
   6  0.5153
   6  0.0255
   8 -0.4675
   6 -0.6297
   6  0.7543
   8 -0.7276
   8 -0.7276
   1  0.2056
   1 -0.0197
   1  0.1879
   1  0.1879
   7 -0.0691
   6 -0.1858
   6  0.5098
   8 -0.6252
   1  0.0535
   1  0.1203
   1  0.1203
   7 -0.3599
   6  0.0544
   6  0.3670
   8 -0.5518
   6 -0.4016
   6  0.4571
   7 -0.7598
   8 -0.3471
   1  0.2376
   1  0.0653
   1  0.1823
   1  0.1823
   1  0.3767
   1  0.3767
   7 -0.1241
   6 -0.2174
   6  0.5378
   8 -0.6178
   1  0.3435
   1  0.1225
   1  0.1225
   7 -0.0748
   6 -0.1867
   6  0.7226
   8 -0.5399
   6  0.0182
   6  0.0026
   6 -0.0428
   6 -0.0428
   6 -0.4096
   6 -0.4096
   6  0.5461
   8 -0.6029
   1  0.0390
   1  0.1246
   1  0.0094
   1  0.0094
   1  0.1240
   1  0.1240
   1  0.1795
   1  0.1795
   1  0.4403
   7 -0.6256
   6  0.1727
   6  0.1540
   8 -0.4190
   6  0.0519
   6 -0.0727
   6 -0.0824
   6 -0.0609
   1  0.3157
   1  0.0206
   1  0.0767
   1  0.0385
   1  0.0385
   1  0.0268
   1  0.0268
   1  0.0268
   1  0.0464
   1  0.0464
   1  0.0464
   7  0.3358
   6 -0.4963
   6  0.4091
   8 -0.3506
   6  0.5181
   8 -0.5314
   1 -0.3846
   1  0.1688
   1 -0.0660
   1 -0.0660
   1  0.3244
   7 -0.2000
   6  0.0197
   6  0.6580
   8 -0.6150
   6 -0.2949
   1  0.3352
   1  0.0791
   1  0.0906
   1  0.0906
   1  0.0906
   7 -0.4374
   6  0.3659
   6  0.1742
   8 -0.5294
   6 -0.1932
   1  0.3018
   1 -0.0480
   1  0.0697
   1  0.0697
   1  0.0697
   7  0.1037
   6 -0.0623
   6  0.4767
   8 -0.5938
   6  0.0165
   6 -0.5420
   6  0.5526
   8 -0.4749
   8 -0.4749
   1  0.0794
   1  0.1369
   1 -0.0305
   1 -0.0305
   1  0.2144
   1  0.2144
   7 -0.1275
   6 -0.0214
   1  0.0504
   1  0.0504
   1  0.0504
   1 -0.1881
  20  1.9616
   8 -0.6825
   1  0.3555
   1  0.3555
 rrms:    0.0445
