   6 -0.5376
   6  0.6784
   8 -0.6355
   1  0.1647
   1  0.1647
   1  0.1647
   7 -0.5997
   6  0.1737
   6  0.4578
   8 -0.4276
   6 -0.2878
   6  0.2437
   8 -0.5033
   8 -0.5033
   1  0.4158
   1 -0.1200
   1  0.1646
   1  0.1646
   7 -0.1171
   6 -0.0096
   6  0.2366
   8 -0.5598
   6 -0.1176
   6  0.0389
   6 -0.1159
   6  0.1813
   7  0.0193
   1  0.2749
   1  0.0613
   1  0.1182
   1  0.1182
   1  0.0538
   1  0.0538
   1  0.0476
   1  0.0476
   1  0.0150
   1  0.0150
   1  0.2495
   1  0.2495
   1  0.2495
   7 -0.2660
   6  0.9596
   6 -0.6672
   8 -0.3184
   6 -0.7857
   6  0.8883
   8 -0.7009
   8 -0.7009
   1  0.3057
   1 -0.0367
   1  0.2525
   1  0.2525
   7  0.8407
   6 -0.7067
   6  0.7533
   8 -0.5832
   1 -1.4679
   1  0.2577
   1  0.2577
   7 -0.2673
   6  0.0063
   6  0.4028
   8 -0.5700
   6 -0.3018
   6  0.4690
   7 -0.7796
   8 -0.4671
   1  0.4612
   1  0.1488
   1  0.1475
   1  0.1475
   1  0.3880
   1  0.3880
   7 -0.1702
   6 -0.1775
   6  0.3698
   8 -0.5688
   1  0.0975
   1  0.1327
   1  0.1327
   7 -0.0612
   6 -0.0894
   6  0.3419
   8 -0.1944
   6 -0.1102
   6 -0.0943
   6  0.0711
   6  0.0711
   6 -0.4597
   6 -0.4597
   6  0.5709
   8 -0.5745
   1 -0.0547
   1  0.1171
   1  0.0764
   1  0.0764
   1  0.1045
   1  0.1045
   1  0.1848
   1  0.1848
   1  0.4303
   7 -0.4299
   6  0.0442
   6  0.4982
   8 -0.5511
   6  0.1082
   6 -0.0295
   6 -0.1505
   6 -0.2669
   1  0.3010
   1  0.0743
   1  0.0202
   1  0.0739
   1  0.0739
   1 -0.0006
   1 -0.0006
   1 -0.0006
   1  0.0784
   1  0.0784
   1  0.0784
   7 -0.0843
   6  0.0116
   6  0.0806
   8 -0.1567
   6  0.0942
   8 -0.4828
   1  0.2986
   1  0.0785
   1  0.0047
   1  0.0047
   1  0.3904
   7 -0.1927
   6  0.0317
   6  0.4703
   8 -0.5976
   6 -0.0691
   1  0.3070
   1  0.0422
   1  0.0315
   1  0.0315
   1  0.0315
   7 -0.3051
   6  0.1116
   6  0.1570
   8 -0.4823
   6 -0.0234
   1  0.2664
   1  0.0414
   1  0.0343
   1  0.0343
   1  0.0343
   7  0.1524
   6 -0.0884
   6  0.2903
   8 -0.5626
   6  0.4921
   6 -0.6802
   6  0.6246
   8 -0.7551
   8 -0.7551
   1  0.1610
   1  0.1281
   1 -0.1932
   1 -0.1932
   1  0.1701
   1  0.1701
   7 -0.0062
   6 -0.1182
   1  0.0746
   1  0.0746
   1  0.0746
   1 -0.1523
  20  1.8949
   8 -0.8392
   1  0.3973
   1  0.3973
 rrms:    0.0343
