   6 -0.6213
   6  0.7946
   8 -0.6674
   1  0.1835
   1  0.1835
   1  0.1835
   7 -0.6866
   6  0.6621
   6  0.1526
   8 -0.4688
   6 -0.7025
   6  0.7258
   8 -0.7095
   8 -0.7095
   1  0.3398
   1 -0.1467
   1  0.2202
   1  0.2202
   7 -0.1478
   6  0.1242
   6  0.6348
   8 -0.5813
   6 -0.1737
   6  0.2337
   6 -0.3737
   6  0.4781
   7 -0.2649
   1  0.1472
   1 -0.0184
   1  0.0424
   1  0.0424
   1 -0.0536
   1 -0.0536
   1  0.1490
   1  0.1490
   1 -0.0499
   1 -0.0499
   1  0.3049
   1  0.3049
   1  0.3049
   7 -0.9522
   6  0.9626
   6  0.0111
   8 -0.4577
   6 -0.9410
   6  0.8558
   8 -0.7471
   8 -0.7471
   1  0.5343
   1 -0.1444
   1  0.2616
   1  0.2616
   7 -0.0287
   6 -0.2068
   6  0.8339
   8 -0.6466
   1  0.1499
   1  0.1288
   1  0.1288
   7 -1.2500
   6  0.6203
   6  0.5995
   8 -0.5036
   6 -0.7040
   6  1.2518
   7 -1.1459
   8 -0.7286
   1  0.4770
   1 -0.1558
   1  0.2182
   1  0.2182
   1  0.4913
   1  0.4913
   7 -0.4209
   6 -0.0492
   6  0.5502
   8 -0.6030
   1  0.2943
   1  0.1027
   1  0.1027
   7 -0.8859
   6  0.6473
   6  0.0273
   8 -0.4602
   6 -0.5015
   6  0.2739
   6 -0.2273
   6 -0.2273
   6 -0.3654
   6 -0.3654
   6  0.4705
   8 -0.5430
   1  0.4064
   1 -0.0498
   1  0.1938
   1  0.1938
   1  0.1568
   1  0.1568
   1  0.1767
   1  0.1767
   1  0.3983
   7 -0.0387
   6 -0.6628
   6  0.6834
   8 -0.5929
   6  0.3576
   6 -0.0367
   6 -0.5447
   6 -0.1429
   1  0.2817
   1  0.2737
   1 -0.0385
   1  0.0004
   1  0.0004
   1  0.1462
   1  0.1462
   1  0.1462
   1  0.0495
   1  0.0495
   1  0.0495
   7 -0.0150
   6 -0.4415
   6  0.7654
   8 -0.6213
   6  0.3637
   8 -0.6498
   1  0.2697
   1  0.1609
   1 -0.0521
   1 -0.0521
   1  0.4307
   7 -0.0531
   6 -0.0099
   6  0.5563
   8 -0.6035
   6  0.0306
   1  0.1674
   1  0.1082
   1 -0.0051
   1 -0.0051
   1 -0.0051
   7 -0.5796
   6  0.4302
   6  0.4616
   8 -0.5363
   6 -0.2244
   1  0.0718
   1 -0.0170
   1  0.0967
   1  0.0967
   1  0.0967
   7 -0.5783
   6  0.3200
   6  0.1242
   8 -0.4795
   6 -0.0648
   6 -0.4075
   6  0.8449
   8 -0.7621
   8 -0.7621
   1  0.3173
   1  0.0814
   1  0.0254
   1  0.0254
   1  0.0749
   1  0.0749
   7 -0.0790
   6 -0.0504
   1  0.0638
   1  0.0638
   1  0.0638
   1  0.1885
  20  1.6681
   8 -0.5804
   1  0.2988
   1  0.2988
 rrms:    0.0544
