   6 -0.5399
   6  0.6856
   8 -0.6254
   1  0.1645
   1  0.1645
   1  0.1645
   7 -0.3919
   6  0.1611
   6  0.2489
   8 -0.4216
   6 -0.5909
   6  0.7126
   8 -0.7279
   8 -0.7279
   1  0.2726
   1  0.0004
   1  0.2041
   1  0.2041
   7  0.0785
   6 -0.4760
   6  0.5885
   8 -0.5285
   6  0.1434
   6 -0.1930
   6  0.1565
   6  0.3420
   7 -0.3312
   1  0.0794
   1  0.1963
   1 -0.0076
   1 -0.0076
   1  0.0750
   1  0.0750
   1 -0.0299
   1 -0.0299
   1 -0.0237
   1 -0.0237
   1  0.3369
   1  0.3369
   1  0.3369
   7 -0.7138
   6  0.3548
   6  0.2238
   8 -0.5399
   6 -0.4871
   6  0.5953
   8 -0.6629
   8 -0.6629
   1  0.4941
   1 -0.0924
   1  0.1577
   1  0.1577
   7  0.0091
   6 -0.4699
   6  0.8259
   8 -0.6903
   1  0.2598
   1  0.1873
   1  0.1873
   7 -0.5837
   6  0.2500
   6  0.3132
   8 -0.4790
   6 -0.4330
   6  0.7352
   7 -0.8221
   8 -0.6261
   1  0.3920
   1  0.0652
   1  0.1764
   1  0.1764
   1  0.3983
   1  0.3983
   7 -0.4473
   6  0.1999
   6  0.5744
   8 -0.6093
   1  0.2790
   1  0.0637
   1  0.0637
   7 -0.8865
   6  0.7191
   6  0.2022
   8 -0.4834
   6 -1.0743
   6  0.7999
   6 -0.4857
   6 -0.4857
   6 -0.2088
   6 -0.2088
   6  0.3357
   8 -0.5790
   1  0.3421
   1 -0.0667
   1  0.2850
   1  0.2850
   1  0.2283
   1  0.2283
   1  0.1666
   1  0.1666
   1  0.4303
   7 -0.2648
   6  0.0003
   6  0.4031
   8 -0.5318
   6  0.1463
   6  0.0302
   6 -0.6438
   6 -0.2181
   1  0.2424
   1  0.1180
   1  0.0183
   1  0.0396
   1  0.0396
   1  0.1607
   1  0.1607
   1  0.1607
   1  0.0630
   1  0.0630
   1  0.0630
   7  0.0471
   6 -0.3640
   6  0.6433
   8 -0.5895
   6  0.3519
   8 -0.6094
   1  0.1675
   1  0.1503
   1 -0.0541
   1 -0.0541
   1  0.4125
   7 -0.2701
   6  0.1409
   6  0.5572
   8 -0.5785
   6 -0.2734
   1  0.2668
   1  0.1030
   1  0.0791
   1  0.0791
   1  0.0791
   7 -0.6621
   6  0.4901
   6  0.4152
   8 -0.4436
   6 -0.3910
   1  0.2022
   1 -0.0598
   1  0.1124
   1  0.1124
   1  0.1124
   7 -0.3258
   6 -0.0009
   6  0.2668
   8 -0.4885
   6  0.2565
   6 -0.5766
   6  1.0639
   8 -0.8588
   8 -0.8588
   1  0.2842
   1  0.1618
   1 -0.1141
   1 -0.1141
   1  0.1140
   1  0.1140
   7 -0.2709
   6  0.1964
   1 -0.0021
   1 -0.0021
   1 -0.0021
   1  0.2457
  20  1.6973
   8 -0.6076
   1  0.3088
   1  0.3088
 rrms:    0.0469
