   6 -0.5373
   6  0.7034
   8 -0.6109
   1  0.1619
   1  0.1619
   1  0.1619
   7 -0.5189
   6  0.3133
   6  0.2672
   8 -0.4875
   6 -0.7414
   6  0.9741
   8 -0.8180
   8 -0.8180
   1  0.3238
   1 -0.0791
   1  0.2570
   1  0.2570
   7 -0.0383
   6 -0.6234
   6  0.8284
   8 -0.6911
   6  0.6239
   6 -0.6188
   6  0.2422
   6  0.1208
   7 -0.0197
   1  0.2144
   1  0.2360
   1 -0.0992
   1 -0.0992
   1  0.1862
   1  0.1862
   1 -0.0524
   1 -0.0524
   1  0.0485
   1  0.0485
   1  0.2058
   1  0.2058
   1  0.2058
   7 -0.8277
   6  0.9054
   6 -0.3067
   8 -0.3709
   6 -0.9841
   6  1.0082
   8 -0.7796
   8 -0.7796
   1  0.4403
   1 -0.0427
   1  0.2565
   1  0.2565
   7  0.3772
   6 -0.7458
   6  0.6482
   8 -0.5769
   1 -0.0881
   1  0.2821
   1  0.2821
   7 -0.1750
   6  0.1543
   6  0.4231
   8 -0.5242
   6 -0.3912
   6  0.9022
   7 -1.0328
   8 -0.6598
   1  0.1632
   1 -0.0403
   1  0.1142
   1  0.1142
   1  0.4595
   1  0.4595
   7 -0.4584
   6  0.1826
   6  0.4210
   8 -0.5531
   1  0.3115
   1  0.0265
   1  0.0265
   7 -0.4009
   6  0.2643
   6  0.5243
   8 -0.6101
   6 -0.5075
   6  0.4275
   6 -0.3200
   6 -0.3200
   6 -0.2825
   6 -0.2825
   6  0.4236
   8 -0.5557
   1  0.2769
   1 -0.0019
   1  0.1419
   1  0.1419
   1  0.1793
   1  0.1793
   1  0.1703
   1  0.1703
   1  0.4197
   7 -0.4017
   6 -0.0603
   6  0.6455
   8 -0.5549
   6 -0.0153
   6  0.2440
   6  0.0899
   6 -0.3204
   1  0.3157
   1  0.0935
   1  0.0223
   1 -0.0566
   1 -0.0566
   1 -0.0122
   1 -0.0122
   1 -0.0122
   1  0.0766
   1  0.0766
   1  0.0766
   7 -0.6156
   6  0.2178
   6  0.4354
   8 -0.5499
   6  0.0361
   8 -0.4348
   1  0.3686
   1 -0.0079
   1  0.0366
   1  0.0366
   1  0.3758
   7 -0.1255
   6  0.2512
   6  0.3971
   8 -0.5478
   6 -0.2687
   1  0.1393
   1  0.0757
   1  0.0814
   1  0.0814
   1  0.0814
   7 -0.3484
   6  0.1147
   6  0.3889
   8 -0.5723
   6 -0.2808
   1  0.3160
   1 -0.0701
   1  0.0972
   1  0.0972
   1  0.0972
   7 -0.2140
   6 -0.4426
   6  0.7486
   8 -0.6134
   6  0.3436
   6 -0.4531
   6  0.7097
   8 -0.7033
   8 -0.7033
   1  0.2373
   1  0.1687
   1 -0.1196
   1 -0.1196
   1  0.1039
   1  0.1039
   7 -0.4781
   6  0.1962
   1  0.0014
   1  0.0014
   1  0.0014
   1  0.3983
  20  1.8506
   8 -0.7364
   1  0.3662
   1  0.3662
 rrms:    0.0540
