   6 -0.5921
   6  0.7494
   8 -0.6502
   1  0.1840
   1  0.1840
   1  0.1840
   7 -0.5494
   6  0.3908
   6  0.1424
   8 -0.4868
   6 -0.5102
   6  0.7696
   8 -0.7229
   8 -0.7229
   1  0.2996
   1  0.0137
   1  0.1597
   1  0.1597
   7 -0.0349
   6  0.0263
   6  0.2610
   8 -0.5176
   6  0.1543
   6  0.0092
   6 -0.0423
   6  0.2650
   7 -0.1150
   1 -0.0010
   1  0.0800
   1 -0.0127
   1 -0.0127
   1 -0.0038
   1 -0.0038
   1  0.0386
   1  0.0386
   1 -0.0005
   1 -0.0005
   1  0.2510
   1  0.2510
   1  0.2510
   7 -0.0971
   6  0.1389
   6  0.0767
   8 -0.4557
   6 -0.0487
   6  0.5758
   8 -0.6961
   8 -0.6961
   1  0.0381
   1  0.0832
   1  0.0217
   1  0.0217
   7  0.2390
   6 -0.7576
   6  0.9747
   8 -0.6625
   1  0.0512
   1  0.2839
   1  0.2839
   7 -0.9146
   6  0.8448
   6  0.0468
   8 -0.4841
   6 -0.7655
   6  0.8072
   7 -0.9509
   8 -0.5663
   1  0.4420
   1 -0.3686
   1  0.2828
   1  0.2828
   1  0.4461
   1  0.4461
   7 -0.0918
   6 -0.0728
   6  0.3657
   8 -0.5886
   1  0.2420
   1  0.0885
   1  0.0885
   7  0.0911
   6 -0.0901
   6  0.5585
   8 -0.5366
   6  0.1571
   6  0.1057
   6 -0.2092
   6 -0.2092
   6 -0.3073
   6 -0.3073
   6  0.4154
   8 -0.5402
   1  0.0209
   1  0.0777
   1 -0.1213
   1 -0.1213
   1  0.1727
   1  0.1727
   1  0.1724
   1  0.1724
   1  0.4047
   7  0.0022
   6 -1.0174
   6  1.2166
   8 -0.7139
   6  0.8204
   6 -0.2650
   6 -0.4184
   6 -0.0789
   1  0.1541
   1  0.3316
   1 -0.3602
   1  0.0854
   1  0.0854
   1  0.1164
   1  0.1164
   1  0.1164
   1  0.0137
   1  0.0137
   1  0.0137
   7 -0.6964
   6  0.1753
   6  0.4924
   8 -0.5186
   6  0.1820
   8 -0.5308
   1  0.3296
   1  0.1343
   1  0.0275
   1  0.0275
   1  0.3822
   7 -0.9643
   6  0.6366
   6  0.3584
   8 -0.4761
   6 -0.4268
   1  0.3897
   1 -0.0102
   1  0.1285
   1  0.1285
   1  0.1285
   7 -0.5091
   6  0.2766
   6  0.2961
   8 -0.5102
   6 -0.3892
   1  0.2799
   1  0.0681
   1  0.1211
   1  0.1211
   1  0.1211
   7 -0.3507
   6 -0.0393
   6  0.5380
   8 -0.5484
   6  0.5351
   6 -1.0806
   6  1.2255
   8 -0.8862
   8 -0.8862
   1  0.1920
   1  0.0960
   1 -0.1019
   1 -0.1019
   1  0.2039
   1  0.2039
   7 -0.2903
   6 -0.1008
   1  0.0784
   1  0.0784
   1  0.0784
   1  0.3066
  20  1.9125
   8 -0.6297
   1  0.3221
   1  0.3221
 rrms:    0.0428
