   6 -0.6381
   6  0.8140
   8 -0.7257
   1  0.1907
   1  0.1907
   1  0.1907
   7 -0.6115
   6  0.4708
   6  0.0657
   8 -0.4440
   6 -0.5780
   6  0.7377
   8 -0.7050
   8 -0.7050
   1  0.3444
   1  0.0341
   1  0.1389
   1  0.1389
   7 -0.0374
   6  0.0003
   6  0.5168
   8 -0.6470
   6 -0.1251
   6  0.0472
   6 -0.0854
   6  0.4460
   7 -0.3386
   1  0.1010
   1  0.1106
   1  0.0720
   1  0.0720
   1 -0.0058
   1 -0.0058
   1  0.0591
   1  0.0591
   1 -0.0631
   1 -0.0631
   1  0.3152
   1  0.3152
   1  0.3152
   7 -0.6448
   6  1.0023
   6 -0.4945
   8 -0.4025
   6 -1.0982
   6  1.2351
   8 -0.8497
   8 -0.8497
   1  0.3501
   1 -0.0369
   1  0.2746
   1  0.2746
   7  0.3338
   6 -0.3303
   6  0.7793
   8 -0.6205
   1 -0.0529
   1  0.1247
   1  0.1247
   7 -0.7594
   6  0.6156
   6  0.2122
   8 -0.5145
   6 -0.7260
   6  0.8781
   7 -0.8840
   8 -0.6567
   1  0.3894
   1  0.0435
   1  0.2328
   1  0.2328
   1  0.4168
   1  0.4168
   7 -0.0765
   6 -0.3281
   6  0.6702
   8 -0.6620
   1  0.2361
   1  0.1194
   1  0.1194
   7 -0.5400
   6  0.3219
   6  0.2725
   8 -0.4771
   6 -0.0065
   6  0.1249
   6 -0.2565
   6 -0.2565
   6 -0.1817
   6 -0.1817
   6  0.3013
   8 -0.5050
   1  0.2885
   1  0.0420
   1 -0.0061
   1 -0.0061
   1  0.1348
   1  0.1348
   1  0.1449
   1  0.1449
   1  0.3905
   7  0.0199
   6 -0.5702
   6  0.7900
   8 -0.6297
   6  0.1973
   6 -0.0204
   6 -0.0168
   6 -0.1411
   1  0.0857
   1  0.2028
   1 -0.0458
   1  0.0629
   1  0.0629
   1  0.0150
   1  0.0150
   1  0.0150
   1  0.0263
   1  0.0263
   1  0.0263
   7 -0.4632
   6 -0.0524
   6  0.6232
   8 -0.5889
   6  0.4376
   8 -0.5848
   1  0.3492
   1  0.0938
   1 -0.0464
   1 -0.0464
   1  0.3795
   7 -0.8217
   6  0.4837
   6  0.2973
   8 -0.4481
   6 -0.2880
   1  0.4294
   1 -0.0303
   1  0.1067
   1  0.1067
   1  0.1067
   7 -0.5255
   6  0.4174
   6  0.1242
   8 -0.4696
   6 -0.1402
   1  0.2957
   1  0.0007
   1  0.0450
   1  0.0450
   1  0.0450
   7  0.0199
   6 -0.2816
   6  0.6848
   8 -0.5919
   6  0.2678
   6 -0.5964
   6  0.9009
   8 -0.8282
   8 -0.8282
   1  0.0879
   1  0.1253
   1 -0.0692
   1 -0.0692
   1  0.1516
   1  0.1516
   7 -0.4442
   6  0.0708
   1  0.0332
   1  0.0332
   1  0.0332
   1  0.3425
  20  1.8606
   8 -0.6308
   1  0.3139
   1  0.3139
 rrms:    0.0445
