   6 -0.5218
   6  0.7214
   8 -0.6586
   1  0.1568
   1  0.1568
   1  0.1568
   7 -0.8126
   6  0.8871
   6  0.1249
   8 -0.4278
   6 -1.3035
   6  1.4026
   8 -1.0149
   8 -1.0149
   1  0.4944
   1 -0.1349
   1  0.3545
   1  0.3545
   7 -0.2008
   6  0.1668
   6  0.4973
   8 -0.6077
   6 -0.1457
   6  0.2646
   6 -0.2746
   6  0.4943
   7 -0.3185
   1  0.1931
   1  0.0253
   1  0.0622
   1  0.0622
   1 -0.0583
   1 -0.0583
   1  0.1010
   1  0.1010
   1 -0.0793
   1 -0.0793
   1  0.2688
   1  0.2688
   1  0.2688
   7 -0.5658
   6  0.7730
   6 -0.2521
   8 -0.4347
   6 -0.8082
   6  1.1124
   8 -0.8216
   8 -0.8216
   1  0.1198
   1 -0.0274
   1  0.2401
   1  0.2401
   7  0.2755
   6 -0.3184
   6  0.5672
   8 -0.5933
   1 -0.1229
   1  0.1723
   1  0.1723
   7 -0.2332
   6  0.3141
   6  0.2080
   8 -0.3251
   6 -0.5794
   6  0.9484
   7 -0.9066
   8 -0.7255
   1  0.1011
   1 -0.0096
   1  0.1697
   1  0.1697
   1  0.4041
   1  0.4041
   7 -0.2705
   6 -0.0111
   6  0.4431
   8 -0.5929
   1  0.2376
   1  0.0728
   1  0.0728
   7 -0.1941
   6  0.0495
   6  0.3368
   8 -0.5578
   6 -0.1591
   6  0.0434
   6 -0.1139
   6 -0.1139
   6 -0.4034
   6 -0.4034
   6  0.5361
   8 -0.5975
   1  0.2678
   1  0.0605
   1  0.0677
   1  0.0677
   1  0.1431
   1  0.1431
   1  0.1895
   1  0.1895
   1  0.4292
   7 -0.2577
   6 -0.5405
   6  0.7164
   8 -0.4916
   6  0.4789
   6 -0.0602
   6  0.0631
   6 -0.1455
   1  0.2924
   1  0.2313
   1 -0.1221
   1  0.0153
   1  0.0153
   1 -0.0247
   1 -0.0247
   1 -0.0247
   1  0.0403
   1  0.0403
   1  0.0403
   7 -0.1193
   6 -0.6985
   6  1.0825
   8 -0.6379
   6  0.4675
   8 -0.6540
   1  0.1716
   1  0.1489
   1 -0.0712
   1 -0.0712
   1  0.4220
   7 -0.5440
   6 -0.0495
   6  0.7335
   8 -0.6247
   6 -0.1193
   1  0.4497
   1  0.1920
   1  0.0308
   1  0.0308
   1  0.0308
   7 -0.8378
   6  0.5303
   6  0.2149
   8 -0.4996
   6 -0.4191
   1  0.3959
   1 -0.1111
   1  0.1396
   1  0.1396
   1  0.1396
   7 -0.3033
   6 -0.1239
   6  0.6080
   8 -0.5840
   6  0.0902
   6 -0.4724
   6  0.6916
   8 -0.6883
   8 -0.6883
   1  0.2819
   1  0.1341
   1  0.0046
   1  0.0046
   1  0.1121
   1  0.1121
   7 -0.3970
   6  0.0816
   1  0.0260
   1  0.0260
   1  0.0260
   1  0.3552
  20  1.9256
   8 -0.5808
   1  0.3014
   1  0.3014
 rrms:    0.0509
