   6 -0.6950
   6  1.0130
   8 -0.7134
   1  0.2122
   1  0.2122
   1  0.2122
   7 -0.9651
   6  0.7649
   6  0.2283
   8 -0.5020
   6 -0.4342
   6  0.8083
   8 -0.7755
   8 -0.7755
   1  0.3794
   1 -0.1517
   1  0.1307
   1  0.1307
   7 -0.2681
   6 -0.0911
   6  0.4402
   8 -0.5952
   6 -0.0143
   6 -0.2594
   6 -0.0374
   6  0.4061
   7 -0.3646
   1  0.2491
   1  0.1236
   1  0.0584
   1  0.0584
   1  0.0864
   1  0.0864
   1  0.0543
   1  0.0543
   1 -0.0156
   1 -0.0156
   1  0.3195
   1  0.3195
   1  0.3195
   7 -0.4169
   6  0.6339
   6  0.0367
   8 -0.4892
   6 -0.6605
   6  0.8620
   8 -0.7805
   8 -0.7805
   1  0.1697
   1 -0.0653
   1  0.2114
   1  0.2114
   7 -0.0781
   6  0.1319
   6  0.3664
   8 -0.4038
   1  0.0273
   1  0.0577
   1  0.0577
   7 -0.4974
   6  0.4875
   6 -0.0175
   8 -0.4428
   6 -0.3075
   6  0.8079
   7 -0.8822
   8 -0.6279
   1  0.3460
   1 -0.1023
   1  0.1289
   1  0.1289
   1  0.4058
   1  0.4058
   7  0.0878
   6 -0.3687
   6  0.6447
   8 -0.6151
   1  0.2107
   1  0.1665
   1  0.1665
   7 -0.5900
   6  0.1670
   6  0.3861
   8 -0.4853
   6 -0.0480
   6  0.0157
   6 -0.0397
   6 -0.0397
   6 -0.4107
   6 -0.4107
   6  0.4667
   8 -0.5774
   1  0.3229
   1  0.0650
   1  0.0074
   1  0.0074
   1  0.1186
   1  0.1186
   1  0.1939
   1  0.1939
   1  0.4317
   7 -0.1447
   6 -0.4815
   6  0.6789
   8 -0.5761
   6  0.2351
   6 -0.0978
   6 -0.0835
   6 -0.1176
   1  0.0950
   1  0.1592
   1 -0.0402
   1  0.0692
   1  0.0692
   1  0.0115
   1  0.0115
   1  0.0115
   1  0.0439
   1  0.0439
   1  0.0439
   7  0.0920
   6 -0.9494
   6  0.9593
   8 -0.6694
   6  0.9081
   8 -0.6852
   1 -0.0721
   1  0.2917
   1 -0.1203
   1 -0.1203
   1  0.3715
   7 -0.7072
   6  0.2142
   6  0.6582
   8 -0.5284
   6 -0.3127
   1  0.3201
   1  0.0186
   1  0.1061
   1  0.1061
   1  0.1061
   7 -0.4806
   6  0.1678
   6  0.5903
   8 -0.5941
   6 -0.4723
   1  0.3429
   1  0.1111
   1  0.1363
   1  0.1363
   1  0.1363
   7 -0.8346
   6  0.5093
   6  0.2911
   8 -0.5212
   6 -0.2647
   6  0.0260
   6  0.5457
   8 -0.6425
   8 -0.6425
   1  0.2833
   1 -0.0535
   1  0.0654
   1  0.0654
   1  0.0133
   1  0.0133
   7 -0.2622
   6 -0.0078
   1  0.0570
   1  0.0570
   1  0.0570
   1  0.3537
  20  1.7991
   8 -0.6761
   1  0.3361
   1  0.3361
 rrms:    0.0404
