   6 -0.7024
   6  0.8378
   8 -0.6628
   1  0.2111
   1  0.2111
   1  0.2111
   7 -0.7818
   6  0.7287
   6  0.0095
   8 -0.4660
   6 -0.5508
   6  0.6842
   8 -0.6525
   8 -0.6525
   1  0.3831
   1 -0.1979
   1  0.1817
   1  0.1817
   7  0.2794
   6 -0.3303
   6  0.9123
   8 -0.6465
   6  0.0403
   6  0.1089
   6 -0.2627
   6  0.2441
   7 -0.2808
   1 -0.0529
   1  0.1531
   1 -0.0019
   1 -0.0019
   1 -0.0345
   1 -0.0345
   1  0.1383
   1  0.1383
   1  0.0188
   1  0.0188
   1  0.3170
   1  0.3170
   1  0.3170
   7 -1.0917
   6  0.7649
   6 -0.0537
   8 -0.4664
   6 -0.7920
   6  1.0260
   8 -0.7479
   8 -0.7479
   1  0.4541
   1 -0.0951
   1  0.2166
   1  0.2166
   7  0.0394
   6 -0.3231
   6  0.9139
   8 -0.7169
   1  0.2034
   1  0.1480
   1  0.1480
   7 -0.7871
   6  0.4606
   6  0.5061
   8 -0.4964
   6 -0.4964
   6  0.7531
   7 -0.8463
   8 -0.6704
   1  0.3839
   1 -0.0726
   1  0.1903
   1  0.1903
   1  0.4183
   1  0.4183
   7 -0.5337
   6  0.2337
   6  0.3613
   8 -0.5728
   1  0.2947
   1  0.0409
   1  0.0409
   7 -0.5981
   6  0.4608
   6  0.0426
   8 -0.4721
   6 -0.4742
   6  0.3760
   6 -0.3169
   6 -0.3169
   6 -0.2732
   6 -0.2732
   6  0.3918
   8 -0.5375
   1  0.3357
   1  0.0111
   1  0.1468
   1  0.1468
   1  0.1783
   1  0.1783
   1  0.1703
   1  0.1703
   1  0.4029
   7 -0.3352
   6 -0.1214
   6  0.7872
   8 -0.6210
   6  0.1578
   6  0.0552
   6 -0.0814
   6 -0.2143
   1  0.3341
   1 -0.0001
   1 -0.0126
   1  0.0269
   1  0.0269
   1  0.0130
   1  0.0130
   1  0.0130
   1  0.0619
   1  0.0619
   1  0.0619
   7 -0.4544
   6 -0.0404
   6  0.3814
   8 -0.5420
   6  0.1782
   8 -0.5493
   1  0.4159
   1  0.1234
   1  0.0174
   1  0.0174
   1  0.3960
   7 -0.2775
   6  0.0309
   6  0.5689
   8 -0.5969
   6 -0.1552
   1  0.2545
   1  0.1213
   1  0.0652
   1  0.0652
   1  0.0652
   7 -0.7924
   6  0.7106
   6  0.2314
   8 -0.4619
   6 -0.4513
   1  0.3261
   1 -0.0806
   1  0.1548
   1  0.1548
   1  0.1548
   7 -0.4974
   6  0.1058
   6  0.2447
   8 -0.5085
   6 -0.0017
   6 -0.3664
   6  0.8506
   8 -0.7860
   8 -0.7860
   1  0.2868
   1  0.1373
   1 -0.0019
   1 -0.0019
   1  0.1004
   1  0.1004
   7 -0.1343
   6 -0.0055
   1  0.0546
   1  0.0546
   1  0.0546
   1  0.2392
  20  1.6100
   8 -0.6782
   1  0.3388
   1  0.3388
 rrms:    0.0461
