   6 -0.6949
   6  0.6975
   8 -0.5659
   1  0.2136
   1  0.2136
   1  0.2136
   7 -0.6770
   6  0.6304
   6  0.1094
   8 -0.3925
   6 -0.6012
   6  0.6949
   8 -0.7672
   8 -0.7672
   1  0.4471
   1 -0.2843
   1  0.2059
   1  0.2059
   7  0.4624
   6 -0.1035
   6  0.4423
   8 -0.6018
   6  0.1096
   6  0.0452
   6 -0.0009
   6  0.4652
   7 -0.1987
   1 -0.1998
   1  0.0559
   1  0.0116
   1  0.0116
   1 -0.0210
   1 -0.0210
   1  0.0270
   1  0.0270
   1 -0.0963
   1 -0.0963
   1  0.3026
   1  0.3026
   1  0.3026
   7 -0.4614
   6  0.9812
   6 -0.5622
   8 -0.3326
   6 -0.8348
   6  0.8824
   8 -0.7854
   8 -0.7854
   1  0.1391
   1 -0.0656
   1  0.2307
   1  0.2307
   7  0.7696
   6 -0.5184
   6  0.6147
   8 -0.5768
   1 -0.6697
   1  0.2206
   1  0.2206
   7 -0.2194
   6  0.0473
   6  0.1920
   8 -0.5049
   6 -0.2094
   6  0.3236
   7 -0.4328
   8 -0.4659
   1  0.0930
   1  0.0850
   1  0.1433
   1  0.1433
   1  0.2839
   1  0.2839
   7  0.0166
   6 -0.2693
   6  0.5674
   8 -0.5714
   1  0.1235
   1  0.1305
   1  0.1305
   7 -0.1401
   6 -0.2225
   6  0.7426
   8 -0.6643
   6  0.0248
   6 -0.0394
   6 -0.1684
   6 -0.1684
   6 -0.2559
   6 -0.2559
   6  0.4065
   8 -0.5865
   1  0.1792
   1  0.1228
   1  0.0315
   1  0.0315
   1  0.1430
   1  0.1430
   1  0.1433
   1  0.1433
   1  0.4458
   7 -0.6176
   6  0.1615
   6  0.3820
   8 -0.5040
   6  0.0567
   6 -0.0510
   6 -0.2186
   6 -0.2659
   1  0.3600
   1  0.0500
   1  0.0564
   1  0.0318
   1  0.0318
   1  0.0726
   1  0.0726
   1  0.0726
   1  0.1098
   1  0.1098
   1  0.1098
   7  0.0319
   6 -0.0363
   6  0.1889
   8 -0.1767
   6  0.2137
   8 -0.4717
   1 -0.5793
   1  0.0970
   1 -0.0073
   1 -0.0073
   1  0.3606
   7 -0.2177
   6  0.1871
   6  0.3705
   8 -0.5933
   6  0.0094
   1  0.2878
   1  0.0423
   1  0.0154
   1  0.0154
   1  0.0154
   7 -0.1283
   6  0.0675
   6  0.1714
   8 -0.4992
   6  0.0466
   1  0.1833
   1  0.0565
   1  0.0097
   1  0.0097
   1  0.0097
   7  0.2619
   6 -0.2646
   6  0.4005
   8 -0.5683
   6  0.6460
   6 -0.7508
   6  0.7948
   8 -0.6853
   8 -0.6853
   1 -0.1167
   1  0.1929
   1 -0.1504
   1 -0.1504
   1  0.2271
   1  0.2271
   7 -0.0582
   6 -0.1900
   1  0.0912
   1  0.0912
   1  0.0912
   1 -0.0662
  20  2.1707
   8 -0.6316
   1  0.3389
   1  0.3389
 rrms:    0.0443
