   6 -0.5301
   6  0.5941
   8 -0.5910
   1  0.1696
   1  0.1696
   1  0.1696
   7 -0.5944
   6  0.2965
   6  0.5772
   8 -0.4946
   6 -0.0441
   6  0.1253
   8 -0.5699
   8 -0.5699
   1  0.3683
   1 -0.1963
   1  0.0605
   1  0.0605
   7 -0.0368
   6 -0.4357
   6  0.7264
   8 -0.6693
   6  0.2335
   6 -0.0192
   6 -0.1505
   6  0.5817
   7 -0.3163
   1  0.2975
   1  0.1800
   1 -0.0048
   1 -0.0048
   1  0.0364
   1  0.0364
   1  0.0303
   1  0.0303
   1 -0.1033
   1 -0.1033
   1  0.3323
   1  0.3323
   1  0.3323
   7 -0.6073
   6  0.8878
   6 -0.5589
   8 -0.3453
   6 -0.9309
   6  1.0214
   8 -0.7984
   8 -0.7984
   1  0.2000
   1 -0.0408
   1  0.2863
   1  0.2863
   7  0.6856
   6 -0.5809
   6  0.6377
   8 -0.5728
   1 -0.7066
   1  0.2716
   1  0.2716
   7 -0.1948
   6 -0.0082
   6  0.2526
   8 -0.5341
   6 -0.0125
   6  0.4289
   7 -0.7299
   8 -0.2914
   1  0.0283
   1  0.0952
   1  0.0672
   1  0.0672
   1  0.4042
   1  0.4042
   7 -0.0624
   6 -0.0849
   6  0.3282
   8 -0.5253
   1  0.0601
   1  0.0881
   1  0.0881
   7  0.0885
   6 -0.1783
   6  0.4184
   8 -0.4235
   6 -0.0926
   6  0.0911
   6 -0.1764
   6 -0.1764
   6 -0.1735
   6 -0.1735
   6  0.2391
   8 -0.5174
   1 -0.0096
   1  0.0974
   1  0.0512
   1  0.0512
   1  0.1413
   1  0.1413
   1  0.1333
   1  0.1333
   1  0.4221
   7 -0.1763
   6 -0.5941
   6  0.7927
   8 -0.6385
   6  0.6504
   6 -0.4036
   6 -0.5534
   6  0.0263
   1  0.2375
   1  0.1726
   1 -0.1410
   1  0.1773
   1  0.1773
   1  0.0947
   1  0.0947
   1  0.0947
   1 -0.0079
   1 -0.0079
   1 -0.0079
   7 -0.2416
   6  0.0510
   6  0.0428
   8 -0.0690
   6  0.2836
   8 -0.6370
   1  0.3224
   1  0.0492
   1 -0.0247
   1 -0.0247
   1  0.4166
   7 -0.2451
   6  0.1024
   6  0.6385
   8 -0.6425
   6 -0.4423
   1  0.3487
   1  0.0467
   1  0.1425
   1  0.1425
   1  0.1425
   7 -0.6790
   6  0.5523
   6 -0.2555
   8 -0.4176
   6 -0.4353
   1  0.3516
   1 -0.0308
   1  0.1370
   1  0.1370
   1  0.1370
   7  0.6328
   6 -0.6698
   6  0.6987
   8 -0.6562
   6  0.8855
   6 -1.2645
   6  1.0313
   8 -0.7843
   8 -0.7843
   1 -0.0575
   1  0.2470
   1 -0.2774
   1 -0.2774
   1  0.3313
   1  0.3313
   7 -0.2212
   6 -0.1154
   1  0.0828
   1  0.0828
   1  0.0828
   1  0.0363
  20  1.9549
   8 -0.8153
   1  0.3841
   1  0.3841
 rrms:    0.0431
