   6 -0.5117
   6  0.7038
   8 -0.5951
   1  0.1642
   1  0.1642
   1  0.1642
   7 -0.8509
   6  0.8993
   6  0.2887
   8 -0.4799
   6 -0.8808
   6  0.9749
   8 -0.8014
   8 -0.8014
   1  0.4008
   1 -0.1177
   1  0.1917
   1  0.1917
   7 -0.2046
   6 -0.0249
   6  0.4080
   8 -0.5720
   6  0.0894
   6 -0.0200
   6  0.0424
   6  0.3441
   7 -0.2942
   1  0.1082
   1  0.1292
   1  0.0174
   1  0.0174
   1  0.0185
   1  0.0185
   1  0.0014
   1  0.0014
   1 -0.0229
   1 -0.0229
   1  0.3265
   1  0.3265
   1  0.3265
   7 -0.4789
   6  0.7174
   6 -0.0783
   8 -0.4562
   6 -0.7319
   6  0.9339
   8 -0.7695
   8 -0.7695
   1  0.1677
   1 -0.0603
   1  0.2196
   1  0.2196
   7 -0.0042
   6 -0.0462
   6  0.5666
   8 -0.5775
   1 -0.0671
   1  0.1899
   1  0.1899
   7 -0.5386
   6  0.3736
   6 -0.3213
   8 -0.4056
   6 -0.6673
   6  0.9415
   7 -0.8922
   8 -0.6562
   1  0.4176
   1  0.0062
   1  0.2670
   1  0.2670
   1  0.4196
   1  0.4196
   7  0.1383
   6 -0.7166
   6  0.9189
   8 -0.6908
   1  0.2098
   1  0.2234
   1  0.2234
   7 -0.6696
   6  0.1646
   6  0.5185
   8 -0.5323
   6 -0.0388
   6  0.1601
   6 -0.1973
   6 -0.1973
   6 -0.3014
   6 -0.3014
   6  0.4549
   8 -0.5661
   1  0.3363
   1  0.0486
   1  0.0103
   1  0.0103
   1  0.1478
   1  0.1478
   1  0.1504
   1  0.1504
   1  0.4288
   7 -0.6642
   6  0.1647
   6  0.2244
   8 -0.5243
   6  0.2056
   6 -0.3017
   6 -0.2907
   6 -0.1248
   1  0.3236
   1  0.0649
   1  0.0172
   1  0.1520
   1  0.1520
   1  0.0654
   1  0.0654
   1  0.0654
   1  0.0400
   1  0.0400
   1  0.0400
   7  0.3334
   6 -0.5435
   6  0.7491
   8 -0.6222
   6  0.4868
   8 -0.6651
   1  0.1613
   1  0.2578
   1 -0.0957
   1 -0.0957
   1  0.4273
   7 -0.4790
   6  0.2425
   6  0.3990
   8 -0.5119
   6 -0.1350
   1  0.1705
   1  0.0057
   1  0.0560
   1  0.0560
   1  0.0560
   7 -0.5500
   6  0.4522
   6  0.2628
   8 -0.4923
   6 -0.2512
   1  0.3117
   1 -0.0389
   1  0.0761
   1  0.0761
   1  0.0761
   7  0.0091
   6 -0.5445
   6  0.8028
   8 -0.6259
   6  0.0763
   6 -0.2922
   6  0.4955
   8 -0.6463
   8 -0.6463
   1  0.0915
   1  0.2750
   1  0.0279
   1  0.0279
   1  0.0588
   1  0.0588
   7 -0.5797
   6  0.2624
   1 -0.0234
   1 -0.0234
   1 -0.0234
   1  0.4269
  20  1.7895
   8 -0.7385
   1  0.3529
   1  0.3529
 rrms:    0.0441
