   6 -0.5302
   6  0.7191
   8 -0.6381
   1  0.1661
   1  0.1661
   1  0.1661
   7 -0.5007
   6  0.1452
   6  0.4844
   8 -0.5027
   6 -0.4046
   6  0.9632
   8 -0.8372
   8 -0.8372
   1  0.2735
   1  0.0410
   1  0.1494
   1  0.1494
   7 -0.4203
   6  0.0453
   6  0.1276
   8 -0.5307
   6  0.2309
   6 -0.1021
   6  0.1024
   6  0.1329
   7 -0.0764
   1  0.3014
   1  0.0765
   1 -0.0084
   1 -0.0084
   1  0.0095
   1  0.0095
   1 -0.0132
   1 -0.0132
   1  0.0330
   1  0.0330
   1  0.2087
   1  0.2087
   1  0.2087
   7 -0.1674
   6  0.6849
   6 -0.1490
   8 -0.4186
   6 -0.7231
   6  0.7780
   8 -0.7354
   8 -0.7354
   1  0.2423
   1 -0.0381
   1  0.1989
   1  0.1989
   7  0.3299
   6 -0.3690
   6  0.3534
   8 -0.5202
   1 -0.3349
   1  0.2186
   1  0.2186
   7  0.0031
   6  0.2337
   6  0.4799
   8 -0.5320
   6 -0.5987
   6  1.0194
   7 -1.0873
   8 -0.6897
   1  0.0115
   1 -0.0416
   1  0.1545
   1  0.1545
   1  0.4873
   1  0.4873
   7 -0.6510
   6  0.3643
   6  0.1608
   8 -0.5331
   1  0.3874
   1 -0.0014
   1 -0.0014
   7  0.0373
   6 -0.0648
   6  0.6735
   8 -0.6543
   6 -0.1770
   6  0.4134
   6 -0.4847
   6 -0.4847
   6 -0.0307
   6 -0.0307
   6  0.1739
   8 -0.5444
   1  0.1722
   1  0.0790
   1  0.0531
   1  0.0531
   1  0.2146
   1  0.2146
   1  0.1184
   1  0.1184
   1  0.4301
   7 -0.6514
   6  0.0712
   6  0.4760
   8 -0.4856
   6 -0.0267
   6  0.1998
   6  0.1066
   6 -0.3250
   1  0.3854
   1  0.0827
   1  0.0275
   1 -0.0278
   1 -0.0278
   1 -0.0161
   1 -0.0161
   1 -0.0161
   1  0.0822
   1  0.0822
   1  0.0822
   7 -0.1549
   6 -0.3114
   6  0.5364
   8 -0.5549
   6  0.1640
   8 -0.5082
   1  0.1515
   1  0.1356
   1  0.0153
   1  0.0153
   1  0.4007
   7 -0.2314
   6  0.2414
   6  0.4428
   8 -0.5576
   6 -0.4253
   1  0.2739
   1  0.0720
   1  0.1186
   1  0.1186
   1  0.1186
   7 -0.4733
   6  0.0868
   6  0.5018
   8 -0.5764
   6 -0.2074
   1  0.3372
   1  0.1657
   1  0.0863
   1  0.0863
   1  0.0863
   7 -0.4570
   6 -0.1614
   6  0.7105
   8 -0.5912
   6  0.3216
   6 -0.3697
   6  0.7278
   8 -0.6893
   8 -0.6893
   1  0.2840
   1  0.0613
   1 -0.1487
   1 -0.1487
   1  0.0657
   1  0.0657
   7 -0.4663
   6  0.1895
   1 -0.0031
   1 -0.0031
   1 -0.0031
   1  0.3948
  20  1.8627
   8 -0.5518
   1  0.2963
   1  0.2963
 rrms:    0.0540
