   6 -0.6488
   6  0.8813
   8 -0.6617
   1  0.2009
   1  0.2009
   1  0.2009
   7 -0.9826
   6  0.7792
   6  0.1882
   8 -0.4588
   6 -0.6314
   6  0.7786
   8 -0.7573
   8 -0.7573
   1  0.4768
   1 -0.2144
   1  0.2032
   1  0.2032
   7  0.0633
   6 -0.3601
   6  0.6621
   8 -0.6033
   6  0.0291
   6 -0.2197
   6 -0.0460
   6  0.4153
   7 -0.3762
   1  0.0889
   1  0.1477
   1  0.0033
   1  0.0033
   1  0.0913
   1  0.0913
   1  0.0897
   1  0.0897
   1 -0.0726
   1 -0.0726
   1  0.3531
   1  0.3531
   1  0.3531
   7 -0.6266
   6  0.6350
   6 -0.0029
   8 -0.4857
   6 -0.3844
   6  0.7204
   8 -0.7040
   8 -0.7040
   1  0.3339
   1 -0.0563
   1  0.1034
   1  0.1034
   7  0.1962
   6 -0.3493
   6  0.6193
   8 -0.6229
   1 -0.1896
   1  0.1699
   1  0.1699
   7 -0.5410
   6  0.3322
   6  0.1015
   8 -0.4775
   6 -0.6380
   6  0.8866
   7 -0.8607
   8 -0.6169
   1  0.2666
   1  0.0673
   1  0.2295
   1  0.2295
   1  0.4239
   1  0.4239
   7  0.0289
   6 -0.1282
   6  0.4401
   8 -0.5795
   1  0.1891
   1  0.1153
   1  0.1153
   7 -0.1323
   6 -0.1395
   6  0.8279
   8 -0.6277
   6 -0.2065
   6  0.0928
   6 -0.1350
   6 -0.1350
   6 -0.3219
   6 -0.3219
   6  0.4703
   8 -0.5994
   1  0.0359
   1  0.1036
   1  0.0829
   1  0.0829
   1  0.1386
   1  0.1386
   1  0.1548
   1  0.1548
   1  0.4530
   7 -0.7072
   6  0.0643
   6  0.5599
   8 -0.5708
   6  0.1290
   6 -0.0277
   6 -0.3774
   6 -0.1445
   1  0.3186
   1  0.1174
   1  0.0702
   1  0.0589
   1  0.0589
   1  0.0791
   1  0.0791
   1  0.0791
   1  0.0431
   1  0.0431
   1  0.0431
   7 -0.1289
   6 -0.0373
   6  0.3172
   8 -0.4350
   6  0.1330
   8 -0.4966
   1  0.0132
   1  0.0458
   1  0.0084
   1  0.0084
   1  0.4222
   7 -0.2834
   6  0.1035
   6  0.5152
   8 -0.6078
   6 -0.2327
   1  0.3397
   1  0.0521
   1  0.0733
   1  0.0733
   1  0.0733
   7 -0.4766
   6  0.3503
   6 -0.0162
   8 -0.4561
   6 -0.3279
   1  0.3608
   1 -0.0096
   1  0.1023
   1  0.1023
   1  0.1023
   7  0.4223
   6 -0.6060
   6  0.7609
   8 -0.6509
   6  0.6060
   6 -0.4127
   6  0.5383
   8 -0.6160
   8 -0.6160
   1  0.0037
   1  0.2478
   1 -0.2126
   1 -0.2126
   1  0.1265
   1  0.1265
   7 -0.3748
   6  0.0157
   1  0.0418
   1  0.0418
   1  0.0418
   1  0.1830
  20  1.8280
   8 -0.6655
   1  0.3215
   1  0.3215
 rrms:    0.0481
