   6 -0.6286
   6  0.7607
   8 -0.6751
   1  0.1912
   1  0.1912
   1  0.1912
   7 -0.6169
   6  0.3766
   6  0.0328
   8 -0.3321
   6 -0.2088
   6  0.2319
   8 -0.7091
   8 -0.7091
   1  0.3762
   1 -0.0074
   1  0.1111
   1  0.1111
   7  0.2595
   6 -0.1857
   6  0.3983
   8 -0.6140
   6  0.0863
   6 -0.3929
   6  0.1245
   6  0.4235
   7 -0.5376
   1 -0.1388
   1  0.1580
   1  0.1000
   1  0.1000
   1  0.1315
   1  0.1315
   1 -0.0019
   1 -0.0019
   1 -0.0504
   1 -0.0504
   1  0.3994
   1  0.3994
   1  0.3994
   7 -0.0809
   6  0.1252
   6  0.1401
   8 -0.4760
   6 -0.1317
   6  0.6618
   8 -0.6915
   8 -0.6915
   1  0.0809
   1  0.0808
   1  0.0468
   1  0.0468
   7  0.0478
   6 -0.0101
   6  0.2396
   8 -0.5251
   1 -0.0578
   1  0.0926
   1  0.0926
   7  0.2412
   6 -0.4162
   6  0.7203
   8 -0.6239
   6  0.0907
   6  0.3772
   7 -0.6610
   8 -0.4990
   1 -0.2611
   1  0.2200
   1  0.0705
   1  0.0705
   1  0.3553
   1  0.3553
   7 -0.3251
   6 -0.0078
   6  0.5320
   8 -0.5957
   1  0.2948
   1  0.0455
   1  0.0455
   7 -0.3775
   6 -0.2641
   6  0.6523
   8 -0.6396
   6 -0.2253
   6 -0.0145
   6  0.0192
   6  0.0192
   6 -0.5119
   6 -0.5119
   6  0.6149
   8 -0.5796
   1  0.4726
   1  0.1725
   1  0.0828
   1  0.0828
   1  0.1387
   1  0.1387
   1  0.2183
   1  0.2183
   1  0.4230
   7 -0.4809
   6 -0.0870
   6  0.7641
   8 -0.5981
   6  0.2092
   6  0.1401
   6 -0.2512
   6 -0.2558
   1  0.2791
   1  0.0525
   1 -0.0543
   1 -0.0123
   1 -0.0123
   1  0.0465
   1  0.0465
   1  0.0465
   1  0.0717
   1  0.0717
   1  0.0717
   7 -0.4276
   6 -0.0694
   6  0.1402
   8 -0.1838
   6  0.1128
   8 -0.3043
   1  0.2750
   1  0.0995
   1  0.0126
   1  0.0126
   1  0.3374
   7 -0.2440
   6 -0.0170
   6  0.6697
   8 -0.6537
   6 -0.2035
   1  0.3402
   1  0.0845
   1  0.0672
   1  0.0672
   1  0.0672
   7 -0.8334
   6  0.7831
   6 -0.2960
   8 -0.4477
   6 -0.6730
   1  0.4183
   1 -0.1079
   1  0.1940
   1  0.1940
   1  0.1940
   7  0.5067
   6 -0.0813
   6  0.3126
   8 -0.5761
   6  0.7431
   6 -1.1383
   6  0.7714
   8 -0.7491
   8 -0.7491
   1  0.2547
   1  0.1287
   1 -0.2478
   1 -0.2478
   1  0.2360
   1  0.2360
   7 -0.0135
   6 -0.3417
   1  0.1362
   1  0.1362
   1  0.1362
   1 -0.0832
  20  2.0624
   8 -0.6397
   1  0.2893
   1  0.2893
 rrms:    0.0377
