   6 -0.6825
   6  0.7892
   8 -0.6563
   1  0.2071
   1  0.2071
   1  0.2071
   7 -0.7079
   6  1.0293
   6 -0.0889
   8 -0.4513
   6 -0.9923
   6  1.1291
   8 -0.8588
   8 -0.8588
   1  0.3772
   1 -0.1978
   1  0.2612
   1  0.2612
   7  0.0437
   6 -0.1100
   6  0.6714
   8 -0.6426
   6 -0.0377
   6  0.1136
   6 -0.1443
   6  0.4460
   7 -0.1601
   1  0.2399
   1  0.0751
   1  0.0286
   1  0.0286
   1 -0.0263
   1 -0.0263
   1  0.0613
   1  0.0613
   1 -0.0666
   1 -0.0666
   1  0.2154
   1  0.2154
   1  0.2154
   7 -0.5659
   6  0.8393
   6 -0.6611
   8 -0.3253
   6 -0.8593
   6  1.0478
   8 -0.7843
   8 -0.7843
   1  0.2206
   1 -0.0119
   1  0.2600
   1  0.2600
   7  0.9723
   6 -0.8988
   6  1.2325
   8 -0.7055
   1 -0.7374
   1  0.2866
   1  0.2866
   7 -1.4306
   6  1.4602
   6 -0.2571
   8 -0.3744
   6 -1.1214
   6  1.2213
   7 -1.0496
   8 -0.7375
   1  0.5391
   1 -0.2620
   1  0.3240
   1  0.3240
   1  0.4169
   1  0.4169
   7  0.0065
   6 -0.5799
   6  0.8937
   8 -0.6286
   1  0.0916
   1  0.2408
   1  0.2408
   7 -0.7054
   6  0.1861
   6  0.2531
   8 -0.4520
   6 -0.5321
   6  0.1783
   6 -0.1101
   6 -0.1101
   6 -0.4212
   6 -0.4212
   6  0.5487
   8 -0.6046
   1  0.3809
   1  0.0430
   1  0.1988
   1  0.1988
   1  0.1370
   1  0.1370
   1  0.1945
   1  0.1945
   1  0.4282
   7 -0.3467
   6 -0.1627
   6  0.4729
   8 -0.4743
   6  0.3281
   6 -0.2486
   6 -0.4037
   6 -0.0488
   1  0.2626
   1  0.1401
   1 -0.0610
   1  0.1131
   1  0.1131
   1  0.1273
   1  0.1273
   1  0.1273
   1  0.0162
   1  0.0162
   1  0.0162
   7 -0.1849
   6 -0.1500
   6  0.4451
   8 -0.5246
   6  0.0907
   8 -0.5434
   1  0.2516
   1  0.0875
   1  0.0208
   1  0.0208
   1  0.4016
   7 -0.2420
   6  0.3047
   6  0.3536
   8 -0.5506
   6 -0.5226
   1  0.1617
   1  0.0381
   1  0.1451
   1  0.1451
   1  0.1451
   7 -0.4157
   6  0.0963
   6  0.3955
   8 -0.5740
   6 -0.1160
   1  0.3354
   1  0.2463
   1  0.0452
   1  0.0452
   1  0.0452
   7 -0.2593
   6 -0.3229
   6  0.7208
   8 -0.5600
   6  0.1931
   6 -0.6454
   6  0.8495
   8 -0.7204
   8 -0.7204
   1  0.2212
   1  0.2206
   1 -0.0392
   1 -0.0392
   1  0.1373
   1  0.1373
   7 -0.5384
   6  0.2399
   1 -0.0188
   1 -0.0188
   1 -0.0188
   1  0.4500
  20  1.9772
   8 -0.6416
   1  0.3234
   1  0.3234
 rrms:    0.0450
