   6 -0.4334
   6  0.8306
   8 -0.6855
   1  0.1386
   1  0.1386
   1  0.1386
   7 -0.8964
   6  0.8465
   6 -0.0064
   8 -0.2270
   6 -0.8344
   6  1.0632
   8 -0.8144
   8 -0.8144
   1  0.4489
   1 -0.0396
   1  0.1745
   1  0.1745
   7  0.0058
   6  0.1106
   6  0.4885
   8 -0.5559
   6 -0.0553
   6 -0.0859
   6 -0.0389
   6  0.1209
   7  0.0377
   1 -0.0525
   1  0.0135
   1  0.0409
   1  0.0409
   1  0.0537
   1  0.0537
   1  0.0538
   1  0.0538
   1  0.0434
   1  0.0434
   1  0.2364
   1  0.2364
   1  0.2364
   7 -0.3667
   6  0.3198
   6  0.1887
   8 -0.4559
   6 -0.6833
   6  0.9167
   8 -0.7269
   8 -0.7269
   1  0.0929
   1  0.0499
   1  0.2063
   1  0.2063
   7 -0.0649
   6 -0.0863
   6  0.6362
   8 -0.7118
   1  0.0270
   1  0.0654
   1  0.0654
   7 -0.4466
   6  0.6014
   6 -0.1593
   8 -0.4308
   6 -0.9266
   6  1.0579
   7 -1.0535
   8 -0.6923
   1  0.4386
   1 -0.0003
   1  0.2801
   1  0.2801
   1  0.4672
   1  0.4672
   7  0.1389
   6 -0.5115
   6  1.1751
   8 -0.7937
   1  0.2179
   1  0.1766
   1  0.1766
   7 -1.4511
   6  0.8663
   6  0.5473
   8 -0.5495
   6 -0.5466
   6  0.4852
   6 -0.3472
   6 -0.3472
   6 -0.2268
   6 -0.2268
   6  0.3703
   8 -0.5817
   1  0.5383
   1 -0.1188
   1  0.1696
   1  0.1696
   1  0.1926
   1  0.1926
   1  0.1504
   1  0.1504
   1  0.4246
   7 -0.9780
   6  0.6582
   6  0.1106
   8 -0.5119
   6 -0.1243
   6  0.0274
   6 -0.0496
   6 -0.4443
   1  0.3366
   1 -0.0635
   1  0.0759
   1  0.0466
   1  0.0466
   1  0.0093
   1  0.0093
   1  0.0093
   1  0.1211
   1  0.1211
   1  0.1211
   7  0.2146
   6 -0.3949
   6  0.6919
   8 -0.6217
   6  0.5379
   8 -0.6121
   1  0.1794
   1  0.2141
   1 -0.1122
   1 -0.1122
   1  0.3835
   7 -0.4598
   6  0.1005
   6  0.6318
   8 -0.5111
   6 -0.2434
   1  0.1465
   1  0.0575
   1  0.0942
   1  0.0942
   1  0.0942
   7 -0.7251
   6  0.4514
   6 -0.0503
   8 -0.4445
   6 -0.3605
   1  0.3668
   1  0.0310
   1  0.1272
   1  0.1272
   1  0.1272
   7  0.1789
   6 -0.3321
   6  0.4768
   8 -0.5542
   6  0.5461
   6 -0.5930
   6  0.8003
   8 -0.8139
   8 -0.8139
   1  0.0987
   1  0.1487
   1 -0.1192
   1 -0.1192
   1  0.1545
   1  0.1545
   7 -0.1406
   6 -0.3570
   1  0.1433
   1  0.1433
   1  0.1433
   1  0.2030
  20  1.5226
   8 -0.3781
   1  0.2015
   1  0.2015
 rrms:    0.0462
