   6 -0.4570
   6  0.8187
   8 -0.6469
   1  0.1401
   1  0.1401
   1  0.1401
   7 -0.6303
   6  0.2040
   6  0.5832
   8 -0.4702
   6  0.0502
   6 -0.0284
   8 -0.5747
   8 -0.5747
   1  0.3751
   1 -0.0079
   1  0.0357
   1  0.0357
   7 -0.3359
   6  0.4332
   6  0.0630
   8 -0.5408
   6 -0.0904
   6  0.1640
   6 -0.1600
   6  0.3842
   7 -0.1858
   1  0.1969
   1 -0.0391
   1  0.0693
   1  0.0693
   1 -0.0069
   1 -0.0069
   1  0.0566
   1  0.0566
   1 -0.0278
   1 -0.0278
   1  0.2932
   1  0.2932
   1  0.2932
   7  0.0215
   6  0.4827
   6 -0.4257
   8 -0.3487
   6 -0.5429
   6  0.9070
   8 -0.7385
   8 -0.7385
   1 -0.2722
   1  0.0420
   1  0.1774
   1  0.1774
   7  0.5852
   6 -0.6224
   6  0.6385
   8 -0.5944
   1 -0.3805
   1  0.2540
   1  0.2540
   7 -0.1185
   6 -0.1822
   6  0.2325
   8 -0.5250
   6  0.0319
   6  0.2696
   7 -0.6472
   8 -0.2246
   1  0.0723
   1  0.1338
   1  0.0718
   1  0.0718
   1  0.3627
   1  0.3627
   7 -0.0711
   6 -0.2637
   6  0.6267
   8 -0.6237
   1  0.1070
   1  0.1052
   1  0.1052
   7 -0.4157
   6 -0.0543
   6  0.6704
   8 -0.5688
   6 -0.2915
   6  0.5114
   6 -0.5021
   6 -0.5021
   6  0.0306
   6  0.0306
   6  0.0799
   8 -0.4889
   1  0.5123
   1  0.1203
   1  0.0774
   1  0.0774
   1  0.2099
   1  0.2099
   1  0.1116
   1  0.1116
   1  0.3962
   7 -0.6365
   6  0.0063
   6  0.6101
   8 -0.5552
   6  0.1091
   6  0.1300
   6 -0.1476
   6 -0.2771
   1  0.3245
   1  0.0889
   1  0.0284
   1 -0.0072
   1 -0.0072
   1  0.0191
   1  0.0191
   1  0.0191
   1  0.0755
   1  0.0755
   1  0.0755
   7 -0.2609
   6  0.0675
   6  0.2416
   8 -0.1158
   6  0.3273
   8 -0.5674
   1  0.0855
   1  0.0756
   1 -0.0075
   1 -0.0075
   1  0.4087
   7 -0.4620
   6  0.2991
   6  0.2724
   8 -0.5456
   6 -0.1998
   1  0.3491
   1  0.0092
   1  0.0683
   1  0.0683
   1  0.0683
   7 -0.2090
   6  0.1872
   6  0.0328
   8 -0.4478
   6 -0.1180
   1  0.2602
   1  0.0343
   1  0.0548
   1  0.0548
   1  0.0548
   7  0.4920
   6 -0.3016
   6  0.3752
   8 -0.5535
   6  0.7339
   6 -0.7257
   6  0.6809
   8 -0.7387
   8 -0.7387
   1 -0.2297
   1  0.1616
   1 -0.2743
   1 -0.2743
   1  0.1723
   1  0.1723
   7  0.0183
   6 -0.2205
   1  0.1028
   1  0.1028
   1  0.1028
   1 -0.1632
  20  1.9962
   8 -0.7844
   1  0.3409
   1  0.3409
 rrms:    0.0389
