   6 -0.7756
   6  0.7550
   8 -0.5661
   1  0.2313
   1  0.2313
   1  0.2313
   7 -0.5643
   6  0.3506
   6  0.3503
   8 -0.4202
   6 -0.5286
   6  0.2362
   8 -0.6066
   8 -0.6066
   1  0.3983
   1 -0.0403
   1  0.2217
   1  0.2217
   7  0.0451
   6 -0.0314
   6  0.2709
   8 -0.5678
   6  0.0891
   6 -0.1171
   6  0.1122
   6  0.3345
   7 -0.2385
   1 -0.1639
   1  0.0904
   1  0.0280
   1  0.0280
   1  0.0441
   1  0.0441
   1  0.0114
   1  0.0114
   1 -0.0441
   1 -0.0441
   1  0.3128
   1  0.3128
   1  0.3128
   7 -0.1197
   6  0.4514
   6 -0.0118
   8 -0.4583
   6 -0.5007
   6  0.7991
   8 -0.7773
   8 -0.7773
   1  0.0337
   1  0.0073
   1  0.1655
   1  0.1655
   7  0.1941
   6 -0.0875
   6  0.3142
   8 -0.5247
   1 -0.2344
   1  0.1173
   1  0.1173
   7 -0.0005
   6 -0.1929
   6  0.5215
   8 -0.5802
   6  0.0472
   6  0.3981
   7 -0.7113
   8 -0.3375
   1  0.0457
   1  0.1663
   1  0.0379
   1  0.0379
   1  0.3760
   1  0.3760
   7 -0.1649
   6 -0.2989
   6  0.4840
   8 -0.6084
   1  0.1697
   1  0.1677
   1  0.1677
   7 -0.1585
   6 -0.2183
   6  0.7041
   8 -0.5559
   6 -0.0274
   6 -0.1586
   6  0.1474
   6  0.1474
   6 -0.5815
   6 -0.5815
   6  0.7079
   8 -0.6091
   1  0.0640
   1  0.1041
   1  0.0417
   1  0.0417
   1  0.0855
   1  0.0855
   1  0.2119
   1  0.2119
   1  0.4339
   7 -0.5982
   6 -0.0350
   6  0.7043
   8 -0.5780
   6  0.0883
   6  0.0421
   6 -0.1156
   6 -0.3336
   1  0.3352
   1  0.1565
   1  0.0069
   1  0.0612
   1  0.0612
   1  0.0198
   1  0.0198
   1  0.0198
   1  0.0903
   1  0.0903
   1  0.0903
   7 -0.2708
   6 -0.1253
   6  0.3163
   8 -0.2204
   6  0.2272
   8 -0.4696
   1 -0.1873
   1  0.0765
   1  0.0008
   1  0.0008
   1  0.3538
   7 -0.2628
   6  0.1284
   6  0.5120
   8 -0.6409
   6 -0.2493
   1  0.3450
   1  0.0424
   1  0.0829
   1  0.0829
   1  0.0829
   7 -0.4678
   6  0.5527
   6 -0.2305
   8 -0.3776
   6 -0.5284
   1  0.3058
   1 -0.0631
   1  0.1611
   1  0.1611
   1  0.1611
   7  0.7949
   6 -0.8684
   6  0.7272
   8 -0.6379
   6  0.6930
   6 -0.4938
   6  0.5821
   8 -0.6133
   8 -0.6133
   1 -0.2559
   1  0.3000
   1 -0.1673
   1 -0.1673
   1  0.1459
   1  0.1459
   7 -0.3043
   6  0.0935
   1  0.0236
   1  0.0236
   1  0.0236
   1  0.0788
  20  1.7828
   8 -0.5706
   1  0.3102
   1  0.3102
 rrms:    0.0400
