   6 -0.5197
   6  0.6970
   8 -0.6209
   1  0.1601
   1  0.1601
   1  0.1601
   7 -0.7105
   6  0.3406
   6  0.0289
   8 -0.4168
   6 -0.1439
   6  0.5758
   8 -0.6475
   8 -0.6475
   1  0.4083
   1  0.0077
   1  0.0940
   1  0.0940
   7  0.4287
   6 -0.9925
   6  1.1269
   8 -0.7319
   6  0.6605
   6 -0.7036
   6  0.2246
   6  0.0178
   7 -0.0475
   1 -0.2244
   1  0.3095
   1 -0.0410
   1 -0.0410
   1  0.2082
   1  0.2082
   1 -0.0225
   1 -0.0225
   1  0.0884
   1  0.0884
   1  0.2664
   1  0.2664
   1  0.2664
   7 -1.3896
   6  1.5762
   6 -0.5354
   8 -0.3977
   6 -1.6444
   6  1.3602
   8 -0.8609
   8 -0.8609
   1  0.7666
   1 -0.2310
   1  0.4159
   1  0.4159
   7  0.4644
   6 -0.4227
   6  0.5645
   8 -0.5879
   1 -0.3760
   1  0.2032
   1  0.2032
   7 -0.2299
   6 -0.0627
   6  0.3644
   8 -0.5604
   6 -0.1272
   6  0.5836
   7 -0.7913
   8 -0.3923
   1 -0.1466
   1  0.1318
   1  0.1077
   1  0.1077
   1  0.4005
   1  0.4005
   7 -0.0530
   6 -0.3403
   6  0.4586
   8 -0.5469
   1  0.1805
   1  0.1744
   1  0.1744
   7 -0.0181
   6 -0.7091
   6  1.0483
   8 -0.7042
   6 -0.0080
   6 -0.0960
   6  0.0941
   6  0.0941
   6 -0.6224
   6 -0.6224
   6  0.7195
   8 -0.6047
   1  0.1599
   1  0.2872
   1 -0.0102
   1 -0.0102
   1  0.1158
   1  0.1158
   1  0.2294
   1  0.2294
   1  0.4528
   7 -0.7197
   6 -0.1685
   6  0.7763
   8 -0.5929
   6  0.3872
   6 -0.1751
   6 -0.4399
   6 -0.1617
   1  0.3701
   1  0.1352
   1 -0.0362
   1  0.1256
   1  0.1256
   1  0.0958
   1  0.0958
   1  0.0958
   1  0.0441
   1  0.0441
   1  0.0441
   7 -0.4017
   6 -0.0592
   6  0.3613
   8 -0.1839
   6  0.1680
   8 -0.4858
   1  0.1743
   1  0.0956
   1 -0.0028
   1 -0.0028
   1  0.3907
   7 -0.3534
   6  0.2176
   6  0.3498
   8 -0.5684
   6 -0.2044
   1  0.3231
   1  0.0169
   1  0.0692
   1  0.0692
   1  0.0692
   7 -0.3289
   6  0.2891
   6 -0.0497
   8 -0.4646
   6 -0.2956
   1  0.2957
   1  0.0201
   1  0.1019
   1  0.1019
   1  0.1019
   7  0.4436
   6 -0.0142
   6  0.2480
   8 -0.5248
   6  0.5935
   6 -0.7523
   6  0.9729
   8 -0.8875
   8 -0.8875
   1 -0.1064
   1  0.0886
   1 -0.2300
   1 -0.2300
   1  0.1448
   1  0.1448
   7  0.0032
   6 -0.2121
   1  0.1082
   1  0.1082
   1  0.1082
   1 -0.0832
  20  2.1562
   8 -0.7530
   1  0.3547
   1  0.3547
 rrms:    0.0389
