   6 -0.5246
   6  0.7299
   8 -0.6267
   1  0.1603
   1  0.1603
   1  0.1603
   7 -0.7056
   6  0.4632
   6  0.2623
   8 -0.4903
   6 -0.2763
   6  0.5013
   8 -0.7196
   8 -0.7196
   1  0.4141
   1 -0.2241
   1  0.1249
   1  0.1249
   7  0.2662
   6 -0.0364
   6  0.5454
   8 -0.5966
   6  0.0206
   6  0.0000
   6 -0.0848
   6  0.4807
   7 -0.4944
   1 -0.1571
   1  0.0668
   1  0.0148
   1  0.0148
   1  0.0159
   1  0.0159
   1  0.0687
   1  0.0687
   1 -0.0831
   1 -0.0831
   1  0.3923
   1  0.3923
   1  0.3923
   7 -0.5536
   6  0.4990
   6  0.1027
   8 -0.4714
   6 -0.7088
   6  0.7938
   8 -0.7428
   8 -0.7428
   1 -0.0262
   1  0.0043
   1  0.1954
   1  0.1954
   7 -0.0586
   6 -0.1810
   6  0.2767
   8 -0.5193
   1  0.1497
   1  0.1387
   1  0.1387
   7  0.1211
   6 -0.2897
   6  0.5160
   8 -0.5381
   6  0.1969
   6  0.1817
   7 -0.5292
   8 -0.3333
   1  0.1649
   1  0.1596
   1 -0.0040
   1 -0.0040
   1  0.3284
   1  0.3284
   7 -0.0904
   6 -0.3808
   6  0.6695
   8 -0.6605
   1  0.1905
   1  0.1529
   1  0.1529
   7 -0.5785
   6  0.1977
   6  0.3676
   8 -0.5512
   6 -0.8053
   6  0.8007
   6 -0.6025
   6 -0.6025
   6 -0.0316
   6 -0.0316
   6  0.1839
   8 -0.5349
   1  0.3959
   1  0.0634
   1  0.2552
   1  0.2552
   1  0.2544
   1  0.2544
   1  0.1154
   1  0.1154
   1  0.4026
   7 -0.3354
   6 -0.2422
   6  0.8898
   8 -0.6024
   6  0.2509
   6  0.0492
   6 -0.4551
   6 -0.4690
   1  0.2247
   1  0.0978
   1 -0.0082
   1  0.0652
   1  0.0652
   1  0.0950
   1  0.0950
   1  0.0950
   1  0.1347
   1  0.1347
   1  0.1347
   7 -0.4785
   6 -0.0180
   6  0.3019
   8 -0.4216
   6  0.0760
   8 -0.4737
   1  0.3017
   1  0.0220
   1  0.0169
   1  0.0169
   1  0.2900
   7 -0.1800
   6  0.0088
   6  0.6556
   8 -0.6381
   6 -0.0957
   1  0.2764
   1  0.0631
   1  0.0406
   1  0.0406
   1  0.0406
   7 -0.5309
   6  0.2445
   6  0.0377
   8 -0.4559
   6 -0.2280
   1  0.3095
   1  0.0123
   1  0.0691
   1  0.0691
   1  0.0691
   7  0.3361
   6 -0.4888
   6  0.5776
   8 -0.5950
   6  0.4350
   6 -0.3214
   6  0.6496
   8 -0.6138
   8 -0.6138
   1  0.4418
   1  0.1963
   1 -0.1774
   1 -0.1774
   1  0.0402
   1  0.0402
   7 -0.1755
   6 -0.2351
   1  0.1107
   1  0.1107
   1  0.1107
   1  0.0262
  20  1.8969
   8 -0.7558
   1  0.3699
   1  0.3699
 rrms:    0.0461
