   6 -0.6689
   6  0.8677
   8 -0.6078
   1  0.2038
   1  0.2038
   1  0.2038
   7 -1.0466
   6  0.7395
   6  0.1485
   8 -0.4404
   6 -0.4628
   6  0.9011
   8 -0.8791
   8 -0.8791
   1  0.5153
   1 -0.1988
   1  0.1718
   1  0.1718
   7  0.3575
   6 -0.4015
   6  0.6804
   8 -0.6345
   6  0.1790
   6  0.1981
   6 -0.1526
   6  0.6682
   7 -0.5440
   1 -0.3718
   1  0.1425
   1 -0.0218
   1 -0.0218
   1 -0.0626
   1 -0.0626
   1  0.0378
   1  0.0378
   1 -0.1609
   1 -0.1609
   1  0.4148
   1  0.4148
   1  0.4148
   7 -0.4911
   6  0.6328
   6 -0.0882
   8 -0.4436
   6 -0.6538
   6  0.7143
   8 -0.6944
   8 -0.6944
   1  0.1833
   1 -0.0579
   1  0.1845
   1  0.1845
   7  0.1883
   6 -0.4254
   6  0.6096
   8 -0.6289
   1 -0.3336
   1  0.2017
   1  0.2017
   7 -0.4219
   6  0.1729
   6  0.1081
   8 -0.4392
   6 -0.3281
   6  0.7743
   7 -0.8845
   8 -0.6030
   1  0.3475
   1  0.0674
   1  0.1185
   1  0.1185
   1  0.4604
   1  0.4604
   7 -0.0075
   6 -0.4468
   6  0.8124
   8 -0.6796
   1  0.2637
   1  0.1786
   1  0.1786
   7 -0.6448
   6 -0.2649
   6  1.0758
   8 -0.7164
   6 -0.3661
   6  0.5361
   6 -0.4255
   6 -0.4255
   6 -0.0940
   6 -0.0940
   6  0.1874
   8 -0.4928
   1  0.4546
   1  0.1652
   1  0.1069
   1  0.1069
   1  0.1998
   1  0.1998
   1  0.1372
   1  0.1372
   1  0.3778
   7 -0.8247
   6  0.0512
   6  0.3592
   8 -0.4741
   6 -0.0874
   6  0.2634
   6 -0.2427
   6 -0.5080
   1  0.3964
   1 -0.0052
   1  0.1743
   1  0.0116
   1  0.0116
   1  0.0611
   1  0.0611
   1  0.0611
   1  0.1415
   1  0.1415
   1  0.1415
   7  0.0542
   6 -0.1717
   6  0.2180
   8 -0.3488
   6  0.4927
   8 -0.6124
   1 -0.0020
   1  0.0769
   1 -0.0808
   1 -0.0808
   1  0.2619
   7 -0.1038
   6 -0.0605
   6  0.6300
   8 -0.6351
   6 -0.0985
   1  0.2838
   1  0.0773
   1  0.0381
   1  0.0381
   1  0.0381
   7 -0.5188
   6  0.4776
   6 -0.1304
   8 -0.4587
   6 -0.5307
   1  0.3186
   1 -0.0264
   1  0.1727
   1  0.1727
   1  0.1727
   7  0.3433
   6 -0.1031
   6  0.4291
   8 -0.5683
   6  0.2087
   6 -0.3141
   6  0.2794
   8 -0.3575
   8 -0.3575
   1  0.0492
   1  0.0849
   1 -0.0534
   1 -0.0534
   1  0.1128
   1  0.1128
   7 -0.1782
   6 -0.0558
   1  0.0637
   1  0.0637
   1  0.0637
   1  0.0415
  20  1.8289
   8 -0.5981
   1  0.3327
   1  0.3327
 rrms:    0.0486
