   6 -0.7417
   6  0.6723
   8 -0.5997
   1  0.2254
   1  0.2254
   1  0.2254
   7 -0.4944
   6  0.2187
   6  0.5709
   8 -0.6110
   6 -0.2052
   6  0.6476
   8 -0.7121
   8 -0.7121
   1  0.2283
   1  0.0699
   1  0.0552
   1  0.0552
   7 -0.6136
   6  0.3345
   6  0.1700
   8 -0.5045
   6 -0.2465
   6  0.1193
   6 -0.0787
   6  0.2110
   7 -0.0376
   1  0.3445
   1  0.0514
   1  0.0988
   1  0.0988
   1 -0.0606
   1 -0.0606
   1  0.0631
   1  0.0631
   1  0.0082
   1  0.0082
   1  0.2486
   1  0.2486
   1  0.2486
   7 -0.2115
   6  0.4714
   6  0.1556
   8 -0.3892
   6 -0.4743
   6  0.6479
   8 -0.7165
   8 -0.7165
   1  0.1351
   1 -0.0962
   1  0.1378
   1  0.1378
   7 -0.1149
   6 -0.5794
   6  0.7078
   8 -0.5231
   1  0.2480
   1  0.2705
   1  0.2705
   7 -0.8067
   6  0.5797
   6  0.5365
   8 -0.6049
   6 -0.9943
   6  1.0334
   7 -0.9331
   8 -0.7033
   1  0.4288
   1 -0.1030
   1  0.3015
   1  0.3015
   1  0.3965
   1  0.3965
   7 -0.4366
   6  0.0123
   6  0.6304
   8 -0.6068
   1  0.3348
   1  0.1045
   1  0.1045
   7 -0.8932
   6  0.5552
   6 -0.1216
   8 -0.4357
   6 -0.6810
   6  0.3572
   6 -0.1801
   6 -0.1801
   6 -0.4181
   6 -0.4181
   6  0.5220
   8 -0.5781
   1  0.4217
   1 -0.0292
   1  0.2112
   1  0.2112
   1  0.1552
   1  0.1552
   1  0.2032
   1  0.2032
   1  0.4208
   7  0.0248
   6 -0.2175
   6  0.3757
   8 -0.4286
   6  0.3415
   6  0.0533
   6 -0.5363
   6 -0.1697
   1  0.2043
   1  0.1015
   1 -0.0557
   1  0.0037
   1  0.0037
   1  0.1372
   1  0.1372
   1  0.1372
   1  0.0498
   1  0.0498
   1  0.0498
   7 -0.1483
   6 -0.1263
   6  0.4088
   8 -0.5422
   6  0.1523
   8 -0.4656
   1  0.2915
   1  0.1567
   1  0.0135
   1  0.0135
   1  0.3728
   7 -0.1489
   6  0.1545
   6  0.3981
   8 -0.5508
   6 -0.2924
   1  0.1985
   1  0.0854
   1  0.1017
   1  0.1017
   1  0.1017
   7 -0.4209
   6  0.4402
   6  0.0763
   8 -0.4237
   6 -0.2904
   1  0.0163
   1 -0.0554
   1  0.1041
   1  0.1041
   1  0.1041
   7 -0.1127
   6  0.0167
   6  0.3036
   8 -0.5299
   6  0.3659
   6 -0.4101
   6  0.8713
   8 -0.7995
   8 -0.7995
   1  0.2562
   1  0.0689
   1 -0.1092
   1 -0.1092
   1  0.0499
   1  0.0499
   7 -0.1313
   6 -0.0588
   1  0.0686
   1  0.0686
   1  0.0686
   1  0.1891
  20  1.7895
   8 -0.6062
   1  0.3306
   1  0.3306
 rrms:    0.0495
