   6 -0.7412
   6  0.8817
   8 -0.6869
   1  0.2125
   1  0.2125
   1  0.2125
   7 -0.6562
   6  0.2553
   6  0.3281
   8 -0.5144
   6 -0.6015
   6  0.7741
   8 -0.7366
   8 -0.7366
   1  0.4243
   1  0.0325
   1  0.2037
   1  0.2037
   7 -0.4364
   6  0.1392
   6  0.5435
   8 -0.6075
   6  0.2472
   6  0.0225
   6 -0.0469
   6  0.4133
   7 -0.3208
   1  0.2026
   1  0.0588
   1 -0.0189
   1 -0.0189
   1 -0.0515
   1 -0.0515
   1  0.0187
   1  0.0187
   1 -0.0456
   1 -0.0456
   1  0.3125
   1  0.3125
   1  0.3125
   7 -0.7069
   6  0.7424
   6  0.1844
   8 -0.4324
   6 -0.7037
   6  0.8915
   8 -0.7762
   8 -0.7762
   1  0.2438
   1 -0.1085
   1  0.2402
   1  0.2402
   7 -0.2611
   6 -0.4258
   6  0.8725
   8 -0.6365
   1  0.1134
   1  0.1990
   1  0.1990
   7 -0.9434
   6  0.7935
   6  0.1036
   8 -0.5289
   6 -0.8158
   6  1.3009
   7 -1.0595
   8 -0.9215
   1  0.4728
   1 -0.1488
   1  0.1579
   1  0.1579
   1  0.4549
   1  0.4549
   7  0.0394
   6 -0.3113
   6  0.6578
   8 -0.5924
   1  0.1984
   1  0.1450
   1  0.1450
   7 -0.5343
   6  0.1247
   6  0.1058
   8 -0.4972
   6 -0.2128
   6  0.0675
   6 -0.1209
   6 -0.1209
   6 -0.3973
   6 -0.3973
   6  0.5239
   8 -0.5954
   1  0.3661
   1  0.0743
   1  0.0817
   1  0.0817
   1  0.1490
   1  0.1490
   1  0.1869
   1  0.1869
   1  0.4333
   7  0.0758
   6 -0.3672
   6  0.4900
   8 -0.4858
   6  0.3883
   6 -0.0240
   6 -0.6334
   6 -0.3134
   1  0.1647
   1  0.1969
   1 -0.0735
   1  0.1026
   1  0.1026
   1  0.1637
   1  0.1637
   1  0.1637
   1  0.0819
   1  0.0819
   1  0.0819
   7 -0.2530
   6  0.0284
   6  0.0897
   8 -0.4700
   6  0.2505
   8 -0.6247
   1  0.3495
   1  0.1092
   1  0.0080
   1  0.0080
   1  0.4377
   7  0.0607
   6  0.0619
   6  0.5531
   8 -0.5697
   6  0.0028
   1  0.1505
   1  0.0560
   1  0.0037
   1  0.0037
   1  0.0037
   7 -0.5608
   6  0.4133
   6  0.4632
   8 -0.5410
   6 -0.0878
   1  0.1412
   1 -0.0412
   1  0.0252
   1  0.0252
   1  0.0252
   7 -0.5539
   6  0.1770
   6  0.2197
   8 -0.5156
   6  0.0102
   6 -0.1966
   6  0.6221
   8 -0.7588
   8 -0.7588
   1  0.3185
   1  0.1137
   1 -0.0208
   1 -0.0208
   1  0.0777
   1  0.0777
   7 -0.2081
   6  0.0675
   1  0.0357
   1  0.0357
   1  0.0357
   1  0.2568
  20  1.9459
   8 -0.6352
   1  0.3261
   1  0.3261
 rrms:    0.0503
