   6 -0.4902
   6  0.7465
   8 -0.5867
   1  0.1538
   1  0.1538
   1  0.1538
   7 -0.6912
   6  0.1395
   6  0.4348
   8 -0.4621
   6 -0.2736
   6  0.4034
   8 -0.6173
   8 -0.6173
   1  0.4026
   1  0.1257
   1  0.1338
   1  0.1338
   7 -0.8481
   6 -0.2092
   6  0.9148
   8 -0.6824
   6  0.0286
   6 -0.0404
   6 -0.1240
   6  0.4433
   7 -0.3733
   1  0.3483
   1  0.0432
   1 -0.0026
   1 -0.0026
   1  0.0608
   1  0.0608
   1  0.1139
   1  0.1139
   1 -0.0784
   1 -0.0784
   1  0.3576
   1  0.3576
   1  0.3576
   7 -0.8275
   6  0.5341
   6  0.0515
   8 -0.4919
   6 -0.4900
   6  0.8908
   8 -0.7962
   8 -0.7962
   1  0.5938
   1 -0.0340
   1  0.1611
   1  0.1611
   7  0.0085
   6 -0.1631
   6  0.5013
   8 -0.5567
   1  0.0107
   1  0.0997
   1  0.0997
   7 -0.0957
   6 -0.2825
   6  0.6551
   8 -0.5998
   6 -0.0375
   6  0.5006
   7 -0.7427
   8 -0.4648
   1 -0.0096
   1  0.1749
   1  0.0554
   1  0.0554
   1  0.3736
   1  0.3736
   7 -0.2574
   6 -0.0895
   6  0.4235
   8 -0.5661
   1  0.2599
   1  0.1085
   1  0.1085
   7 -0.3166
   6  0.1926
   6  0.3914
   8 -0.4283
   6 -0.4961
   6  0.3742
   6 -0.3560
   6 -0.3560
   6 -0.1577
   6 -0.1577
   6  0.3371
   8 -0.5425
   1  0.1619
   1  0.0746
   1  0.1565
   1  0.1565
   1  0.1857
   1  0.1857
   1  0.1373
   1  0.1373
   1  0.4135
   7 -0.3427
   6 -0.3033
   6  1.0682
   8 -0.6810
   6  0.4157
   6 -0.1534
   6 -0.5815
   6 -0.0905
   1  0.2238
   1  0.1866
   1 -0.1305
   1  0.0600
   1  0.0600
   1  0.1165
   1  0.1165
   1  0.1165
   1  0.0534
   1  0.0534
   1  0.0534
   7 -0.8688
   6  0.3635
   6  0.1056
   8 -0.1524
   6 -0.2310
   8 -0.1866
   1  0.4610
   1  0.0158
   1  0.1195
   1  0.1195
   1  0.3667
   7 -0.2988
   6  0.1201
   6  0.5489
   8 -0.6050
   6 -0.1432
   1  0.3021
   1  0.0200
   1  0.0565
   1  0.0565
   1  0.0565
   7 -0.4555
   6  0.4371
   6 -0.1356
   8 -0.4243
   6 -0.3072
   1  0.3091
   1 -0.0252
   1  0.0961
   1  0.0961
   1  0.0961
   7  0.6370
   6 -0.5441
   6  0.6772
   8 -0.6611
   6  0.7665
   6 -1.5185
   6  1.5736
   8 -0.9528
   8 -0.9528
   1 -0.3749
   1  0.2544
   1 -0.2312
   1 -0.2312
   1  0.3704
   1  0.3704
   7 -0.1320
   6 -0.2338
   1  0.1071
   1  0.1071
   1  0.1071
   1 -0.0719
  20  1.6847
   8 -0.4826
   1  0.2901
   1  0.2901
 rrms:    0.0462
