   6 -0.5968
   6  0.7188
   8 -0.6214
   1  0.1877
   1  0.1877
   1  0.1877
   7 -0.8207
   6  0.5533
   6  0.1271
   8 -0.4047
   6 -1.1765
   6  1.1044
   8 -0.8741
   8 -0.8741
   1  0.5229
   1  0.0432
   1  0.3766
   1  0.3766
   7  0.0097
   6 -0.3816
   6  0.8637
   8 -0.6318
   6  0.4542
   6 -0.3083
   6 -0.1465
   6  0.4557
   7 -0.3764
   1 -0.0843
   1  0.1033
   1 -0.0832
   1 -0.0832
   1  0.0871
   1  0.0871
   1  0.0768
   1  0.0768
   1 -0.0435
   1 -0.0435
   1  0.3455
   1  0.3455
   1  0.3455
   7 -1.0521
   6  0.7199
   6  0.0701
   8 -0.4940
   6 -0.5286
   6  0.8696
   8 -0.7700
   8 -0.7700
   1  0.4865
   1 -0.1138
   1  0.1666
   1  0.1666
   7 -0.0741
   6 -0.2547
   6  0.6116
   8 -0.6477
   1  0.1811
   1  0.1376
   1  0.1376
   7 -0.3485
   6  0.1583
   6  0.2295
   8 -0.4969
   6 -0.4113
   6  0.6399
   7 -0.6307
   8 -0.7016
   1  0.1786
   1  0.0927
   1  0.1823
   1  0.1823
   1  0.3748
   1  0.3748
   7 -0.0827
   6 -0.3768
   6  0.6197
   8 -0.6188
   1  0.2712
   1  0.1837
   1  0.1837
   7 -0.4848
   6  0.0216
   6  0.8680
   8 -0.7928
   6 -0.2513
   6  0.2447
   6 -0.1629
   6 -0.1629
   6 -0.3234
   6 -0.3234
   6  0.4249
   8 -0.5088
   1  0.2410
   1  0.0371
   1  0.1170
   1  0.1170
   1  0.1514
   1  0.1514
   1  0.1571
   1  0.1571
   1  0.3922
   7 -0.7918
   6  0.0519
   6  0.5724
   8 -0.5249
   6  0.1167
   6 -0.2208
   6 -0.2362
   6 -0.1129
   1  0.3674
   1  0.2767
   1  0.0050
   1  0.0994
   1  0.0994
   1  0.0071
   1  0.0071
   1  0.0071
   1  0.0314
   1  0.0314
   1  0.0314
   7 -0.4451
   6  0.2035
   6  0.1186
   8 -0.1070
   6  0.0772
   8 -0.5083
   1  0.3132
   1  0.0589
   1  0.0809
   1  0.0809
   1  0.3771
   7 -0.3199
   6  0.1861
   6  0.4735
   8 -0.5669
   6 -0.5116
   1  0.3249
   1  0.0317
   1  0.1574
   1  0.1574
   1  0.1574
   7 -0.2692
   6  0.2519
   6 -0.0730
   8 -0.4184
   6 -0.0932
   1  0.2623
   1  0.0256
   1  0.0507
   1  0.0507
   1  0.0507
   7  0.6112
   6 -0.4152
   6  0.5791
   8 -0.6138
   6  0.3991
   6 -0.9656
   6  0.5283
   8 -0.5209
   8 -0.5209
   1 -0.5198
   1  0.2096
   1 -0.0935
   1 -0.0935
   1  0.2836
   1  0.2836
   7 -0.0703
   6 -0.2136
   1  0.1103
   1  0.1103
   1  0.1103
   1 -0.0918
  20  1.9761
   8 -0.7450
   1  0.3321
   1  0.3321
 rrms:    0.0507
