   6 -0.7805
   6  0.7714
   8 -0.6328
   1  0.2364
   1  0.2364
   1  0.2364
   7 -0.7066
   6  0.4506
   6  0.5052
   8 -0.5379
   6 -0.2614
   6  0.3499
   8 -0.6715
   8 -0.6715
   1  0.4350
   1 -0.1137
   1  0.1070
   1  0.1070
   7  0.1372
   6 -0.0445
   6  0.4400
   8 -0.5898
   6 -0.0218
   6 -0.2090
   6  0.2350
   6  0.1526
   7 -0.0758
   1 -0.1013
   1  0.0612
   1  0.0361
   1  0.0361
   1  0.0642
   1  0.0642
   1  0.0122
   1  0.0122
   1  0.0017
   1  0.0017
   1  0.2718
   1  0.2718
   1  0.2718
   7 -0.3466
   6  0.5778
   6 -0.0034
   8 -0.4388
   6 -0.6724
   6  0.8372
   8 -0.8169
   8 -0.8169
   1 -0.1797
   1 -0.0409
   1  0.1799
   1  0.1799
   7  0.2324
   6 -0.2592
   6  0.4295
   8 -0.5621
   1  0.0465
   1  0.1669
   1  0.1669
   7 -0.0242
   6 -0.2159
   6  0.4976
   8 -0.5999
   6 -0.0468
   6  0.3999
   7 -0.4375
   8 -0.5650
   1 -0.1665
   1  0.1636
   1  0.0672
   1  0.0672
   1  0.2708
   1  0.2708
   7 -0.0105
   6 -0.3944
   6  0.5659
   8 -0.6092
   1  0.2002
   1  0.1846
   1  0.1846
   7 -0.3843
   6 -0.0225
   6  0.6368
   8 -0.6217
   6 -0.2119
   6  0.0698
   6 -0.0860
   6 -0.0860
   6 -0.3469
   6 -0.3469
   6  0.5386
   8 -0.6062
   1  0.1625
   1  0.0940
   1  0.0795
   1  0.0795
   1  0.1576
   1  0.1576
   1  0.1537
   1  0.1537
   1  0.4375
   7 -0.6384
   6  0.0771
   6  0.5923
   8 -0.5531
   6  0.0722
   6  0.0631
   6 -0.2869
   6 -0.3951
   1  0.3235
   1 -0.0072
   1  0.0190
   1  0.0105
   1  0.0105
   1  0.0600
   1  0.0600
   1  0.0600
   1  0.1551
   1  0.1551
   1  0.1551
   7 -0.0596
   6 -0.0977
   6  0.2142
   8 -0.2062
   6  0.3553
   8 -0.5371
   1 -0.1215
   1  0.0660
   1 -0.0396
   1 -0.0396
   1  0.3329
   7 -0.1540
   6 -0.1493
   6  0.6291
   8 -0.6246
   6 -0.0407
   1  0.2917
   1  0.1399
   1  0.0303
   1  0.0303
   1  0.0303
   7 -0.5216
   6  0.2887
   6 -0.0488
   8 -0.4513
   6 -0.2206
   1  0.3514
   1  0.0113
   1  0.0890
   1  0.0890
   1  0.0890
   7  0.5033
   6 -0.5071
   6  0.5544
   8 -0.6371
   6  0.8635
   6 -0.9420
   6  1.0740
   8 -0.8917
   8 -0.8917
   1  0.0323
   1  0.1960
   1 -0.2722
   1 -0.2722
   1  0.2397
   1  0.2397
   7 -0.0975
   6  0.0041
   1  0.0386
   1  0.0386
   1  0.0386
   1 -0.0766
  20  2.5648
   8 -0.7284
   1  0.3459
   1  0.3459
 rrms:    0.0468
