   6 -0.3709
   6  0.6917
   8 -0.6263
   1  0.1218
   1  0.1218
   1  0.1218
   7 -0.7511
   6  0.4013
   6  0.2251
   8 -0.4589
   6 -0.5157
   6  0.5806
   8 -0.6962
   8 -0.6962
   1  0.4455
   1 -0.1505
   1  0.1900
   1  0.1900
   7  0.3214
   6 -1.1132
   6  1.2810
   8 -0.7705
   6  0.7209
   6 -0.4522
   6  0.1096
   6  0.5025
   7 -0.5374
   1 -0.0277
   1  0.3403
   1 -0.0891
   1 -0.0891
   1  0.1171
   1  0.1171
   1 -0.0433
   1 -0.0433
   1 -0.0594
   1 -0.0594
   1  0.4036
   1  0.4036
   1  0.4036
   7 -1.2881
   6  1.1536
   6 -0.1539
   8 -0.4463
   6 -1.1530
   6  1.1667
   8 -0.8855
   8 -0.8855
   1  0.4897
   1 -0.1604
   1  0.2886
   1  0.2886
   7  0.0269
   6 -0.1711
   6  0.4331
   8 -0.5747
   1  0.0928
   1  0.1352
   1  0.1352
   7 -0.0326
   6 -0.1323
   6  0.3877
   8 -0.5676
   6 -0.1924
   6  0.4230
   7 -0.3833
   8 -0.3479
   1  0.0306
   1  0.1308
   1  0.1263
   1  0.1263
   1  0.2418
   1  0.2418
   7  0.0023
   6 -0.3449
   6  0.5639
   8 -0.5934
   1  0.0837
   1  0.1656
   1  0.1656
   7 -0.3319
   6  0.0353
   6  0.5305
   8 -0.5623
   6 -0.4334
   6  0.2007
   6 -0.1814
   6 -0.1814
   6 -0.3900
   6 -0.3900
   6  0.4446
   8 -0.5704
   1  0.1234
   1  0.0971
   1  0.1595
   1  0.1595
   1  0.1548
   1  0.1548
   1  0.1935
   1  0.1935
   1  0.4287
   7 -0.4433
   6 -0.0681
   6  0.6982
   8 -0.5662
   6  0.0022
   6 -0.0223
   6 -0.1452
   6 -0.2542
   1  0.3163
   1  0.1351
   1  0.0265
   1  0.0627
   1  0.0627
   1  0.0123
   1  0.0123
   1  0.0123
   1  0.0873
   1  0.0873
   1  0.0873
   7 -0.2700
   6 -0.0194
   6  0.1915
   8 -0.2354
   6  0.3075
   8 -0.4920
   1  0.0516
   1  0.0378
   1 -0.0329
   1 -0.0329
   1  0.2776
   7 -0.1973
   6  0.1015
   6  0.5487
   8 -0.6361
   6 -0.2641
   1  0.3035
   1  0.0533
   1  0.0878
   1  0.0878
   1  0.0878
   7 -0.3878
   6  0.4369
   6 -0.1082
   8 -0.4312
   6 -0.3471
   1  0.2579
   1 -0.0284
   1  0.1200
   1  0.1200
   1  0.1200
   7  0.4523
   6 -0.1662
   6  0.3276
   8 -0.5467
   6  0.6566
   6 -0.7244
   6  0.7809
   8 -0.7223
   8 -0.7223
   1 -0.1292
   1  0.1554
   1 -0.2146
   1 -0.2146
   1  0.1657
   1  0.1657
   7 -0.0893
   6 -0.1628
   1  0.0955
   1  0.0955
   1  0.0955
   1 -0.0771
  20  2.2917
   8 -0.7941
   1  0.3942
   1  0.3942
 rrms:    0.0381
