   6 -0.6404
   6  0.7739
   8 -0.6215
   1  0.2014
   1  0.2014
   1  0.2014
   7 -0.7057
   6  0.6657
   6 -0.0492
   8 -0.4448
   6 -0.7047
   6  0.8642
   8 -0.7470
   8 -0.7470
   1  0.2412
   1 -0.0547
   1  0.1947
   1  0.1947
   7 -0.1342
   6 -0.5671
   6  0.8587
   8 -0.6238
   6  0.3715
   6 -0.3674
   6  0.2391
   6  0.0054
   7  0.0093
   1  0.2549
   1  0.1958
   1 -0.0301
   1 -0.0301
   1  0.0852
   1  0.0852
   1 -0.0399
   1 -0.0399
   1  0.0929
   1  0.0929
   1  0.2394
   1  0.2394
   1  0.2394
   7 -0.6723
   6  0.3946
   6  0.4540
   8 -0.5067
   6 -0.4675
   6  0.7277
   8 -0.7681
   8 -0.7681
   1  0.4324
   1 -0.0659
   1  0.1469
   1  0.1469
   7 -0.4109
   6 -0.1569
   6  0.8332
   8 -0.6385
   1  0.3303
   1  0.1344
   1  0.1344
   7 -1.0061
   6  0.7619
   6  0.4351
   8 -0.5440
   6 -0.8195
   6  1.2323
   7 -1.1033
   8 -0.7496
   1  0.3807
   1 -0.1791
   1  0.1949
   1  0.1949
   1  0.4595
   1  0.4595
   7 -0.3950
   6 -0.0122
   6  0.7744
   8 -0.6611
   1  0.3300
   1  0.1119
   1  0.1119
   7 -1.2050
   6  0.9912
   6 -0.1562
   8 -0.4630
   6 -0.9912
   6  0.7216
   6 -0.4650
   6 -0.4650
   6 -0.2251
   6 -0.2251
   6  0.3496
   8 -0.5367
   1  0.4694
   1 -0.0882
   1  0.2526
   1  0.2526
   1  0.2278
   1  0.2278
   1  0.1734
   1  0.1734
   1  0.4052
   7 -0.3378
   6 -0.2048
   6  0.7258
   8 -0.5714
   6  0.4188
   6 -0.2049
   6 -0.1223
   6 -0.1878
   1  0.3660
   1  0.0578
   1 -0.1284
   1  0.1718
   1  0.1718
   1  0.0148
   1  0.0148
   1  0.0148
   1  0.0528
   1  0.0528
   1  0.0528
   7 -0.2555
   6 -0.0318
   6  0.1135
   8 -0.4937
   6  0.3718
   8 -0.5471
   1  0.3186
   1  0.0740
   1 -0.0194
   1 -0.0194
   1  0.3549
   7 -0.0420
   6  0.0576
   6  0.5158
   8 -0.5570
   6 -0.1518
   1  0.1824
   1  0.0948
   1  0.0595
   1  0.0595
   1  0.0595
   7 -0.4679
   6  0.5019
   6 -0.0808
   8 -0.3241
   6 -0.4829
   1  0.0866
   1 -0.0774
   1  0.1387
   1  0.1387
   1  0.1387
   7  0.4100
   6 -0.6040
   6  0.6784
   8 -0.6021
   6  0.7076
   6 -1.1511
   6  1.1715
   8 -0.8852
   8 -0.8852
   1  0.1180
   1  0.2441
   1 -0.1835
   1 -0.1835
   1  0.2671
   1  0.2671
   7 -0.3780
   6  0.0390
   1  0.0355
   1  0.0355
   1  0.0355
   1  0.2796
  20  1.8032
   8 -0.5953
   1  0.3105
   1  0.3105
 rrms:    0.0524
