   6 -0.6223
   6  0.7424
   8 -0.7006
   1  0.1839
   1  0.1839
   1  0.1839
   7 -0.6980
   6  0.3544
   6  0.3763
   8 -0.5330
   6 -0.4435
   6  0.8732
   8 -0.6864
   8 -0.6864
   1  0.3773
   1 -0.0197
   1  0.0653
   1  0.0653
   7 -0.2053
   6 -0.0652
   6  0.2628
   8 -0.5205
   6  0.0419
   6  0.0535
   6  0.2202
   6  0.2100
   7 -0.2154
   1  0.3728
   1  0.1131
   1  0.0044
   1  0.0044
   1 -0.0249
   1 -0.0249
   1 -0.0088
   1 -0.0088
   1 -0.0520
   1 -0.0520
   1  0.2600
   1  0.2600
   1  0.2600
   7 -0.1343
   6 -0.0244
   6  0.4419
   8 -0.4931
   6 -0.3014
   6  0.4510
   8 -0.4974
   8 -0.4974
   1  0.1246
   1  0.0819
   1  0.1578
   1  0.1578
   7 -0.4024
   6  0.2362
   6  0.1701
   8 -0.5061
   1  0.3334
   1  0.0046
   1  0.0046
   7  0.1864
   6 -0.3843
   6  0.4308
   8 -0.5354
   6  0.0749
   6  0.4801
   7 -0.7083
   8 -0.4992
   1 -0.0185
   1  0.1862
   1  0.0231
   1  0.0231
   1  0.3748
   1  0.3748
   7 -0.2343
   6 -0.2564
   6  0.4149
   8 -0.6126
   1  0.2939
   1  0.1488
   1  0.1488
   7 -0.5099
   6  0.5450
   6  0.0574
   8 -0.4939
   6 -0.7366
   6  0.6273
   6 -0.4186
   6 -0.4186
   6 -0.1730
   6 -0.1730
   6  0.3027
   8 -0.5427
   1  0.3214
   1 -0.0338
   1  0.1895
   1  0.1895
   1  0.2085
   1  0.2085
   1  0.1547
   1  0.1547
   1  0.3938
   7  0.0249
   6 -0.4528
   6  0.6209
   8 -0.5556
   6  0.6780
   6 -0.2605
   6 -0.9930
   6  0.1044
   1  0.2060
   1  0.1488
   1 -0.2364
   1  0.0920
   1  0.0920
   1  0.2384
   1  0.2384
   1  0.2384
   1 -0.0213
   1 -0.0213
   1 -0.0213
   7 -0.1964
   6 -0.1695
   6  0.3968
   8 -0.5596
   6  0.3847
   8 -0.6629
   1  0.4453
   1  0.1484
   1 -0.0551
   1 -0.0551
   1  0.4342
   7 -0.3927
   6  0.1028
   6  0.3433
   8 -0.5442
   6 -0.0314
   1  0.3269
   1  0.0575
   1  0.0407
   1  0.0407
   1  0.0407
   7 -0.3506
   6  0.4342
   6  0.1208
   8 -0.4064
   6 -0.3801
   1  0.2593
   1 -0.0366
   1  0.1195
   1  0.1195
   1  0.1195
   7 -0.0956
   6 -0.3747
   6  0.5046
   8 -0.5565
   6  0.3451
   6 -0.9633
   6  0.9942
   8 -0.7782
   8 -0.7782
   1  0.2460
   1  0.1929
   1 -0.0365
   1 -0.0365
   1  0.2531
   1  0.2531
   7 -0.1471
   6  0.0228
   1  0.0457
   1  0.0457
   1  0.0457
   1  0.1610
  20  1.5216
   8 -0.7004
   1  0.3242
   1  0.3242
 rrms:    0.0565
