   6 -0.4428
   6  0.9569
   8 -0.7398
   1  0.1425
   1  0.1425
   1  0.1425
   7 -1.3335
   6  1.4569
   6  0.2042
   8 -0.4064
   6 -1.3614
   6  1.3448
   8 -0.9728
   8 -0.9728
   1  0.5703
   1 -0.2705
   1  0.3600
   1  0.3600
   7 -0.1832
   6  0.2624
   6  0.5214
   8 -0.5884
   6 -0.1359
   6  0.1511
   6 -0.1042
   6  0.2354
   7 -0.1948
   1  0.1627
   1 -0.0338
   1  0.0803
   1  0.0803
   1 -0.0339
   1 -0.0339
   1  0.0699
   1  0.0699
   1  0.0061
   1  0.0061
   1  0.2803
   1  0.2803
   1  0.2803
   7 -0.7569
   6  1.0582
   6 -0.5757
   8 -0.3698
   6 -0.8220
   6  1.1418
   8 -0.8268
   8 -0.8268
   1  0.2122
   1 -0.1005
   1  0.2316
   1  0.2316
   7  1.1144
   6 -0.9799
   6  0.8395
   8 -0.5579
   1 -0.9547
   1  0.3375
   1  0.3375
   7 -0.1916
   6 -0.3473
   6  0.8866
   8 -0.5312
   6  0.0123
   6  0.5838
   7 -0.8680
   8 -0.5833
   1  0.0262
   1  0.0937
   1  0.0313
   1  0.0313
   1  0.4194
   1  0.4194
   7 -0.6507
   6  0.0493
   6  0.4642
   8 -0.6266
   1  0.4133
   1  0.0745
   1  0.0745
   7 -0.2158
   6 -0.0760
   6  0.5464
   8 -0.5553
   6 -0.2728
   6  0.2702
   6 -0.2705
   6 -0.2705
   6 -0.2886
   6 -0.2886
   6  0.4322
   8 -0.5536
   1  0.2812
   1  0.0713
   1  0.0801
   1  0.0801
   1  0.1865
   1  0.1865
   1  0.1620
   1  0.1620
   1  0.4188
   7 -0.3696
   6 -0.0488
   6  0.3591
   8 -0.4199
   6  0.0830
   6 -0.0365
   6 -0.2889
   6 -0.2903
   1  0.2893
   1  0.1440
   1  0.0734
   1  0.0513
   1  0.0513
   1  0.0865
   1  0.0865
   1  0.0865
   1  0.0722
   1  0.0722
   1  0.0722
   7  0.0445
   6 -0.6394
   6  0.9207
   8 -0.6292
   6  0.5045
   8 -0.6397
   1 -0.0060
   1  0.2139
   1 -0.1386
   1 -0.1386
   1  0.4432
   7 -0.1306
   6  0.1831
   6  0.4591
   8 -0.5401
   6 -0.3208
   1  0.3989
   1  0.0642
   1  0.0812
   1  0.0812
   1  0.0812
   7 -0.6273
   6  0.3643
   6  0.4411
   8 -0.5483
   6 -0.2303
   1  0.3105
   1 -0.1597
   1  0.0735
   1  0.0735
   1  0.0735
   7 -0.4629
   6  0.0567
   6  0.6836
   8 -0.5719
   6  0.0994
   6 -0.3271
   6  0.6557
   8 -0.7581
   8 -0.7581
   1  0.2992
   1  0.0692
   1 -0.0003
   1 -0.0003
   1  0.0202
   1  0.0202
   7 -0.4043
   6 -0.0734
   1  0.0623
   1  0.0623
   1  0.0623
   1  0.2609
  20  1.8661
   8 -0.5208
   1  0.2813
   1  0.2813
 rrms:    0.0705
