   6 -0.5257
   6  0.5978
   8 -0.5778
   1  0.1664
   1  0.1664
   1  0.1664
   7 -0.5612
   6  0.3484
   6  0.0934
   8 -0.4150
   6 -0.4288
   6  0.4810
   8 -0.5827
   8 -0.5827
   1  0.3835
   1 -0.1285
   1  0.1929
   1  0.1929
   7  0.6809
   6 -1.0796
   6  1.0633
   8 -0.6999
   6  1.0267
   6 -0.6735
   6  0.1568
   6  0.1002
   7 -0.1152
   1 -0.1206
   1  0.3187
   1 -0.2283
   1 -0.2283
   1  0.1798
   1  0.1798
   1 -0.0068
   1 -0.0068
   1  0.0625
   1  0.0625
   1  0.2852
   1  0.2852
   1  0.2852
   7 -0.6480
   6  0.5680
   6  0.0415
   8 -0.4776
   6 -0.6400
   6  0.8449
   8 -0.7068
   8 -0.7068
   1 -0.1931
   1 -0.0223
   1  0.1923
   1  0.1923
   7  0.0372
   6 -0.1314
   6  0.4032
   8 -0.5577
   1  0.1514
   1  0.1417
   1  0.1417
   7 -0.0100
   6 -0.0574
   6  0.3744
   8 -0.4826
   6  0.0523
   6  0.3696
   7 -0.7191
   8 -0.2127
   1 -0.4216
   1  0.0927
   1  0.0258
   1  0.0258
   1  0.3806
   1  0.3806
   7 -0.1177
   6 -0.2777
   6  0.6133
   8 -0.6154
   1  0.2812
   1  0.1534
   1  0.1534
   7 -0.3140
   6 -0.0165
   6  0.2712
   8 -0.4967
   6 -0.5986
   6 -0.0463
   6  0.1301
   6  0.1301
   6 -0.6664
   6 -0.6664
   6  0.7972
   8 -0.6768
   1  0.2432
   1  0.0931
   1  0.2316
   1  0.2316
   1  0.1101
   1  0.1101
   1  0.2331
   1  0.2331
   1  0.4741
   7 -0.1107
   6 -0.1487
   6  0.4700
   8 -0.5608
   6  0.2357
   6 -0.0375
   6 -0.2382
   6 -0.2111
   1  0.2289
   1  0.1428
   1 -0.0085
   1  0.0533
   1  0.0533
   1  0.0330
   1  0.0330
   1  0.0330
   1  0.0566
   1  0.0566
   1  0.0566
   7 -0.1118
   6  0.0679
   6 -0.0206
   8  0.0173
   6  0.2349
   8 -0.5706
   1  0.1101
   1  0.0513
   1  0.0232
   1  0.0232
   1  0.3857
   7 -0.2333
   6  0.0923
   6  0.5530
   8 -0.6498
   6 -0.1990
   1  0.3368
   1  0.0934
   1  0.0615
   1  0.0615
   1  0.0615
   7 -0.5466
   6  0.4925
   6 -0.0518
   8 -0.4696
   6 -0.5384
   1  0.3343
   1 -0.0349
   1  0.1648
   1  0.1648
   1  0.1648
   7  0.3102
   6 -0.0942
   6  0.2723
   8 -0.5551
   6  0.6015
   6 -0.7432
   6  0.8989
   8 -0.7654
   8 -0.7654
   1  0.0520
   1  0.1218
   1 -0.1820
   1 -0.1820
   1  0.1396
   1  0.1396
   7 -0.0029
   6 -0.2306
   1  0.1018
   1  0.1018
   1  0.1018
   1 -0.1262
  20  1.6976
   8 -0.6869
   1  0.3241
   1  0.3241
 rrms:    0.0399
