   6 -0.4123
   6  0.6896
   8 -0.6270
   1  0.1350
   1  0.1350
   1  0.1350
   7 -0.6075
   6  0.4608
   6  0.3287
   8 -0.4845
   6 -0.7046
   6  0.7485
   8 -0.7241
   8 -0.7241
   1  0.3153
   1 -0.0508
   1  0.2368
   1  0.2368
   7 -0.3661
   6  0.0350
   6  0.5405
   8 -0.5707
   6 -0.1255
   6  0.1025
   6 -0.3206
   6  0.3930
   7 -0.2746
   1  0.1882
   1  0.0367
   1  0.0593
   1  0.0593
   1 -0.0071
   1 -0.0071
   1  0.1500
   1  0.1500
   1 -0.0190
   1 -0.0190
   1  0.3111
   1  0.3111
   1  0.3111
   7 -0.8335
   6  0.7610
   6  0.0547
   8 -0.4117
   6 -0.9419
   6  0.9680
   8 -0.7998
   8 -0.7998
   1  0.4684
   1 -0.0391
   1  0.2657
   1  0.2657
   7 -0.2765
   6  0.1121
   6  0.5521
   8 -0.6255
   1  0.2720
   1  0.0630
   1  0.0630
   7 -0.6804
   6  0.6783
   6  0.1089
   8 -0.4512
   6 -0.5014
   6  0.8414
   7 -0.9454
   8 -0.6634
   1  0.2840
   1 -0.0177
   1  0.1613
   1  0.1613
   1  0.4352
   1  0.4352
   7 -0.1459
   6  0.0780
   6  0.6713
   8 -0.6315
   1  0.1361
   1  0.0510
   1  0.0510
   7 -0.9290
   6  0.5930
   6  0.1167
   8 -0.5475
   6 -0.8277
   6  0.4345
   6 -0.2390
   6 -0.2390
   6 -0.3593
   6 -0.3593
   6  0.4673
   8 -0.5637
   1  0.4084
   1  0.0139
   1  0.2137
   1  0.2137
   1  0.1722
   1  0.1722
   1  0.1895
   1  0.1895
   1  0.4159
   7 -0.0918
   6 -0.4252
   6  0.6762
   8 -0.5308
   6  0.1576
   6 -0.2458
   6 -0.6088
   6 -0.0173
   1  0.2679
   1  0.2416
   1  0.0009
   1  0.1039
   1  0.1039
   1  0.1459
   1  0.1459
   1  0.1459
   1  0.0331
   1  0.0331
   1  0.0331
   7 -0.1887
   6 -0.2209
   6  0.5038
   8 -0.5608
   6  0.2677
   8 -0.5963
   1  0.4266
   1  0.1100
   1 -0.0317
   1 -0.0317
   1  0.4052
   7 -0.1615
   6  0.0817
   6  0.4479
   8 -0.5544
   6 -0.1797
   1  0.2343
   1  0.0781
   1  0.0591
   1  0.0591
   1  0.0591
   7 -0.5553
   6  0.5927
   6  0.5147
   8 -0.5657
   6 -0.2090
   1  0.2139
   1 -0.0906
   1  0.0580
   1  0.0580
   1  0.0580
   7 -0.7359
   6  0.5564
   6  0.0019
   8 -0.4361
   6 -0.0920
   6 -0.3071
   6  0.7013
   8 -0.7209
   8 -0.7209
   1  0.3488
   1  0.0020
   1 -0.0047
   1 -0.0047
   1  0.0745
   1  0.0745
   7  0.0185
   6 -0.1475
   1  0.0955
   1  0.0955
   1  0.0955
   1  0.1430
  20  1.7578
   8 -0.5558
   1  0.2874
   1  0.2874
 rrms:    0.0523
