   6 -0.6893
   6  0.8855
   8 -0.7002
   1  0.2062
   1  0.2062
   1  0.2062
   7 -0.8142
   6  0.8054
   6 -0.0029
   8 -0.4320
   6 -0.7796
   6  0.7458
   8 -0.6943
   8 -0.6943
   1  0.3824
   1 -0.1000
   1  0.2442
   1  0.2442
   7 -0.1939
   6 -0.2061
   6  0.6650
   8 -0.5830
   6  0.1365
   6 -0.1207
   6  0.0607
   6  0.2792
   7 -0.1214
   1  0.1394
   1  0.0677
   1  0.0117
   1  0.0117
   1  0.0770
   1  0.0770
   1  0.0338
   1  0.0338
   1 -0.0173
   1 -0.0173
   1  0.2833
   1  0.2833
   1  0.2833
   7 -1.0556
   6  0.8347
   6  0.3544
   8 -0.6105
   6 -1.1575
   6  0.8696
   8 -0.7280
   8 -0.7280
   1  0.5630
   1 -0.1629
   1  0.2933
   1  0.2933
   7  0.0240
   6 -0.2028
   6  0.6637
   8 -0.6163
   1  0.2187
   1  0.1098
   1  0.1098
   7 -0.5619
   6  0.7413
   6 -0.0537
   8 -0.3611
   6 -0.8709
   6  1.1703
   7 -1.1100
   8 -0.7267
   1  0.3155
   1 -0.1578
   1  0.2462
   1  0.2462
   1  0.4686
   1  0.4686
   7  0.0372
   6 -0.5277
   6  0.7478
   8 -0.6241
   1  0.1815
   1  0.2161
   1  0.2161
   7 -0.6342
   6  0.5126
   6 -0.0551
   8 -0.4619
   6 -0.5915
   6  0.4527
   6 -0.3839
   6 -0.3839
   6 -0.2236
   6 -0.2236
   6  0.3723
   8 -0.5745
   1  0.3557
   1 -0.0232
   1  0.1395
   1  0.1395
   1  0.2137
   1  0.2137
   1  0.1624
   1  0.1624
   1  0.4236
   7  0.0800
   6 -0.6704
   6  0.9548
   8 -0.6220
   6  0.6102
   6  0.0326
   6 -0.8120
   6  0.0364
   1  0.1206
   1  0.1853
   1 -0.1503
   1 -0.0379
   1 -0.0379
   1  0.2065
   1  0.2065
   1  0.2065
   1 -0.0196
   1 -0.0196
   1 -0.0196
   7 -0.2462
   6 -0.5848
   6  0.5712
   8 -0.5586
   6  0.5689
   8 -0.6280
   1  0.4543
   1  0.1996
   1 -0.0849
   1 -0.0849
   1  0.4039
   7 -0.3404
   6  0.2156
   6  0.4994
   8 -0.5841
   6 -0.1467
   1  0.3015
   1  0.0548
   1  0.0472
   1  0.0472
   1  0.0472
   7 -0.7315
   6  0.5821
   6  0.6442
   8 -0.6083
   6 -0.1972
   1  0.2282
   1 -0.0517
   1  0.0544
   1  0.0544
   1  0.0544
   7 -0.7631
   6  0.6617
   6 -0.0560
   8 -0.4654
   6 -0.0885
   6 -0.1129
   6  0.7533
   8 -0.7476
   8 -0.7476
   1  0.3449
   1 -0.0087
   1  0.0001
   1  0.0001
   1 -0.0239
   1 -0.0239
   7 -0.0213
   6 -0.0364
   1  0.0673
   1  0.0673
   1  0.0673
   1  0.1455
  20  1.5968
   8 -0.6181
   1  0.3239
   1  0.3239
 rrms:    0.0582
