   6 -0.4805
   6  0.7997
   8 -0.6774
   1  0.1522
   1  0.1522
   1  0.1522
   7 -0.8936
   6  0.5343
   6  0.3223
   8 -0.4874
   6 -0.6499
   6  0.6841
   8 -0.8227
   8 -0.8227
   1  0.4724
   1 -0.0839
   1  0.2515
   1  0.2515
   7  0.0270
   6 -0.4113
   6  0.6819
   8 -0.6415
   6  0.2642
   6 -0.0443
   6 -0.0394
   6  0.3026
   7 -0.2948
   1  0.0154
   1  0.1723
   1 -0.0861
   1 -0.0861
   1  0.0292
   1  0.0292
   1  0.0368
   1  0.0368
   1  0.0236
   1  0.0236
   1  0.3291
   1  0.3291
   1  0.3291
   7 -0.6195
   6  0.4294
   6 -0.0657
   8 -0.4628
   6 -0.4256
   6  0.8781
   8 -0.7657
   8 -0.7657
   1  0.2686
   1  0.0067
   1  0.1509
   1  0.1509
   7  0.0795
   6 -0.4889
   6  0.5558
   8 -0.6218
   1  0.1267
   1  0.2083
   1  0.2083
   7 -0.3452
   6  0.0154
   6  0.1681
   8 -0.4794
   6 -0.3114
   6  0.9106
   7 -0.9247
   8 -0.5824
   1  0.5066
   1  0.1228
   1  0.1279
   1  0.1279
   1  0.4224
   1  0.4224
   7  0.0358
   6 -0.2847
   6  0.5646
   8 -0.5910
   1  0.0769
   1  0.1551
   1  0.1551
   7 -0.1819
   6 -0.3587
   6  0.7069
   8 -0.5239
   6 -0.0561
   6  0.0750
   6 -0.1118
   6 -0.1118
   6 -0.4385
   6 -0.4385
   6  0.6010
   8 -0.6373
   1  0.0785
   1  0.1677
   1  0.0361
   1  0.0361
   1  0.1209
   1  0.1209
   1  0.1994
   1  0.1994
   1  0.4505
   7 -0.3546
   6 -0.0349
   6  0.6534
   8 -0.5824
   6  0.1295
   6 -0.0839
   6 -0.2769
   6 -0.2594
   1  0.2736
   1 -0.0436
   1 -0.0341
   1  0.0424
   1  0.0424
   1  0.0523
   1  0.0523
   1  0.0523
   1  0.1125
   1  0.1125
   1  0.1125
   7 -0.3788
   6  0.0730
   6  0.2243
   8 -0.2471
   6 -0.1317
   8 -0.4408
   1  0.2281
   1  0.0659
   1  0.1094
   1  0.1094
   1  0.4542
   7 -0.3962
   6  0.2636
   6  0.4850
   8 -0.5759
   6 -0.5494
   1  0.3820
   1  0.0084
   1  0.1695
   1  0.1695
   1  0.1695
   7 -0.3496
   6  0.3081
   6  0.0058
   8 -0.4733
   6 -0.0759
   1  0.3117
   1 -0.0138
   1  0.0394
   1  0.0394
   1  0.0394
   7  0.5121
   6 -0.2893
   6  0.4282
   8 -0.5540
   6  0.4685
   6 -1.0336
   6  0.9571
   8 -0.7320
   8 -0.7320
   1 -0.2451
   1  0.1962
   1 -0.0770
   1 -0.0770
   1  0.2921
   1  0.2921
   7 -0.1439
   6 -0.0350
   1  0.0589
   1  0.0589
   1  0.0589
   1 -0.1356
  20  1.7703
   8 -0.5927
   1  0.3050
   1  0.3050
 rrms:    0.0419
