   6 -0.7190
   6  0.9274
   8 -0.6872
   1  0.2044
   1  0.2044
   1  0.2044
   7 -0.8411
   6  0.5096
   6  0.1702
   8 -0.4534
   6 -0.6495
   6  0.7366
   8 -0.8166
   8 -0.8166
   1  0.4807
   1 -0.0704
   1  0.2365
   1  0.2365
   7 -0.3719
   6  0.1471
   6  0.2764
   8 -0.5500
   6 -0.1590
   6  0.0228
   6 -0.0648
   6  0.2616
   7  0.0483
   1  0.3571
   1  0.0232
   1  0.0737
   1  0.0737
   1  0.0399
   1  0.0399
   1  0.0436
   1  0.0436
   1 -0.0410
   1 -0.0410
   1  0.1806
   1  0.1806
   1  0.1806
   7 -0.0056
   6  0.0472
   6  0.0479
   8 -0.4032
   6 -0.3230
   6  0.6529
   8 -0.7280
   8 -0.7280
   1  0.0783
   1  0.1068
   1  0.1226
   1  0.1226
   7  0.2699
   6 -0.7339
   6  0.9841
   8 -0.6991
   1  0.1039
   1  0.2508
   1  0.2508
   7 -0.9558
   6  0.9807
   6  0.0464
   8 -0.4216
   6 -0.6382
   6  0.8706
   7 -0.8814
   8 -0.7448
   1  0.3472
   1 -0.1956
   1  0.2096
   1  0.2096
   1  0.4012
   1  0.4012
   7 -0.1500
   6 -0.2000
   6  0.5317
   8 -0.6034
   1  0.2261
   1  0.1522
   1  0.1522
   7 -0.2263
   6  0.1261
   6 -0.0233
   8 -0.4294
   6 -0.1744
   6 -0.1143
   6  0.0957
   6  0.0957
   6 -0.6072
   6 -0.6072
   6  0.7197
   8 -0.5649
   1  0.1699
   1  0.0537
   1  0.1382
   1  0.1382
   1  0.0754
   1  0.0754
   1  0.2272
   1  0.2272
   1  0.4087
   7 -0.0659
   6 -0.3437
   6  0.5654
   8 -0.4165
   6  0.1316
   6  0.0274
   6 -0.2883
   6 -0.1584
   1  0.2332
   1  0.1238
   1  0.0013
   1  0.0241
   1  0.0241
   1  0.0700
   1  0.0700
   1  0.0700
   1  0.0509
   1  0.0509
   1  0.0509
   7 -0.0906
   6 -0.7414
   6  0.8308
   8 -0.6147
   6  0.5094
   8 -0.5860
   1  0.2284
   1  0.2375
   1 -0.0800
   1 -0.0800
   1  0.4068
   7 -0.4048
   6  0.1543
   6  0.4037
   8 -0.5615
   6 -0.2585
   1  0.3305
   1  0.0960
   1  0.0865
   1  0.0865
   1  0.0865
   7 -0.5978
   6  0.6054
   6 -0.0631
   8 -0.4627
   6 -0.4117
   1  0.3544
   1 -0.0489
   1  0.1547
   1  0.1547
   1  0.1547
   7  0.1283
   6 -0.5169
   6  0.7405
   8 -0.6217
   6  0.1703
   6 -0.4360
   6  0.7728
   8 -0.7170
   8 -0.7170
   1  0.1859
   1  0.2333
   1 -0.0530
   1 -0.0530
   1  0.0826
   1  0.0826
   7 -0.4098
   6 -0.0152
   1  0.0470
   1  0.0470
   1  0.0470
   1  0.3711
  20  1.9362
   8 -0.6619
   1  0.3381
   1  0.3381
 rrms:    0.0443
