   6 -0.4882
   6  0.8265
   8 -0.6720
   1  0.1538
   1  0.1538
   1  0.1538
   7 -0.9594
   6  0.8817
   6 -0.0016
   8 -0.4349
   6 -0.8390
   6  0.9987
   8 -0.7190
   8 -0.7190
   1  0.3836
   1 -0.0455
   1  0.2466
   1  0.2466
   7 -0.0149
   6  0.0776
   6  0.1098
   8 -0.5006
   6  0.0668
   6 -0.1318
   6 -0.0132
   6  0.5083
   7 -0.2525
   1  0.1168
   1  0.0863
   1  0.0419
   1  0.0419
   1  0.0435
   1  0.0435
   1  0.0084
   1  0.0084
   1 -0.0921
   1 -0.0921
   1  0.3155
   1  0.3155
   1  0.3155
   7  0.0364
   6  0.0513
   6  0.4953
   8 -0.5429
   6 -0.3645
   6  0.7790
   8 -0.6620
   8 -0.6620
   1 -0.1254
   1  0.0948
   1  0.1302
   1  0.1302
   7 -0.8048
   6  0.6296
   6  0.1686
   8 -0.3554
   1  0.4252
   1 -0.0351
   1 -0.0351
   7 -0.4363
   6  0.5540
   6 -0.3760
   8 -0.4058
   6 -0.3905
   6  0.7618
   7 -0.8065
   8 -0.6311
   1  0.3502
   1 -0.0660
   1  0.1606
   1  0.1606
   1  0.3882
   1  0.3882
   7  0.4611
   6 -0.9237
   6  0.8260
   8 -0.6019
   1  0.1454
   1  0.2875
   1  0.2875
   7 -0.6140
   6  0.1410
   6  0.4325
   8 -0.5273
   6 -0.1891
   6  0.0084
   6 -0.0808
   6 -0.0808
   6 -0.4111
   6 -0.4111
   6  0.4749
   8 -0.5658
   1  0.4002
   1  0.0788
   1  0.0475
   1  0.0475
   1  0.1349
   1  0.1349
   1  0.1913
   1  0.1913
   1  0.4203
   7 -0.3106
   6 -0.1335
   6  0.3542
   8 -0.5316
   6  0.0847
   6  0.0043
   6 -0.1457
   6 -0.2002
   1  0.2397
   1  0.0610
   1  0.0052
   1  0.0522
   1  0.0522
   1  0.0414
   1  0.0414
   1  0.0414
   1  0.0627
   1  0.0627
   1  0.0627
   7 -0.0393
   6 -0.4627
   6  0.5799
   8 -0.5890
   6  0.5858
   8 -0.6412
   1  0.2498
   1  0.1664
   1 -0.1027
   1 -0.1027
   1  0.3679
   7 -0.1647
   6 -0.0941
   6  0.8355
   8 -0.6329
   6  0.1117
   1  0.2728
   1  0.0881
   1 -0.0204
   1 -0.0204
   1 -0.0204
   7 -1.1961
   6  0.6299
   6 -0.0007
   8 -0.4800
   6 -0.6222
   1  0.5173
   1  0.0049
   1  0.1969
   1  0.1969
   1  0.1969
   7 -0.0612
   6  0.0409
   6  0.4330
   8 -0.5552
   6  0.1307
   6 -0.3696
   6  0.3343
   8 -0.6109
   8 -0.6109
   1  0.2965
   1  0.0681
   1 -0.0229
   1 -0.0229
   1  0.1781
   1  0.1781
   7 -0.0926
   6 -0.1575
   1  0.0884
   1  0.0884
   1  0.0884
   1  0.0950
  20  1.2995
   8 -0.5686
   1  0.3092
   1  0.3092
 rrms:    0.0373
