   6 -0.6156
   6  0.7268
   8 -0.6091
   1  0.1835
   1  0.1835
   1  0.1835
   7 -0.5563
   6  0.0304
   6  0.6090
   8 -0.5780
   6 -0.1394
   6  0.0748
   8 -0.6045
   8 -0.6045
   1  0.3454
   1  0.0451
   1  0.1177
   1  0.1177
   7 -0.3313
   6 -0.0782
   6  0.5093
   8 -0.5959
   6  0.1227
   6 -0.1592
   6  0.0976
   6  0.3464
   7 -0.2860
   1  0.1723
   1  0.1120
   1 -0.0312
   1 -0.0312
   1  0.0602
   1  0.0602
   1  0.0039
   1  0.0039
   1 -0.0354
   1 -0.0354
   1  0.3290
   1  0.3290
   1  0.3290
   7 -0.6503
   6  0.6935
   6  0.0274
   8 -0.4820
   6 -0.5190
   6  0.9200
   8 -0.8011
   8 -0.8011
   1  0.2555
   1 -0.0709
   1  0.1485
   1  0.1485
   7  0.1034
   6 -0.1622
   6  0.5597
   8 -0.6185
   1  0.1148
   1  0.0964
   1  0.0964
   7 -0.3515
   6  0.3441
   6  0.2228
   8 -0.6147
   6 -0.5914
   6  0.7008
   7 -0.7544
   8 -0.6712
   1  0.1175
   1  0.0400
   1  0.2384
   1  0.2384
   1  0.4038
   1  0.4038
   7  0.0492
   6 -0.4801
   6  0.4223
   8 -0.5342
   1  0.1386
   1  0.2173
   1  0.2173
   7 -0.0987
   6 -0.3442
   6  1.0362
   8 -0.8167
   6  0.1605
   6 -0.1119
   6  0.0276
   6  0.0276
   6 -0.4015
   6 -0.4015
   6  0.5684
   8 -0.6388
   1  0.3000
   1  0.1916
   1 -0.0521
   1 -0.0521
   1  0.0913
   1  0.0913
   1  0.1703
   1  0.1703
   1  0.4740
   7 -0.9095
   6  0.2325
   6  0.4405
   8 -0.4986
   6  0.0865
   6  0.3311
   6 -0.1849
   6 -0.3114
   1  0.4080
   1  0.1334
   1  0.0078
   1 -0.0620
   1 -0.0620
   1 -0.0096
   1 -0.0096
   1 -0.0096
   1  0.0841
   1  0.0841
   1  0.0841
   7  0.2236
   6 -0.7131
   6  0.4927
   8 -0.2690
   6  0.7861
   8 -0.7939
   1 -0.2648
   1  0.2175
   1 -0.1448
   1 -0.1448
   1  0.4765
   7 -0.2268
   6  0.0030
   6  0.5567
   8 -0.6092
   6 -0.1257
   1  0.3459
   1  0.0568
   1  0.0507
   1  0.0507
   1  0.0507
   7 -0.4874
   6  0.4383
   6  0.0552
   8 -0.4875
   6 -0.4190
   1  0.3397
   1 -0.0172
   1  0.1402
   1  0.1402
   1  0.1402
   7  0.1942
   6 -0.0487
   6  0.2916
   8 -0.5322
   6  0.3424
   6 -0.5027
   6  0.5011
   8 -0.5452
   8 -0.5452
   1 -0.1792
   1  0.1252
   1 -0.0987
   1 -0.0987
   1  0.1751
   1  0.1751
   7 -0.0320
   6  0.0203
   1  0.0474
   1  0.0474
   1  0.0474
   1 -0.1050
  20  2.0544
   8 -0.7022
   1  0.3314
   1  0.3314
 rrms:    0.0465
