   6 -0.5198
   6  0.6493
   8 -0.6049
   1  0.1595
   1  0.1595
   1  0.1595
   7 -0.6043
   6  0.1993
   6  0.4151
   8 -0.4633
   6 -0.0662
   6  0.3454
   8 -0.6700
   8 -0.6700
   1  0.3890
   1 -0.1189
   1  0.0666
   1  0.0666
   7  0.1096
   6 -0.3403
   6  0.4802
   8 -0.5981
   6  0.3218
   6 -0.1075
   6 -0.0921
   6  0.2693
   7 -0.2367
   1  0.0805
   1  0.1392
   1 -0.0625
   1 -0.0625
   1  0.0808
   1  0.0808
   1  0.0379
   1  0.0379
   1  0.0021
   1  0.0021
   1  0.3164
   1  0.3164
   1  0.3164
   7 -0.3656
   6  0.7143
   6 -0.1014
   8 -0.4645
   6 -0.6620
   6  0.8128
   8 -0.7053
   8 -0.7053
   1  0.2010
   1 -0.0572
   1  0.1736
   1  0.1736
   7  0.2068
   6  0.0044
   6  0.2474
   8 -0.5254
   1 -0.4519
   1  0.1059
   1  0.1059
   7  0.0687
   6 -0.2028
   6  0.5097
   8 -0.5723
   6 -0.2029
   6  0.5512
   7 -0.7867
   8 -0.5558
   1  0.0692
   1  0.1973
   1  0.1200
   1  0.1200
   1  0.3790
   1  0.3790
   7 -0.1951
   6  0.0910
   6  0.2320
   8 -0.4760
   1  0.1620
   1  0.0502
   1  0.0502
   7  0.0336
   6 -0.3352
   6  0.9193
   8 -0.5521
   6 -0.0988
   6  0.0052
   6 -0.1233
   6 -0.1233
   6 -0.2877
   6 -0.2877
   6  0.4125
   8 -0.6164
   1  0.0578
   1  0.1739
   1  0.0514
   1  0.0514
   1  0.1326
   1  0.1326
   1  0.1702
   1  0.1702
   1  0.4582
   7 -0.7597
   6 -0.0527
   6  0.5557
   8 -0.5281
   6 -0.2137
   6 -0.0026
   6 -0.2068
   6 -0.2209
   1  0.5051
   1 -0.0245
   1  0.1063
   1  0.0335
   1  0.0335
   1  0.0733
   1  0.0733
   1  0.0733
   1  0.1394
   1  0.1394
   1  0.1394
   7 -0.0934
   6 -0.4040
   6  0.2630
   8 -0.1468
   6  0.4805
   8 -0.6397
   1 -0.0913
   1  0.1260
   1 -0.0547
   1 -0.0547
   1  0.5038
   7 -0.1873
   6  0.1166
   6  0.3773
   8 -0.5597
   6 -0.1722
   1  0.2962
   1  0.0482
   1  0.0619
   1  0.0619
   1  0.0619
   7 -0.2493
   6  0.3326
   6  0.0131
   8 -0.4650
   6 -0.3207
   1  0.2535
   1 -0.0274
   1  0.1089
   1  0.1089
   1  0.1089
   7  0.3550
   6 -0.3457
   6  0.5498
   8 -0.6105
   6  0.9322
   6 -0.7068
   6  0.8067
   8 -0.6549
   8 -0.6549
   1 -0.0876
   1  0.1448
   1 -0.2616
   1 -0.2616
   1  0.1664
   1  0.1664
   7 -0.2318
   6 -0.0409
   1  0.0446
   1  0.0446
   1  0.0446
   1 -0.0587
  20  1.9328
   8 -0.7294
   1  0.3561
   1  0.3561
 rrms:    0.0424
