   6 -0.6585
   6  0.8639
   8 -0.6758
   1  0.1932
   1  0.1932
   1  0.1932
   7 -0.8941
   6  0.5672
   6  0.3140
   8 -0.4397
   6 -0.8605
   6  0.8749
   8 -0.7758
   8 -0.7758
   1  0.4959
   1 -0.0159
   1  0.2643
   1  0.2643
   7 -0.5779
   6  0.2508
   6  0.2011
   8 -0.4893
   6 -0.2302
   6  0.3314
   6 -0.6296
   6  0.5542
   7 -0.1884
   1  0.2738
   1  0.0379
   1  0.1073
   1  0.1073
   1 -0.0425
   1 -0.0425
   1  0.1908
   1  0.1908
   1 -0.0747
   1 -0.0747
   1  0.2841
   1  0.2841
   1  0.2841
   7 -0.1563
   6  0.1806
   6  0.2835
   8 -0.4355
   6 -0.6366
   6  0.7239
   8 -0.7350
   8 -0.7350
   1  0.1239
   1  0.0045
   1  0.2072
   1  0.2072
   7 -0.2035
   6 -0.1619
   6  0.6804
   8 -0.5082
   1  0.2383
   1  0.1282
   1  0.1282
   7 -0.6912
   6  0.2676
   6  0.5325
   8 -0.5733
   6 -0.8182
   6  0.9205
   7 -0.8789
   8 -0.7491
   1  0.3459
   1 -0.0062
   1  0.2923
   1  0.2923
   1  0.4236
   1  0.4236
   7 -0.3466
   6 -0.0560
   6  0.4915
   8 -0.5463
   1  0.3472
   1  0.1080
   1  0.1080
   7 -0.4742
   6  0.3466
   6  0.1813
   8 -0.5316
   6 -0.5938
   6  0.4187
   6 -0.3296
   6 -0.3296
   6 -0.2677
   6 -0.2677
   6  0.3950
   8 -0.5737
   1  0.2849
   1  0.0344
   1  0.1650
   1  0.1650
   1  0.1844
   1  0.1844
   1  0.1790
   1  0.1790
   1  0.4190
   7 -0.2593
   6 -0.1454
   6  0.5113
   8 -0.4961
   6  0.5615
   6 -0.3420
   6 -0.5982
   6  0.3366
   1  0.2555
   1  0.0771
   1 -0.1183
   1  0.0658
   1  0.0658
   1  0.1421
   1  0.1421
   1  0.1421
   1 -0.0714
   1 -0.0714
   1 -0.0714
   7 -0.1389
   6 -0.1011
   6  0.2673
   8 -0.5174
   6  0.3603
   8 -0.6306
   1  0.2693
   1  0.1161
   1 -0.0378
   1 -0.0378
   1  0.4327
   7 -0.1808
   6  0.1035
   6  0.4092
   8 -0.5659
   6  0.0790
   1  0.2483
   1  0.0490
   1 -0.0073
   1 -0.0073
   1 -0.0073
   7 -0.3150
   6  0.3500
   6  0.3440
   8 -0.5272
   6 -0.2696
   1  0.0250
   1  0.0141
   1  0.0967
   1  0.0967
   1  0.0967
   7 -0.5085
   6 -0.0017
   6  0.4136
   8 -0.5265
   6  0.5333
   6 -0.8429
   6  1.1208
   8 -0.8850
   8 -0.8850
   1  0.3223
   1  0.1826
   1 -0.1281
   1 -0.1281
   1  0.1453
   1  0.1453
   7 -0.2519
   6 -0.0033
   1  0.0584
   1  0.0584
   1  0.0584
   1  0.2492
  20  1.8807
   8 -0.6734
   1  0.3302
   1  0.3302
 rrms:    0.0475
