   6 -0.6599
   6  0.9325
   8 -0.7092
   1  0.1957
   1  0.1957
   1  0.1957
   7 -0.9197
   6  0.6068
   6  0.3166
   8 -0.5360
   6 -0.8226
   6  0.7711
   8 -0.6982
   8 -0.6982
   1  0.4593
   1 -0.0661
   1  0.2882
   1  0.2882
   7 -0.4482
   6  0.2733
   6  0.4258
   8 -0.5359
   6 -0.1237
   6  0.1033
   6 -0.2929
   6  0.4569
   7 -0.3653
   1  0.1805
   1  0.0126
   1  0.0778
   1  0.0778
   1 -0.0306
   1 -0.0306
   1  0.1455
   1  0.1455
   1 -0.0513
   1 -0.0513
   1  0.3532
   1  0.3532
   1  0.3532
   7 -0.8131
   6  0.8801
   6 -0.3160
   8 -0.3773
   6 -0.9980
   6  1.1717
   8 -0.8208
   8 -0.8208
   1  0.3564
   1 -0.0614
   1  0.2835
   1  0.2835
   7  0.2694
   6 -0.5026
   6  0.9273
   8 -0.7269
   1  0.1255
   1  0.2024
   1  0.2024
   7 -1.0911
   6  1.1474
   6 -0.2260
   8 -0.2868
   6 -0.7565
   6  0.9692
   7 -0.9709
   8 -0.6745
   1  0.4303
   1 -0.2145
   1  0.2402
   1  0.2402
   1  0.4275
   1  0.4275
   7 -0.0224
   6 -0.4259
   6  0.7459
   8 -0.6867
   1  0.1626
   1  0.2095
   1  0.2095
   7 -0.8509
   6  0.4328
   6  0.1065
   8 -0.5428
   6 -0.4204
   6  0.3729
   6 -0.4113
   6 -0.4113
   6 -0.0248
   6 -0.0248
   6  0.0967
   8 -0.4707
   1  0.4073
   1  0.0367
   1  0.1988
   1  0.1988
   1  0.1552
   1  0.1552
   1  0.1015
   1  0.1015
   1  0.3783
   7 -0.1598
   6 -0.0989
   6  0.4629
   8 -0.5071
   6  0.3421
   6 -0.0230
   6 -0.4607
   6 -0.2827
   1  0.3136
   1  0.0927
   1 -0.1072
   1  0.0295
   1  0.0295
   1  0.0984
   1  0.0984
   1  0.0984
   1  0.0917
   1  0.0917
   1  0.0917
   7 -0.0094
   6 -0.1490
   6  0.4241
   8 -0.5379
   6  0.2709
   8 -0.6128
   1  0.2831
   1  0.0830
   1 -0.0467
   1 -0.0467
   1  0.4162
   7 -0.0241
   6 -0.1117
   6  0.6259
   8 -0.6097
   6 -0.0019
   1  0.2158
   1  0.1235
   1  0.0149
   1  0.0149
   1  0.0149
   7 -0.5973
   6  0.4987
   6  0.2675
   8 -0.4431
   6 -0.0969
   1  0.1207
   1 -0.0933
   1  0.0365
   1  0.0365
   1  0.0365
   7 -0.0807
   6 -0.4078
   6  0.5095
   8 -0.5458
   6  0.3370
   6 -0.5967
   6  0.7436
   8 -0.7242
   8 -0.7242
   1  0.2112
   1  0.2537
   1 -0.0740
   1 -0.0740
   1  0.1421
   1  0.1421
   7 -0.3381
   6  0.1274
   1  0.0184
   1  0.0184
   1  0.0184
   1  0.2717
  20  1.5760
   8 -0.6138
   1  0.3160
   1  0.3160
 rrms:    0.0460
