   6 -0.4164
   6  0.7818
   8 -0.6840
   1  0.1293
   1  0.1293
   1  0.1293
   7 -0.8735
   6  0.3800
   6  0.2064
   8 -0.4131
   6 -0.4006
   6  0.5242
   8 -0.7166
   8 -0.7166
   1  0.4790
   1 -0.1088
   1  0.1624
   1  0.1624
   7  0.6361
   6 -1.2646
   6  1.2169
   8 -0.7771
   6  1.0157
   6 -0.5719
   6 -0.0979
   6  0.5532
   7 -0.3487
   1  0.0288
   1  0.3342
   1 -0.2092
   1 -0.2092
   1  0.1747
   1  0.1747
   1  0.0186
   1  0.0186
   1 -0.0738
   1 -0.0738
   1  0.3436
   1  0.3436
   1  0.3436
   7 -1.0077
   6  0.8965
   6 -0.1586
   8 -0.4210
   6 -1.1045
   6  0.9895
   8 -0.7571
   8 -0.7571
   1  0.2530
   1 -0.0939
   1  0.2907
   1  0.2907
   7  0.0875
   6 -0.1676
   6  0.3986
   8 -0.5897
   1  0.1064
   1  0.1421
   1  0.1421
   7 -0.0375
   6  0.0629
   6  0.1722
   8 -0.4871
   6 -0.0364
   6  0.6005
   7 -0.9577
   8 -0.4927
   1  0.1612
   1  0.0893
   1  0.0430
   1  0.0430
   1  0.4516
   1  0.4516
   7  0.0343
   6 -0.4116
   6  0.5419
   8 -0.5842
   1  0.0546
   1  0.1820
   1  0.1820
   7 -0.3033
   6 -0.0983
   6  0.5731
   8 -0.5670
   6 -0.0950
   6 -0.0174
   6  0.0074
   6  0.0074
   6 -0.5365
   6 -0.5365
   6  0.6540
   8 -0.5954
   1  0.2933
   1  0.0984
   1  0.0495
   1  0.0495
   1  0.1354
   1  0.1354
   1  0.2207
   1  0.2207
   1  0.4321
   7 -0.6471
   6  0.0324
   6  0.4050
   8 -0.4664
   6  0.1102
   6 -0.0579
   6 -0.2588
   6 -0.3486
   1  0.3513
   1 -0.0561
   1  0.0593
   1  0.1309
   1  0.1309
   1  0.0359
   1  0.0359
   1  0.0359
   1  0.1041
   1  0.1041
   1  0.1041
   7  0.1801
   6 -0.7240
   6  0.6678
   8 -0.3775
   6  0.5711
   8 -0.7769
   1  0.3718
   1  0.2140
   1 -0.1044
   1 -0.1044
   1  0.3867
   7 -0.4342
   6  0.2456
   6  0.3507
   8 -0.5525
   6 -0.1913
   1  0.3791
   1 -0.0040
   1  0.0721
   1  0.0721
   1  0.0721
   7 -0.4741
   6  0.5195
   6 -0.2145
   8 -0.4283
   6 -0.5909
   1  0.3353
   1 -0.0259
   1  0.1820
   1  0.1820
   1  0.1820
   7  0.6091
   6 -0.2412
   6  0.4105
   8 -0.5639
   6  0.6324
   6 -0.5094
   6  0.6794
   8 -0.7084
   8 -0.7084
   1 -0.1387
   1  0.1379
   1 -0.2439
   1 -0.2439
   1  0.0748
   1  0.0748
   7 -0.0387
   6 -0.3820
   1  0.1461
   1  0.1461
   1  0.1461
   1 -0.0546
  20  1.9369
   8 -0.8085
   1  0.4002
   1  0.4002
 rrms:    0.0473
