   6 -0.6024
   6  0.7089
   8 -0.7062
   1  0.1846
   1  0.1846
   1  0.1846
   7 -0.6756
   6  0.3850
   6  0.2715
   8 -0.4984
   6 -0.3631
   6  0.8213
   8 -0.6761
   8 -0.6761
   1  0.3466
   1 -0.0448
   1  0.0717
   1  0.0717
   7  0.0179
   6 -0.6220
   6  0.7871
   8 -0.6479
   6  0.4110
   6 -0.2291
   6  0.2728
   6  0.1746
   7 -0.1309
   1  0.2744
   1  0.2318
   1 -0.0614
   1 -0.0614
   1  0.0766
   1  0.0766
   1 -0.0640
   1 -0.0640
   1  0.0295
   1  0.0295
   1  0.2388
   1  0.2388
   1  0.2388
   7 -0.8474
   6  0.7724
   6 -0.0812
   8 -0.3623
   6 -0.7430
   6  0.8572
   8 -0.7031
   8 -0.7031
   1  0.4113
   1 -0.1361
   1  0.2076
   1  0.2076
   7  0.1218
   6 -0.5936
   6  0.9186
   8 -0.7038
   1  0.1826
   1  0.2192
   1  0.2192
   7 -0.9737
   6  0.9970
   6 -0.1713
   8 -0.5064
   6 -0.7419
   6  1.0591
   7 -1.0228
   8 -0.7913
   1  0.4516
   1 -0.1508
   1  0.2195
   1  0.2195
   1  0.4657
   1  0.4657
   7  0.1663
   6 -0.4672
   6  0.5347
   8 -0.6083
   1  0.1125
   1  0.1819
   1  0.1819
   7 -0.5596
   6  0.7000
   6 -0.0113
   8 -0.5056
   6 -0.7108
   6  0.4857
   6 -0.2343
   6 -0.2343
   6 -0.3053
   6 -0.3053
   6  0.4365
   8 -0.5701
   1  0.2880
   1 -0.0989
   1  0.1938
   1  0.1938
   1  0.1611
   1  0.1611
   1  0.1735
   1  0.1735
   1  0.4026
   7 -0.0620
   6 -0.0230
   6  0.4806
   8 -0.5343
   6  0.3635
   6 -0.1242
   6 -0.5983
   6 -0.0335
   1  0.2596
   1  0.0567
   1 -0.0698
   1  0.0344
   1  0.0344
   1  0.1508
   1  0.1508
   1  0.1508
   1  0.0266
   1  0.0266
   1  0.0266
   7 -0.3941
   6  0.0228
   6  0.2920
   8 -0.5576
   6  0.1608
   8 -0.6017
   1  0.3708
   1  0.1022
   1  0.0299
   1  0.0299
   1  0.4218
   7 -0.4987
   6  0.2190
   6  0.3580
   8 -0.5494
   6 -0.4893
   1  0.3917
   1  0.0612
   1  0.1746
   1  0.1746
   1  0.1746
   7 -0.3337
   6  0.2456
   6  0.0692
   8 -0.3776
   6 -0.0545
   1  0.3112
   1  0.0148
   1  0.0365
   1  0.0365
   1  0.0365
   7 -0.1104
   6 -0.7734
   6  0.7495
   8 -0.6156
   6  0.8038
   6 -1.1452
   6  1.1927
   8 -0.8061
   8 -0.8061
   1  0.2860
   1  0.2692
   1 -0.1746
   1 -0.1746
   1  0.2836
   1  0.2836
   7 -0.3176
   6 -0.0390
   1  0.0686
   1  0.0686
   1  0.0686
   1  0.3253
  20  1.3885
   8 -0.5704
   1  0.3233
   1  0.3233
 rrms:    0.0526
