   6 -0.7342
   6  0.8197
   8 -0.6564
   1  0.2069
   1  0.2069
   1  0.2069
   7 -0.6118
   6  0.4126
   6  0.1787
   8 -0.4691
   6 -0.6803
   6  0.9119
   8 -0.7782
   8 -0.7782
   1  0.3877
   1 -0.0916
   1  0.2292
   1  0.2292
   7 -0.0267
   6 -0.0943
   6  0.3346
   8 -0.5692
   6  0.1324
   6  0.3097
   6 -0.4412
   6  0.7793
   7 -0.4776
   1  0.1191
   1  0.0633
   1  0.0189
   1  0.0189
   1  0.0150
   1  0.0150
   1  0.1008
   1  0.1008
   1 -0.1430
   1 -0.1430
   1  0.3049
   1  0.3049
   1  0.3049
   7 -0.3439
   6  0.3632
   6 -0.0159
   8 -0.4348
   6 -0.5830
   6  0.9694
   8 -0.7970
   8 -0.7970
   1 -0.0387
   1  0.0927
   1  0.1818
   1  0.1818
   7  0.0795
   6 -0.4694
   6  0.5509
   8 -0.5983
   1  0.1246
   1  0.2338
   1  0.2338
   7 -0.2172
   6  0.1354
   6  0.3181
   8 -0.4316
   6 -0.1657
   6  0.6461
   7 -0.8108
   8 -0.5489
   1  0.0962
   1 -0.0012
   1  0.0759
   1  0.0759
   1  0.4169
   1  0.4169
   7 -0.2768
   6 -0.2272
   6  0.4901
   8 -0.6372
   1  0.2996
   1  0.1579
   1  0.1579
   7 -0.0823
   6  0.1657
   6  0.4081
   8 -0.6843
   6 -0.2328
   6  0.3097
   6 -0.2992
   6 -0.2992
   6 -0.2303
   6 -0.2303
   6  0.3241
   8 -0.5271
   1  0.1016
   1  0.0111
   1  0.0776
   1  0.0776
   1  0.1803
   1  0.1803
   1  0.1534
   1  0.1534
   1  0.3943
   7 -0.3958
   6 -0.0952
   6  0.6568
   8 -0.5445
   6  0.2429
   6 -0.0178
   6 -0.2313
   6 -0.2544
   1  0.2536
   1  0.1902
   1  0.0368
   1  0.0458
   1  0.0458
   1  0.0547
   1  0.0547
   1  0.0547
   1  0.0482
   1  0.0482
   1  0.0482
   7 -0.3870
   6 -0.1863
   6  0.5705
   8 -0.5650
   6  0.0661
   8 -0.3477
   1  0.1279
   1  0.1567
   1 -0.0047
   1 -0.0047
   1  0.3614
   7 -0.2208
   6 -0.1802
   6  0.7890
   8 -0.6100
   6  0.1631
   1  0.3557
   1  0.1826
   1 -0.0298
   1 -0.0298
   1 -0.0298
   7 -0.8654
   6  0.5045
   6  0.3717
   8 -0.5348
   6 -0.4823
   1  0.4076
   1 -0.0672
   1  0.1543
   1  0.1543
   1  0.1543
   7 -0.4245
   6 -0.1564
   6  0.7370
   8 -0.5564
   6  0.0132
   6 -0.5897
   6  0.8181
   8 -0.7402
   8 -0.7402
   1  0.3123
   1  0.0986
   1  0.0243
   1  0.0243
   1  0.0960
   1  0.0960
   7 -0.5413
   6  0.2323
   1 -0.0113
   1 -0.0113
   1 -0.0113
   1  0.4068
  20  1.9187
   8 -0.8105
   1  0.3631
   1  0.3631
 rrms:    0.0537
