   6 -0.6345
   6  0.8912
   8 -0.6917
   1  0.1928
   1  0.1928
   1  0.1928
   7 -0.8186
   6  0.4591
   6  0.5935
   8 -0.6102
   6 -0.3047
   6  0.7409
   8 -0.7652
   8 -0.7652
   1  0.4190
   1 -0.1204
   1  0.1008
   1  0.1008
   7 -0.6075
   6  0.4055
   6  0.0150
   8 -0.4805
   6 -0.0889
   6  0.0297
   6 -0.2989
   6  0.4163
   7 -0.3205
   1  0.2177
   1 -0.0196
   1  0.1217
   1  0.1217
   1 -0.0219
   1 -0.0219
   1  0.1226
   1  0.1226
   1 -0.0399
   1 -0.0399
   1  0.3405
   1  0.3405
   1  0.3405
   7 -0.0500
   6 -0.0090
   6  0.2383
   8 -0.4712
   6 -0.2465
   6  0.9510
   8 -0.8433
   8 -0.8433
   1  0.0777
   1  0.1211
   1  0.0893
   1  0.0893
   7 -0.0631
   6 -0.2002
   6  0.3837
   8 -0.5709
   1  0.0998
   1  0.1556
   1  0.1556
   7 -0.1249
   6  0.0343
   6  0.0827
   8 -0.4660
   6 -0.1273
   6  0.3234
   7 -0.4791
   8 -0.4684
   1  0.1474
   1  0.1199
   1  0.1058
   1  0.1058
   1  0.3853
   1  0.3853
   7  0.2712
   6 -0.5457
   6  0.8289
   8 -0.6572
   1  0.0075
   1  0.1964
   1  0.1964
   7 -0.3758
   6 -0.1552
   6  0.4973
   8 -0.5576
   6 -0.2559
   6 -0.0861
   6  0.1122
   6  0.1122
   6 -0.7122
   6 -0.7122
   6  0.6986
   8 -0.6153
   1  0.1982
   1  0.1162
   1  0.1200
   1  0.1200
   1  0.1081
   1  0.1081
   1  0.2671
   1  0.2671
   1  0.4536
   7 -0.4472
   6 -0.0439
   6  0.5040
   8 -0.5320
   6  0.0473
   6  0.0408
   6 -0.2591
   6 -0.2936
   1  0.2975
   1  0.0845
   1  0.0374
   1  0.0678
   1  0.0678
   1  0.0620
   1  0.0620
   1  0.0620
   1  0.0803
   1  0.0803
   1  0.0803
   7 -0.1030
   6 -0.4483
   6  0.5865
   8 -0.2337
   6  0.5618
   8 -0.7244
   1  0.0108
   1  0.1410
   1 -0.0842
   1 -0.0842
   1  0.4421
   7 -0.4975
   6  0.1644
   6  0.4029
   8 -0.5860
   6 -0.1628
   1  0.3809
   1  0.0399
   1  0.0648
   1  0.0648
   1  0.0648
   7 -0.2333
   6  0.2038
   6  0.1548
   8 -0.5245
   6 -0.1952
   1  0.2993
   1  0.0316
   1  0.0813
   1  0.0813
   1  0.0813
   7  0.1334
   6 -0.0201
   6  0.2227
   8 -0.5229
   6  0.5142
   6 -0.6729
   6  0.8525
   8 -0.7040
   8 -0.7040
   1 -0.1683
   1  0.1017
   1 -0.1654
   1 -0.1654
   1  0.2025
   1  0.2025
   7 -0.0551
   6 -0.0020
   1  0.0443
   1  0.0443
   1  0.0443
   1  0.0020
  20  1.9150
   8 -0.6455
   1  0.3226
   1  0.3226
 rrms:    0.0460
