   6 -0.5587
   6  0.6729
   8 -0.6546
   1  0.1715
   1  0.1715
   1  0.1715
   7 -0.4991
   6  0.1632
   6  0.6305
   8 -0.4829
   6  0.0077
   6 -0.0598
   8 -0.6550
   8 -0.6550
   1  0.3383
   1  0.0722
   1  0.0372
   1  0.0372
   7  0.1461
   6 -0.6327
   6  1.1230
   8 -0.7783
   6  0.5494
   6 -0.5046
   6  0.1654
   6  0.2298
   7 -0.2828
   1  0.0178
   1  0.2164
   1 -0.1616
   1 -0.1616
   1  0.2145
   1  0.2145
   1 -0.0137
   1 -0.0137
   1  0.0270
   1  0.0270
   1  0.3216
   1  0.3216
   1  0.3216
   7 -0.9857
   6  1.1457
   6 -0.6907
   8 -0.3375
   6 -1.0778
   6  1.0079
   8 -0.7454
   8 -0.7454
   1  0.3500
   1 -0.0926
   1  0.2946
   1  0.2946
   7  0.8290
   6 -0.6325
   6  0.8139
   8 -0.6398
   1 -0.7016
   1  0.2423
   1  0.2423
   7 -0.3089
   6  0.0426
   6  0.3190
   8 -0.5377
   6 -0.4132
   6  0.4114
   7 -0.7696
   8 -0.3359
   1  0.3035
   1  0.0935
   1  0.1856
   1  0.1856
   1  0.3900
   1  0.3900
   7 -0.1671
   6 -0.2663
   6  0.4105
   8 -0.5474
   1  0.1953
   1  0.1431
   1  0.1431
   7  0.1320
   6 -0.7982
   6  1.1208
   8 -0.7466
   6  0.1859
   6  0.2251
   6 -0.3386
   6 -0.3386
   6 -0.1381
   6 -0.1381
   6  0.2733
   8 -0.5416
   1  0.1833
   1  0.2506
   1 -0.0540
   1 -0.0540
   1  0.1976
   1  0.1976
   1  0.1464
   1  0.1464
   1  0.4020
   7 -0.7916
   6  0.2930
   6  0.3777
   8 -0.5088
   6  0.0556
   6  0.3497
   6 -0.0835
   6 -0.3110
   1  0.4196
   1 -0.0655
   1 -0.0042
   1 -0.0758
   1 -0.0758
   1 -0.0184
   1 -0.0184
   1 -0.0184
   1  0.0801
   1  0.0801
   1  0.0801
   7  0.0566
   6  0.0155
   6  0.2135
   8 -0.1711
   6  0.3211
   8 -0.5549
   1  0.0463
   1  0.0172
   1 -0.0331
   1 -0.0331
   1  0.3338
   7 -0.3201
   6  0.1415
   6  0.3704
   8 -0.5607
   6 -0.0512
   1  0.2989
   1  0.0074
   1  0.0227
   1  0.0227
   1  0.0227
   7 -0.4507
   6  0.3944
   6 -0.1230
   8 -0.3932
   6 -0.4590
   1  0.3393
   1 -0.0208
   1  0.1433
   1  0.1433
   1  0.1433
   7  0.6044
   6 -0.5539
   6  0.6140
   8 -0.6089
   6  1.1338
   6 -1.2842
   6  1.2184
   8 -0.8818
   8 -0.8818
   1  0.0076
   1  0.2017
   1 -0.4328
   1 -0.4328
   1  0.3438
   1  0.3438
   7 -0.2797
   6  0.0176
   1  0.0391
   1  0.0391
   1  0.0391
   1  0.0534
  20  2.0287
   8 -0.6256
   1  0.3210
   1  0.3210
 rrms:    0.0479
