   6 -0.5443
   6  0.6661
   8 -0.6300
   1  0.1675
   1  0.1675
   1  0.1675
   7 -0.5023
   6  0.1727
   6  0.5906
   8 -0.5755
   6 -0.2401
   6  0.7190
   8 -0.7328
   8 -0.7328
   1  0.3049
   1  0.0600
   1  0.0134
   1  0.0134
   7 -0.3477
   6  0.0706
   6  0.5136
   8 -0.5829
   6 -0.2444
   6  0.0419
   6 -0.1197
   6  0.4530
   7 -0.3609
   1  0.1996
   1  0.0450
   1  0.1215
   1  0.1215
   1 -0.0101
   1 -0.0101
   1  0.0913
   1  0.0913
   1 -0.0775
   1 -0.0775
   1  0.3466
   1  0.3466
   1  0.3466
   7 -0.5508
   6  0.7270
   6 -0.0485
   8 -0.4803
   6 -0.7628
   6  0.9545
   8 -0.7902
   8 -0.7902
   1  0.3295
   1 -0.0289
   1  0.1969
   1  0.1969
   7  0.2116
   6 -0.5088
   6  0.8124
   8 -0.6455
   1 -0.0582
   1  0.2010
   1  0.2010
   7 -0.5699
   6  0.1403
   6  0.4399
   8 -0.5373
   6 -0.3121
   6  0.6830
   7 -0.8331
   8 -0.5624
   1  0.3537
   1  0.0516
   1  0.1787
   1  0.1787
   1  0.4020
   1  0.4020
   7 -0.3659
   6  0.1856
   6  0.1526
   8 -0.5599
   1  0.3120
   1  0.0531
   1  0.0531
   7  0.1771
   6 -0.1357
   6  0.7568
   8 -0.6139
   6  0.0824
   6 -0.0527
   6 -0.0949
   6 -0.0949
   6 -0.3858
   6 -0.3858
   6  0.4992
   8 -0.5540
   1 -0.1714
   1  0.1449
   1 -0.0470
   1 -0.0470
   1  0.1395
   1  0.1395
   1  0.1897
   1  0.1897
   1  0.4229
   7 -0.3428
   6 -0.3161
   6  0.8981
   8 -0.6434
   6  0.7754
   6 -0.2269
   6 -0.3489
   6 -0.0539
   1  0.1198
   1  0.0599
   1 -0.3496
   1  0.0435
   1  0.0435
   1  0.0934
   1  0.0934
   1  0.0934
   1  0.0095
   1  0.0095
   1  0.0095
   7 -0.6350
   6  0.0797
   6  0.3081
   8 -0.4968
   6  0.3464
   8 -0.5924
   1  0.4138
   1  0.0994
   1 -0.0016
   1 -0.0016
   1  0.3757
   7 -0.4053
   6 -0.0525
   6  0.8414
   8 -0.6408
   6 -0.2169
   1  0.3135
   1  0.1165
   1  0.0859
   1  0.0859
   1  0.0859
   7 -0.6559
   6  0.4443
   6 -0.0881
   8 -0.4370
   6 -0.3110
   1  0.2825
   1  0.0433
   1  0.0883
   1  0.0883
   1  0.0883
   7  0.5556
   6 -1.0142
   6  1.1681
   8 -0.6792
   6  0.7957
   6 -1.0604
   6  1.2438
   8 -0.9143
   8 -0.9143
   1 -0.0807
   1  0.3081
   1 -0.2425
   1 -0.2425
   1  0.2772
   1  0.2772
   7 -0.6140
   6  0.0416
   1  0.0305
   1  0.0305
   1  0.0305
   1  0.3872
  20  1.7590
   8 -0.6272
   1  0.3258
   1  0.3258
 rrms:    0.0439
