   6 -0.4745
   6  0.8174
   8 -0.6812
   1  0.1461
   1  0.1461
   1  0.1461
   7 -0.7164
   6  0.3329
   6  0.1485
   8 -0.4488
   6 -0.2772
   6  0.5920
   8 -0.6693
   8 -0.6693
   1  0.3275
   1  0.0386
   1  0.0878
   1  0.0878
   7  0.0376
   6 -0.1840
   6  0.5974
   8 -0.5655
   6  0.1956
   6 -0.1739
   6 -0.0479
   6  0.4549
   7 -0.2955
   1  0.0401
   1  0.0867
   1 -0.0123
   1 -0.0123
   1  0.0611
   1  0.0611
   1  0.0238
   1  0.0238
   1 -0.0566
   1 -0.0566
   1  0.2991
   1  0.2991
   1  0.2991
   7 -0.7268
   6  0.8839
   6  0.1748
   8 -0.5283
   6 -0.8280
   6  1.1010
   8 -0.8413
   8 -0.8413
   1  0.3766
   1 -0.0931
   1  0.2005
   1  0.2005
   7 -0.4517
   6  0.4392
   6  0.1723
   8 -0.4583
   1  0.1881
   1  0.0167
   1  0.0167
   7 -0.2154
   6  0.2849
   6 -0.0003
   8 -0.4276
   6 -0.6776
   6  0.9512
   7 -0.9101
   8 -0.6877
   1  0.3493
   1 -0.1768
   1  0.2344
   1  0.2344
   1  0.4294
   1  0.4294
   7 -0.1468
   6  0.0073
   6  0.4694
   8 -0.6021
   1  0.2733
   1  0.0655
   1  0.0655
   7 -0.2930
   6 -0.0908
   6  0.8011
   8 -0.6590
   6  0.0740
   6 -0.0238
   6 -0.0717
   6 -0.0717
   6 -0.3784
   6 -0.3784
   6  0.4714
   8 -0.5469
   1  0.2256
   1  0.1541
   1 -0.0029
   1 -0.0029
   1  0.1322
   1  0.1322
   1  0.1770
   1  0.1770
   1  0.4060
   7 -0.8346
   6  0.1236
   6  0.9287
   8 -0.6037
   6 -0.1258
   6  0.6928
   6 -0.3626
   6 -0.4865
   1  0.3537
   1  0.0078
   1 -0.1226
   1 -0.1263
   1 -0.1263
   1  0.0840
   1  0.0840
   1  0.0840
   1  0.1056
   1  0.1056
   1  0.1056
   7 -0.6917
   6  0.1001
   6  0.5837
   8 -0.5350
   6  0.0620
   8 -0.4465
   1  0.4134
   1  0.1562
   1  0.0390
   1  0.0390
   1  0.3147
   7 -0.9389
   6  0.4799
   6  0.2319
   8 -0.4583
   6 -0.3027
   1  0.4461
   1  0.0168
   1  0.1081
   1  0.1081
   1  0.1081
   7 -0.4593
   6  0.3593
   6  0.0692
   8 -0.4437
   6 -0.1386
   1  0.2554
   1  0.0408
   1  0.0455
   1  0.0455
   1  0.0455
   7  0.1117
   6 -0.4654
   6  0.9569
   8 -0.6485
   6  0.2703
   6 -0.5525
   6  0.9364
   8 -0.7895
   8 -0.7895
   1  0.0268
   1  0.1179
   1 -0.0753
   1 -0.0753
   1  0.1827
   1  0.1827
   7 -0.4885
   6 -0.0450
   1  0.0607
   1  0.0607
   1  0.0607
   1  0.3448
  20  1.8171
   8 -0.5675
   1  0.3179
   1  0.3179
 rrms:    0.0479
