   6 -0.6312
   6  0.7592
   8 -0.7084
   1  0.1900
   1  0.1900
   1  0.1900
   7 -0.5058
   6  0.1886
   6  0.5797
   8 -0.5791
   6 -0.8104
   6  0.9967
   8 -0.8074
   8 -0.8074
   1  0.2434
   1  0.2110
   1  0.2119
   1  0.2119
   7 -0.5848
   6  0.6075
   6  0.2161
   8 -0.4596
   6 -0.3496
   6 -0.2296
   6 -0.1337
   6  0.2920
   7 -0.0778
   1  0.3044
   1 -0.0796
   1  0.1778
   1  0.1778
   1  0.0751
   1  0.0751
   1  0.0946
   1  0.0946
   1 -0.0059
   1 -0.0059
   1  0.2672
   1  0.2672
   1  0.2672
   7 -0.3132
   6  0.4456
   6  0.1618
   8 -0.4937
   6 -0.7339
   6  0.9719
   8 -0.7576
   8 -0.7576
   1  0.1076
   1  0.0125
   1  0.2243
   1  0.2243
   7  0.0240
   6 -0.1765
   6  0.7320
   8 -0.6326
   1 -0.1220
   1  0.0954
   1  0.0954
   7 -0.6933
   6  0.6004
   6  0.0981
   8 -0.4849
   6 -0.6710
   6  0.8016
   7 -0.8502
   8 -0.6201
   1  0.3970
   1 -0.1589
   1  0.2777
   1  0.2777
   1  0.4034
   1  0.4034
   7 -0.1299
   6 -0.1322
   6  0.8748
   8 -0.6276
   1  0.2766
   1  0.0982
   1  0.0982
   7 -1.0294
   6  0.5230
   6  0.6097
   8 -0.5567
   6 -0.2034
   6  0.0637
   6 -0.0477
   6 -0.0477
   6 -0.4201
   6 -0.4201
   6  0.4794
   8 -0.5323
   1  0.3838
   1 -0.0691
   1  0.0887
   1  0.0887
   1  0.1088
   1  0.1088
   1  0.1861
   1  0.1861
   1  0.3995
   7 -0.9302
   6  0.6217
   6  0.1829
   8 -0.4878
   6 -0.1916
   6  0.0141
   6  0.1711
   6 -0.1654
   1  0.2733
   1 -0.0549
   1  0.0944
   1  0.0164
   1  0.0164
   1 -0.0633
   1 -0.0633
   1 -0.0633
   1  0.0486
   1  0.0486
   1  0.0486
   7  0.1567
   6 -0.3571
   6  0.5627
   8 -0.6077
   6  0.4629
   8 -0.6972
   1  0.2440
   1  0.2289
   1 -0.0674
   1 -0.0674
   1  0.4413
   7 -0.2994
   6  0.0480
   6  0.5367
   8 -0.4434
   6 -0.0375
   1  0.0890
   1  0.0833
   1  0.0419
   1  0.0419
   1  0.0419
   7 -0.8554
   6  0.5438
   6 -0.0167
   8 -0.4489
   6 -0.4688
   1  0.4182
   1  0.0126
   1  0.1452
   1  0.1452
   1  0.1452
   7  0.1934
   6 -0.3667
   6  0.5987
   8 -0.5796
   6  0.6337
   6 -1.0551
   6  1.0639
   8 -0.7536
   8 -0.7536
   1  0.1435
   1  0.1424
   1 -0.1940
   1 -0.1940
   1  0.2753
   1  0.2753
   7 -0.3255
   6  0.0275
   1  0.0414
   1  0.0414
   1  0.0414
   1  0.2710
  20  1.6721
   8 -0.4091
   1  0.1564
   1  0.1564
 rrms:    0.0483
