   6 -0.5885
   6  0.7831
   8 -0.6789
   1  0.1773
   1  0.1773
   1  0.1773
   7 -0.9279
   6  0.4480
   6  0.5370
   8 -0.5378
   6 -0.4989
   6  0.8521
   8 -0.9504
   8 -0.9504
   1  0.4708
   1 -0.1005
   1  0.2084
   1  0.2084
   7 -0.0410
   6 -0.5890
   6  0.7851
   8 -0.6620
   6  0.4819
   6 -0.1673
   6  0.0128
   6  0.2385
   7 -0.2267
   1  0.1620
   1  0.1613
   1 -0.1005
   1 -0.1005
   1  0.0559
   1  0.0559
   1  0.0369
   1  0.0369
   1  0.0118
   1  0.0118
   1  0.3084
   1  0.3084
   1  0.3084
   7 -0.7522
   6  0.7071
   6 -0.0703
   8 -0.4345
   6 -0.7740
   6  0.9184
   8 -0.7717
   8 -0.7717
   1  0.4466
   1 -0.0508
   1  0.2048
   1  0.2048
   7  0.0839
   6 -0.2174
   6  0.4358
   8 -0.6026
   1 -0.0415
   1  0.1363
   1  0.1363
   7 -0.2322
   6  0.0156
   6  0.3402
   8 -0.5268
   6 -0.2522
   6  0.5696
   7 -0.8000
   8 -0.3373
   1  0.2109
   1  0.1099
   1  0.1329
   1  0.1329
   1  0.4133
   1  0.4133
   7 -0.2349
   6 -0.1436
   6  0.5061
   8 -0.6211
   1  0.3421
   1  0.1177
   1  0.1177
   7 -0.2312
   6 -0.0108
   6  0.2826
   8 -0.3522
   6 -0.2904
   6 -0.0903
   6  0.1464
   6  0.1464
   6 -0.6412
   6 -0.6412
   6  0.7382
   8 -0.5810
   1  0.1389
   1  0.1161
   1  0.1298
   1  0.1298
   1  0.0799
   1  0.0799
   1  0.2206
   1  0.2206
   1  0.4243
   7 -0.3055
   6  0.0004
   6  0.6315
   8 -0.5708
   6  0.1386
   6 -0.2157
   6 -0.3055
   6  0.0324
   1  0.2349
   1  0.0749
   1 -0.0444
   1  0.0773
   1  0.0773
   1  0.0732
   1  0.0732
   1  0.0732
   1  0.0317
   1  0.0317
   1  0.0317
   7 -0.2983
   6  0.0127
   6  0.2663
   8 -0.2363
   6  0.0647
   8 -0.2936
   1  0.3856
   1  0.0911
   1  0.0022
   1  0.0022
   1  0.3190
   7 -0.3574
   6  0.1482
   6  0.5056
   8 -0.6081
   6 -0.3022
   1  0.3465
   1  0.0512
   1  0.0987
   1  0.0987
   1  0.0987
   7 -0.4113
   6  0.3668
   6 -0.1650
   8 -0.4167
   6 -0.3163
   1  0.3263
   1 -0.0086
   1  0.1097
   1  0.1097
   1  0.1097
   7  0.6654
   6 -0.3725
   6  0.5334
   8 -0.5764
   6  0.7639
   6 -0.8838
   6  0.8214
   8 -0.7601
   8 -0.7601
   1 -0.2900
   1  0.1238
   1 -0.2912
   1 -0.2912
   1  0.2313
   1  0.2313
   7 -0.1743
   6 -0.0915
   1  0.0690
   1  0.0690
   1  0.0690
   1 -0.0244
  20  1.7931
   8 -0.7203
   1  0.3266
   1  0.3266
 rrms:    0.0392
