   6 -0.5486
   6  0.7130
   8 -0.6535
   1  0.1730
   1  0.1730
   1  0.1730
   7 -0.5887
   6  0.2176
   6  0.3527
   8 -0.4752
   6 -0.1218
   6  0.3532
   8 -0.7701
   8 -0.7701
   1  0.3662
   1  0.0409
   1  0.0785
   1  0.0785
   7  0.1234
   6 -0.4580
   6  0.7691
   8 -0.7021
   6  0.4237
   6 -0.2812
   6  0.1717
   6  0.2553
   7 -0.3524
   1 -0.0786
   1  0.1785
   1 -0.0511
   1 -0.0511
   1  0.0729
   1  0.0729
   1 -0.0263
   1 -0.0263
   1  0.0112
   1  0.0112
   1  0.3516
   1  0.3516
   1  0.3516
   7 -0.6578
   6  1.0393
   6 -0.5165
   8 -0.3572
   6 -1.0930
   6  1.1036
   8 -0.8289
   8 -0.8289
   1  0.2512
   1 -0.0890
   1  0.2770
   1  0.2770
   7  0.4551
   6 -0.2616
   6  0.4912
   8 -0.5806
   1 -0.1671
   1  0.1482
   1  0.1482
   7 -0.0640
   6 -0.3174
   6  0.5434
   8 -0.5927
   6 -0.0749
   6  0.0817
   7 -0.6306
   8 -0.0415
   1  0.1277
   1  0.1763
   1  0.1308
   1  0.1308
   1  0.3647
   1  0.3647
   7 -0.2744
   6 -0.0417
   6  0.4005
   8 -0.5675
   1  0.2577
   1  0.0783
   1  0.0783
   7 -0.0502
   6 -0.3934
   6  0.8127
   8 -0.6113
   6 -0.0018
   6 -0.0767
   6  0.0461
   6  0.0461
   6 -0.5143
   6 -0.5143
   6  0.6268
   8 -0.5745
   1  0.0053
   1  0.1793
   1  0.0105
   1  0.0105
   1  0.1299
   1  0.1299
   1  0.1936
   1  0.1936
   1  0.4319
   7 -0.5969
   6 -0.3442
   6  0.8378
   8 -0.6280
   6  0.3740
   6 -0.0440
   6 -0.5196
   6 -0.2378
   1  0.3457
   1  0.1560
   1 -0.0348
   1  0.0781
   1  0.0781
   1  0.1118
   1  0.1118
   1  0.1118
   1  0.0622
   1  0.0622
   1  0.0622
   7 -0.3453
   6 -0.0665
   6  0.3673
   8 -0.3369
   6  0.4154
   8 -0.5766
   1  0.1992
   1  0.0312
   1 -0.0632
   1 -0.0632
   1  0.3916
   7 -0.3878
   6  0.2759
   6  0.3688
   8 -0.5815
   6 -0.1740
   1  0.3254
   1 -0.0241
   1  0.0662
   1  0.0662
   1  0.0662
   7 -0.4326
   6  0.3673
   6  0.0026
   8 -0.4712
   6 -0.4159
   1  0.3036
   1  0.0051
   1  0.1335
   1  0.1335
   1  0.1335
   7  0.3147
   6 -0.0470
   6  0.2882
   8 -0.5138
   6  0.5052
   6 -0.7015
   6  0.9737
   8 -0.8458
   8 -0.8458
   1  0.1317
   1  0.0483
   1 -0.1988
   1 -0.1988
   1  0.1422
   1  0.1422
   7 -0.0810
   6 -0.1853
   1  0.0989
   1  0.0989
   1  0.0989
   1  0.0348
  20  2.1704
   8 -0.8057
   1  0.3729
   1  0.3729
 rrms:    0.0422
