   6 -0.5455
   6  0.7287
   8 -0.6349
   1  0.1699
   1  0.1699
   1  0.1699
   7 -0.6549
   6  0.6655
   6  0.1691
   8 -0.4703
   6 -0.8001
   6  0.8388
   8 -0.7325
   8 -0.7325
   1  0.3582
   1 -0.0597
   1  0.2113
   1  0.2113
   7 -0.3971
   6  0.1177
   6  0.4714
   8 -0.5498
   6 -0.0102
   6 -0.0156
   6 -0.1065
   6  0.3821
   7 -0.1639
   1  0.2696
   1  0.0592
   1  0.0523
   1  0.0523
   1  0.0533
   1  0.0533
   1  0.0576
   1  0.0576
   1 -0.0573
   1 -0.0573
   1  0.2472
   1  0.2472
   1  0.2472
   7 -0.5519
   6  0.7943
   6  0.0977
   8 -0.4814
   6 -0.6968
   6  0.8143
   8 -0.7347
   8 -0.7347
   1  0.2157
   1 -0.0912
   1  0.1860
   1  0.1860
   7 -0.1284
   6 -0.0242
   6  0.5347
   8 -0.5822
   1 -0.0069
   1  0.1193
   1  0.1193
   7 -0.4655
   6  0.3231
   6  0.1009
   8 -0.4841
   6 -0.6244
   6  0.8871
   7 -0.9862
   8 -0.5990
   1  0.3291
   1 -0.0367
   1  0.2519
   1  0.2519
   1  0.4590
   1  0.4590
   7  0.0077
   6 -0.1804
   6  0.3603
   8 -0.5686
   1  0.2039
   1  0.1230
   1  0.1230
   7 -0.0801
   6  0.1055
   6  0.5558
   8 -0.5317
   6 -0.0160
   6  0.0204
   6 -0.0693
   6 -0.0693
   6 -0.4624
   6 -0.4624
   6  0.5512
   8 -0.5394
   1 -0.0860
   1  0.0717
   1 -0.0005
   1 -0.0005
   1  0.1265
   1  0.1265
   1  0.2136
   1  0.2136
   1  0.3978
   7 -0.4477
   6 -0.2003
   6  0.9174
   8 -0.6415
   6  0.0384
   6  0.2376
   6 -0.1523
   6 -0.4384
   1  0.2581
   1  0.0008
   1 -0.0580
   1  0.0017
   1  0.0017
   1  0.0521
   1  0.0521
   1  0.0521
   1  0.1223
   1  0.1223
   1  0.1223
   7 -0.6679
   6 -0.0617
   6  0.4922
   8 -0.5189
   6  0.4118
   8 -0.6164
   1  0.4256
   1  0.1715
   1 -0.0362
   1 -0.0362
   1  0.4105
   7 -0.8122
   6  0.6794
   6  0.1370
   8 -0.4373
   6 -0.3169
   1  0.3578
   1 -0.0993
   1  0.0890
   1  0.0890
   1  0.0890
   7 -0.0777
   6 -0.0493
   6  0.3174
   8 -0.4872
   6 -0.1106
   1  0.1812
   1  0.1201
   1  0.0469
   1  0.0469
   1  0.0469
   7 -0.0809
   6 -0.6177
   6  0.8438
   8 -0.6291
   6  0.4791
   6 -0.6258
   6  0.9598
   8 -0.8264
   8 -0.8264
   1  0.1633
   1  0.1484
   1 -0.0167
   1 -0.0167
   1  0.1182
   1  0.1182
   7 -0.4186
   6 -0.0491
   1  0.0581
   1  0.0581
   1  0.0581
   1  0.3337
  20  1.8354
   8 -0.6557
   1  0.3281
   1  0.3281
 rrms:    0.0433
