   6 -0.4731
   6  0.7671
   8 -0.6627
   1  0.1499
   1  0.1499
   1  0.1499
   7 -0.6342
   6  0.0677
   6  0.2049
   8 -0.4796
   6 -0.2450
   6  0.5416
   8 -0.6853
   8 -0.6853
   1  0.3805
   1  0.1392
   1  0.1373
   1  0.1373
   7  0.0714
   6 -0.1903
   6  0.7497
   8 -0.6403
   6  0.2207
   6 -0.0742
   6 -0.0949
   6  0.4887
   7 -0.4543
   1  0.0610
   1  0.0769
   1 -0.0413
   1 -0.0413
   1  0.0177
   1  0.0177
   1  0.0499
   1  0.0499
   1 -0.0699
   1 -0.0699
   1  0.3757
   1  0.3757
   1  0.3757
   7 -0.7522
   6  0.6548
   6  0.0278
   8 -0.4634
   6 -0.7136
   6  0.7843
   8 -0.7207
   8 -0.7207
   1  0.2268
   1 -0.0542
   1  0.1928
   1  0.1928
   7  0.0782
   6 -0.4568
   6  0.6044
   8 -0.6132
   1  0.0729
   1  0.2059
   1  0.2059
   7 -0.3467
   6  0.3366
   6  0.1312
   8 -0.4911
   6 -0.5315
   6  0.6732
   7 -0.6931
   8 -0.5172
   1  0.0819
   1  0.0178
   1  0.1987
   1  0.1987
   1  0.3687
   1  0.3687
   7  0.0033
   6 -0.5029
   6  0.7756
   8 -0.6578
   1  0.2203
   1  0.1836
   1  0.1836
   7 -0.5865
   6  0.1428
   6  0.6144
   8 -0.7490
   6 -0.3793
   6  0.0341
   6  0.0358
   6  0.0358
   6 -0.5694
   6 -0.5694
   6  0.6944
   8 -0.6071
   1  0.3766
   1  0.0450
   1  0.1246
   1  0.1246
   1  0.1333
   1  0.1333
   1  0.2088
   1  0.2088
   1  0.4403
   7 -0.5140
   6 -0.1973
   6  0.5887
   8 -0.5511
   6  0.2685
   6 -0.0575
   6 -0.5269
   6 -0.1318
   1  0.2691
   1  0.0777
   1 -0.0347
   1  0.0656
   1  0.0656
   1  0.1191
   1  0.1191
   1  0.1191
   1  0.0388
   1  0.0388
   1  0.0388
   7 -0.1169
   6 -0.5036
   6  0.5428
   8 -0.3942
   6  0.2447
   8 -0.6013
   1  0.3458
   1  0.1716
   1  0.0097
   1  0.0097
   1  0.3976
   7 -0.4381
   6  0.1725
   6  0.4570
   8 -0.6071
   6 -0.4111
   1  0.3864
   1  0.0514
   1  0.1285
   1  0.1285
   1  0.1285
   7 -0.2631
   6  0.0344
   6  0.2601
   8 -0.5108
   6 -0.0469
   1  0.2719
   1  0.0645
   1  0.0269
   1  0.0269
   1  0.0269
   7  0.1240
   6 -0.1669
   6  0.3950
   8 -0.5664
   6 -0.2160
   6 -0.1798
   6  0.4127
   8 -0.5384
   8 -0.5384
   1  0.1996
   1  0.1492
   1  0.0707
   1  0.0707
   1  0.0979
   1  0.0979
   7 -0.1002
   6 -0.0612
   1  0.0614
   1  0.0614
   1  0.0614
   1 -0.0088
  20  1.9165
   8 -0.6814
   1  0.3456
   1  0.3456
 rrms:    0.0454
