   6 -0.6801
   6  0.5873
   8 -0.4918
   1  0.2016
   1  0.2016
   1  0.2016
   7 -0.3099
   6  0.0491
   6  0.3825
   8 -0.4037
   6 -0.1452
   6  0.1031
   8 -0.7143
   8 -0.7143
   1  0.3475
   1 -0.0536
   1  0.1471
   1  0.1471
   7  0.0547
   6  0.0803
   6  0.1204
   8 -0.5578
   6  0.1118
   6 -0.3573
   6 -0.0400
   6  0.4362
   7 -0.5151
   1 -0.0482
   1  0.1023
   1 -0.0109
   1 -0.0109
   1  0.1539
   1  0.1539
   1  0.0548
   1  0.0548
   1 -0.0177
   1 -0.0177
   1  0.3837
   1  0.3837
   1  0.3837
   7  0.0078
   6  0.3411
   6  0.0307
   8 -0.4380
   6 -0.4177
   6  0.9431
   8 -0.7985
   8 -0.7985
   1 -0.0915
   1  0.0437
   1  0.1221
   1  0.1221
   7  0.1489
   6 -0.0873
   6  0.1918
   8 -0.4696
   1 -0.1550
   1  0.1364
   1  0.1364
   7  0.1856
   6 -0.3685
   6  0.7563
   8 -0.6043
   6  0.4457
   6 -0.0300
   7 -0.6488
   8 -0.3107
   1 -0.2272
   1  0.1991
   1 -0.0468
   1 -0.0468
   1  0.3789
   1  0.3789
   7 -0.3493
   6 -0.0706
   6  0.4521
   8 -0.6125
   1  0.2242
   1  0.1157
   1  0.1157
   7 -0.2277
   6 -0.0265
   6  0.4250
   8 -0.4737
   6 -0.3798
   6  0.4025
   6 -0.3577
   6 -0.3577
   6 -0.1925
   6 -0.1925
   6  0.3353
   8 -0.5537
   1  0.3095
   1  0.0718
   1  0.1413
   1  0.1413
   1  0.2099
   1  0.2099
   1  0.1471
   1  0.1471
   1  0.4109
   7 -0.3916
   6 -0.0231
   6  0.7622
   8 -0.5754
   6  0.0266
   6  0.0394
   6 -0.1660
   6 -0.2563
   1  0.2241
   1  0.0088
   1  0.0426
   1  0.0580
   1  0.0580
   1  0.0394
   1  0.0394
   1  0.0394
   1  0.0720
   1  0.0720
   1  0.0720
   7 -0.3831
   6 -0.0114
   6  0.5213
   8 -0.3801
   6  0.2615
   8 -0.5870
   1  0.1084
   1  0.0707
   1 -0.0137
   1 -0.0137
   1  0.4409
   7 -0.6758
   6  0.5204
   6  0.1952
   8 -0.5522
   6 -0.3271
   1  0.3841
   1 -0.0618
   1  0.0940
   1  0.0940
   1  0.0940
   7 -0.2252
   6  0.1289
   6  0.0765
   8 -0.4570
   6 -0.3052
   1  0.2838
   1  0.0603
   1  0.1099
   1  0.1099
   1  0.1099
   7  0.4189
   6 -0.6300
   6  0.6629
   8 -0.6221
   6  0.9877
   6 -0.8860
   6  0.8751
   8 -0.7711
   8 -0.7711
   1  0.0463
   1  0.2772
   1 -0.3353
   1 -0.3353
   1  0.2242
   1  0.2242
   7 -0.2582
   6 -0.0259
   1  0.0525
   1  0.0525
   1  0.0525
   1  0.0508
  20  2.0760
   8 -0.6220
   1  0.2977
   1  0.2977
 rrms:    0.0406
