   6 -0.5657
   6  0.8658
   8 -0.7235
   1  0.1702
   1  0.1702
   1  0.1702
   7 -0.8881
   6  0.9058
   6  0.0405
   8 -0.4557
   6 -0.9018
   6  0.9871
   8 -0.8803
   8 -0.8803
   1  0.4390
   1 -0.1742
   1  0.2716
   1  0.2716
   7 -0.4522
   6  0.5199
   6  0.0593
   8 -0.5271
   6 -0.2871
   6  0.2941
   6 -0.2322
   6  0.3935
   7 -0.1257
   1  0.2879
   1 -0.0212
   1  0.0747
   1  0.0747
   1 -0.0714
   1 -0.0714
   1  0.0989
   1  0.0989
   1 -0.0683
   1 -0.0683
   1  0.2441
   1  0.2441
   1  0.2441
   7 -0.2309
   6  0.5887
   6 -0.1550
   8 -0.3982
   6 -0.7455
   6  1.0926
   8 -0.8940
   8 -0.8940
   1  0.2334
   1  0.0070
   1  0.1821
   1  0.1821
   7  0.1286
   6 -0.5565
   6  0.6348
   8 -0.6050
   1  0.1326
   1  0.2296
   1  0.2296
   7 -0.2577
   6  0.4538
   6 -0.1184
   8 -0.3530
   6 -0.7573
   6  0.9260
   7 -1.0130
   8 -0.6673
   1  0.2737
   1 -0.0914
   1  0.2158
   1  0.2158
   1  0.4625
   1  0.4625
   7  0.2624
   6 -0.6205
   6  0.8558
   8 -0.6529
   1  0.1990
   1  0.2163
   1  0.2163
   7 -0.6568
   6  0.4348
   6  0.2729
   8 -0.6604
   6 -0.3378
   6  0.1251
   6 -0.1224
   6 -0.1224
   6 -0.3998
   6 -0.3998
   6  0.5102
   8 -0.5873
   1  0.3936
   1 -0.0537
   1  0.0892
   1  0.0892
   1  0.1288
   1  0.1288
   1  0.1951
   1  0.1951
   1  0.4285
   7 -0.1868
   6 -0.4208
   6  0.8414
   8 -0.5363
   6  0.1702
   6 -0.0854
   6 -0.2298
   6 -0.2558
   1  0.2501
   1  0.1803
   1  0.0187
   1  0.0726
   1  0.0726
   1  0.0762
   1  0.0762
   1  0.0762
   1  0.0757
   1  0.0757
   1  0.0757
   7 -0.4031
   6 -0.4371
   6  0.9470
   8 -0.6353
   6  0.1159
   8 -0.5580
   1  0.1668
   1  0.1570
   1  0.0089
   1  0.0089
   1  0.4501
   7 -0.5713
   6  0.3334
   6  0.4629
   8 -0.5874
   6 -0.3556
   1  0.4871
   1  0.0044
   1  0.1089
   1  0.1089
   1  0.1089
   7 -0.6246
   6  0.5032
   6  0.0914
   8 -0.5036
   6 -0.3556
   1  0.3845
   1 -0.0634
   1  0.1220
   1  0.1220
   1  0.1220
   7 -0.1806
   6 -0.0333
   6  0.5061
   8 -0.5406
   6  0.1650
   6 -0.4018
   6  0.6777
   8 -0.7028
   8 -0.7028
   1  0.2830
   1  0.0118
   1 -0.0566
   1 -0.0566
   1  0.0972
   1  0.0972
   7 -0.4004
   6  0.2044
   1 -0.0066
   1 -0.0066
   1 -0.0066
   1  0.3315
  20  2.0456
   8 -0.5159
   1  0.2761
   1  0.2761
 rrms:    0.0580
