   6 -0.6054
   6  0.8388
   8 -0.7103
   1  0.1873
   1  0.1873
   1  0.1873
   7 -0.7163
   6  0.3411
   6  0.4430
   8 -0.5231
   6 -0.3075
   6  0.8091
   8 -0.7309
   8 -0.7309
   1  0.2610
   1  0.0576
   1  0.0754
   1  0.0754
   7 -0.4676
   6  0.1158
   6  0.4554
   8 -0.5718
   6 -0.0423
   6  0.0019
   6  0.1095
   6  0.2733
   7 -0.2823
   1  0.2771
   1  0.0949
   1 -0.0013
   1 -0.0013
   1  0.0258
   1  0.0258
   1  0.0029
   1  0.0029
   1 -0.0161
   1 -0.0161
   1  0.3076
   1  0.3076
   1  0.3076
   7 -0.8959
   6  1.1085
   6  0.0428
   8 -0.4259
   6 -1.5358
   6  1.3287
   8 -0.9011
   8 -0.9011
   1  0.4036
   1 -0.2168
   1  0.4748
   1  0.4748
   7 -0.2256
   6 -0.0872
   6  0.5912
   8 -0.5355
   1  0.1451
   1  0.0892
   1  0.0892
   7 -0.5468
   6  0.3393
   6  0.2535
   8 -0.5124
   6 -0.6782
   6  0.8956
   7 -0.8254
   8 -0.6590
   1  0.3690
   1 -0.0335
   1  0.2457
   1  0.2457
   1  0.3554
   1  0.3554
   7 -0.0955
   6 -0.1466
   6  0.5495
   8 -0.6208
   1  0.2137
   1  0.1019
   1  0.1019
   7 -0.6601
   6  0.0036
   6  0.5384
   8 -0.6450
   6 -0.3513
   6  0.2420
   6 -0.1935
   6 -0.1935
   6 -0.3537
   6 -0.3537
   6  0.4907
   8 -0.5976
   1  0.3836
   1  0.0783
   1  0.1055
   1  0.1055
   1  0.1815
   1  0.1815
   1  0.1864
   1  0.1864
   1  0.4330
   7 -0.6338
   6 -0.3775
   6  0.8651
   8 -0.5930
   6  0.6676
   6 -0.3446
   6 -0.4538
   6 -0.0233
   1  0.6533
   1  0.0412
   1 -0.1987
   1  0.1472
   1  0.1472
   1  0.1016
   1  0.1016
   1  0.1016
   1  0.0183
   1  0.0183
   1  0.0183
   7 -0.2245
   6 -0.2771
   6  0.4104
   8 -0.5465
   6  0.3577
   8 -0.6544
   1  0.4148
   1  0.1668
   1 -0.0217
   1 -0.0217
   1  0.4299
   7 -0.3941
   6  0.4345
   6  0.2233
   8 -0.5256
   6 -0.0354
   1  0.2690
   1 -0.0090
   1  0.0122
   1  0.0122
   1  0.0122
   7 -0.3124
   6  0.4216
   6  0.3904
   8 -0.4902
   6 -0.3494
   1  0.0132
   1 -0.0345
   1  0.1220
   1  0.1220
   1  0.1220
   7 -0.5129
   6  0.3282
   6  0.1555
   8 -0.4759
   6  0.0963
   6 -0.1576
   6  0.7741
   8 -0.8088
   8 -0.8088
   1  0.3419
   1  0.0564
   1 -0.0718
   1 -0.0718
   1 -0.0069
   1 -0.0069
   7 -0.2104
   6  0.0720
   1  0.0405
   1  0.0405
   1  0.0405
   1  0.2017
  20  1.9044
   8 -0.6511
   1  0.3444
   1  0.3444
 rrms:    0.0454
