   6 -0.6298
   6  0.5697
   8 -0.5812
   1  0.1831
   1  0.1831
   1  0.1831
   7 -0.3632
   6  0.1269
   6  0.2188
   8 -0.4877
   6 -0.5263
   6  0.7947
   8 -0.7060
   8 -0.7060
   1  0.3220
   1  0.0485
   1  0.1641
   1  0.1641
   7 -0.0466
   6  0.0218
   6  0.1091
   8 -0.4677
   6 -0.1365
   6  0.1219
   6 -0.2174
   6  0.3158
   7 -0.0961
   1  0.3055
   1  0.0690
   1  0.0862
   1  0.0862
   1 -0.0149
   1 -0.0149
   1  0.0745
   1  0.0745
   1 -0.0217
   1 -0.0217
   1  0.2072
   1  0.2072
   1  0.2072
   7 -0.0600
   6  0.5524
   6  0.1014
   8 -0.4180
   6 -0.8109
   6  0.9564
   8 -0.8381
   8 -0.8381
   1  0.0850
   1 -0.1502
   1  0.2116
   1  0.2116
   7 -0.1385
   6 -0.2554
   6  0.9320
   8 -0.7141
   1  0.2111
   1  0.1475
   1  0.1475
   7 -0.9405
   6  0.5646
   6  0.4243
   8 -0.5739
   6 -0.7462
   6  0.9921
   7 -0.7800
   8 -0.6912
   1  0.3776
   1 -0.0799
   1  0.2123
   1  0.2123
   1  0.3443
   1  0.3443
   7 -0.2207
   6 -0.4059
   6  0.7506
   8 -0.6190
   1  0.3318
   1  0.2081
   1  0.2081
   7 -0.8488
   6  0.6387
   6 -0.0288
   8 -0.5047
   6 -0.7814
   6  0.5505
   6 -0.3975
   6 -0.3975
   6 -0.2587
   6 -0.2587
   6  0.4085
   8 -0.5788
   1  0.4290
   1 -0.0240
   1  0.1937
   1  0.1937
   1  0.2231
   1  0.2231
   1  0.1620
   1  0.1620
   1  0.4293
   7 -0.0268
   6 -0.3794
   6  0.6223
   8 -0.5054
   6  0.3285
   6 -0.0074
   6 -0.5277
   6 -0.2329
   1  0.1935
   1  0.1168
   1 -0.0144
   1  0.0772
   1  0.0772
   1  0.1385
   1  0.1385
   1  0.1385
   1  0.0499
   1  0.0499
   1  0.0499
   7 -0.2955
   6 -0.1491
   6  0.3567
   8 -0.4889
   6  0.2707
   8 -0.5815
   1  0.4094
   1  0.1371
   1 -0.0229
   1 -0.0229
   1  0.4092
   7 -0.3119
   6  0.0878
   6  0.5229
   8 -0.5834
   6 -0.0191
   1  0.3375
   1  0.0651
   1  0.0175
   1  0.0175
   1  0.0175
   7 -0.6496
   6  0.3264
   6  0.6177
   8 -0.6215
   6 -0.2914
   1  0.2574
   1  0.0612
   1  0.1074
   1  0.1074
   1  0.1074
   7 -1.1885
   6  0.8580
   6 -0.0855
   8 -0.3965
   6 -0.2687
   6 -0.6573
   6  1.0994
   8 -0.9145
   8 -0.9145
   1  0.4521
   1 -0.0302
   1  0.1818
   1  0.1818
   1  0.1165
   1  0.1165
   7  0.0205
   6 -0.0317
   1  0.0627
   1  0.0627
   1  0.0627
   1  0.1902
  20  2.0499
   8 -0.7443
   1  0.3534
   1  0.3534
 rrms:    0.0435
