   6 -0.4982
   6  0.7064
   8 -0.6307
   1  0.1474
   1  0.1474
   1  0.1474
   7 -0.7839
   6  0.3865
   6  0.3966
   8 -0.4877
   6 -0.5156
   6  0.5365
   8 -0.6656
   8 -0.6656
   1  0.4467
   1 -0.1029
   1  0.1926
   1  0.1926
   7  0.2871
   6 -0.7703
   6  0.9258
   8 -0.6636
   6  0.5042
   6 -0.2224
   6 -0.1116
   6  0.4490
   7 -0.3478
   1  0.0728
   1  0.2202
   1 -0.0929
   1 -0.0929
   1  0.0831
   1  0.0831
   1  0.0559
   1  0.0559
   1 -0.0407
   1 -0.0407
   1  0.3413
   1  0.3413
   1  0.3413
   7 -0.8781
   6  0.8033
   6  0.0117
   8 -0.4531
   6 -0.9899
   6  0.9665
   8 -0.7867
   8 -0.7867
   1  0.0829
   1 -0.0891
   1  0.2601
   1  0.2601
   7  0.0068
   6 -0.0222
   6  0.2609
   8 -0.5145
   1  0.2449
   1  0.1041
   1  0.1041
   7  0.0529
   6 -0.5246
   6  0.7998
   8 -0.6741
   6  0.2518
   6  0.2046
   7 -0.6918
   8 -0.2639
   1 -0.1554
   1  0.2513
   1  0.0106
   1  0.0106
   1  0.3600
   1  0.3600
   7 -0.4233
   6  0.0565
   6  0.3730
   8 -0.5991
   1  0.3739
   1  0.0732
   1  0.0732
   7 -0.2327
   6 -0.0670
   6  0.4218
   8 -0.3574
   6 -0.3124
   6  0.0727
   6 -0.0212
   6 -0.0212
   6 -0.4612
   6 -0.4612
   6  0.5576
   8 -0.5551
   1  0.1177
   1  0.1624
   1  0.1333
   1  0.1333
   1  0.1384
   1  0.1384
   1  0.1906
   1  0.1906
   1  0.4098
   7 -0.5057
   6 -0.0107
   6  0.4817
   8 -0.5163
   6  0.1242
   6  0.0366
   6 -0.2024
   6 -0.3380
   1  0.2822
   1  0.0235
   1  0.0218
   1  0.0952
   1  0.0952
   1  0.0304
   1  0.0304
   1  0.0304
   1  0.0861
   1  0.0861
   1  0.0861
   7 -0.0137
   6 -0.3372
   6  0.4412
   8 -0.3162
   6  0.2840
   8 -0.5324
   1  0.1860
   1  0.1508
   1 -0.0233
   1 -0.0233
   1  0.3843
   7 -0.3168
   6  0.1536
   6  0.3605
   8 -0.5536
   6 -0.0544
   1  0.3121
   1  0.0102
   1  0.0330
   1  0.0330
   1  0.0330
   7 -0.3029
   6  0.1480
   6  0.2465
   8 -0.5602
   6 -0.1220
   1  0.2875
   1  0.0394
   1  0.0532
   1  0.0532
   1  0.0532
   7  0.0562
   6  0.0527
   6  0.3605
   8 -0.5537
   6  0.2749
   6 -0.2997
   6  0.7885
   8 -0.8501
   8 -0.8501
   1  0.0535
   1  0.0763
   1 -0.1329
   1 -0.1329
   1  0.0595
   1  0.0595
   7 -0.1472
   6 -0.0697
   1  0.0656
   1  0.0656
   1  0.0656
   1  0.0240
  20  1.9790
   8 -0.7842
   1  0.3931
   1  0.3931
 rrms:    0.0414
