   6 -0.4324
   6  0.7044
   8 -0.6443
   1  0.1368
   1  0.1368
   1  0.1368
   7 -0.5427
   6  0.2812
   6  0.3712
   8 -0.4757
   6 -0.7457
   6  0.7137
   8 -0.6846
   8 -0.6846
   1  0.3202
   1  0.0302
   1  0.2615
   1  0.2615
   7 -0.3155
   6  0.3343
   6  0.3529
   8 -0.5306
   6 -0.6871
   6  0.7037
   6 -0.4890
   6  0.4576
   7 -0.0712
   1  0.1576
   1 -0.0581
   1  0.1680
   1  0.1680
   1 -0.1478
   1 -0.1478
   1  0.1708
   1  0.1708
   1 -0.0580
   1 -0.0580
   1  0.2579
   1  0.2579
   1  0.2579
   7 -0.6843
   6  0.3662
   6  0.6603
   8 -0.6269
   6 -0.6199
   6  1.0234
   8 -0.8275
   8 -0.8275
   1  0.4239
   1 -0.0371
   1  0.1096
   1  0.1096
   7 -0.1339
   6 -0.4259
   6  0.5344
   8 -0.5652
   1  0.2797
   1  0.1907
   1  0.1907
   7 -0.2025
   6  0.2299
   6  0.2695
   8 -0.4232
   6 -0.5704
   6  0.8670
   7 -0.9270
   8 -0.6573
   1  0.1160
   1 -0.0489
   1  0.2115
   1  0.2115
   1  0.4293
   1  0.4293
   7 -0.3515
   6  0.1183
   6  0.4447
   8 -0.6355
   1  0.3081
   1  0.0740
   1  0.0740
   7 -0.8118
   6  0.3898
   6  0.2247
   8 -0.5426
   6 -0.6856
   6  0.4270
   6 -0.2621
   6 -0.2621
   6 -0.3288
   6 -0.3288
   6  0.4445
   8 -0.5730
   1  0.3828
   1  0.0436
   1  0.2074
   1  0.2074
   1  0.1752
   1  0.1752
   1  0.1788
   1  0.1788
   1  0.4146
   7 -0.2040
   6 -0.8114
   6  0.8848
   8 -0.6020
   6  0.5705
   6 -0.1615
   6 -0.7751
   6 -0.1405
   1  0.4477
   1  0.2683
   1 -0.0718
   1  0.1305
   1  0.1305
   1  0.1991
   1  0.1991
   1  0.1991
   1  0.0334
   1  0.0334
   1  0.0334
   7 -0.1534
   6 -0.3850
   6  0.6318
   8 -0.6004
   6  0.3959
   8 -0.6122
   1  0.3905
   1  0.1357
   1 -0.0536
   1 -0.0536
   1  0.4141
   7 -0.2612
   6  0.1681
   6  0.4540
   8 -0.5711
   6 -0.1877
   1  0.1982
   1  0.0879
   1  0.0581
   1  0.0581
   1  0.0581
   7 -0.5504
   6  0.5149
   6  0.1634
   8 -0.4243
   6 -0.3603
   1  0.1315
   1 -0.0330
   1  0.1152
   1  0.1152
   1  0.1152
   7 -0.0476
   6 -0.0467
   6  0.2449
   8 -0.4748
   6  0.1443
   6 -0.9472
   6  1.2921
   8 -0.8973
   8 -0.8973
   1  0.1540
   1  0.1805
   1 -0.0669
   1 -0.0669
   1  0.2314
   1  0.2314
   7 -0.1785
   6  0.0025
   1  0.0444
   1  0.0444
   1  0.0444
   1  0.2307
  20  1.6600
   8 -0.6076
   1  0.3011
   1  0.3011
 rrms:    0.0501
