   6 -0.4338
   6  0.7274
   8 -0.6696
   1  0.1342
   1  0.1342
   1  0.1342
   7 -0.3923
   6  0.0505
   6  0.8776
   8 -0.7934
   6 -0.2942
   6  0.5623
   8 -0.6875
   8 -0.6875
   1  0.2220
   1  0.0611
   1  0.0692
   1  0.0692
   7 -0.5787
   6  0.1545
   6  0.7008
   8 -0.6118
   6 -0.3620
   6  0.1018
   6 -0.0519
   6  0.2001
   7 -0.0312
   1  0.2909
   1  0.1440
   1  0.1326
   1  0.1326
   1 -0.0062
   1 -0.0062
   1  0.0609
   1  0.0609
   1  0.0045
   1  0.0045
   1  0.2445
   1  0.2445
   1  0.2445
   7 -1.0041
   6  1.2891
   6 -0.6873
   8 -0.3072
   6 -1.1757
   6  1.3572
   8 -0.8839
   8 -0.8839
   1  0.3370
   1 -0.1206
   1  0.2955
   1  0.2955
   7  0.6946
   6 -1.0909
   6  0.8882
   8 -0.6834
   1 -0.2677
   1  0.3753
   1  0.3753
   7 -0.4720
   6  0.5038
   6 -0.0450
   8 -0.4684
   6 -0.6329
   6  0.8155
   7 -0.8692
   8 -0.6565
   1  0.3158
   1 -0.0280
   1  0.2422
   1  0.2422
   1  0.4311
   1  0.4311
   7  0.2776
   6 -0.5440
   6  0.8777
   8 -0.6708
   1  0.1458
   1  0.1227
   1  0.1227
   7 -0.5963
   6  0.3248
   6  0.0589
   8 -0.4326
   6 -0.1406
   6  0.0186
   6 -0.0958
   6 -0.0958
   6 -0.3659
   6 -0.3659
   6  0.4686
   8 -0.5445
   1  0.3663
   1 -0.0017
   1  0.0528
   1  0.0528
   1  0.1306
   1  0.1306
   1  0.1732
   1  0.1732
   1  0.4110
   7 -0.0555
   6 -0.0797
   6  0.5682
   8 -0.6016
   6 -0.0034
   6  0.0672
   6  0.1838
   6 -0.2824
   1  0.1919
   1  0.0717
   1  0.0118
   1  0.0062
   1  0.0062
   1 -0.0424
   1 -0.0424
   1 -0.0424
   1  0.0903
   1  0.0903
   1  0.0903
   7 -0.4379
   6  0.0931
   6  0.4937
   8 -0.5491
   6  0.3568
   8 -0.5707
   1  0.2230
   1  0.0639
   1 -0.0293
   1 -0.0293
   1  0.3942
   7 -0.6339
   6  0.2590
   6  0.3345
   8 -0.4427
   6 -0.0347
   1  0.3294
   1  0.0457
   1  0.0387
   1  0.0387
   1  0.0387
   7 -0.4103
   6  0.1524
   6  0.1817
   8 -0.4855
   6 -0.1414
   1  0.2922
   1  0.0965
   1  0.0595
   1  0.0595
   1  0.0595
   7 -0.0324
   6 -0.2996
   6  0.7283
   8 -0.6077
   6 -0.0008
   6 -0.6598
   6  0.9352
   8 -0.8267
   8 -0.8267
   1  0.1328
   1  0.1172
   1  0.0161
   1  0.0161
   1  0.2352
   1  0.2352
   7 -0.4383
   6  0.0796
   1  0.0292
   1  0.0292
   1  0.0292
   1  0.3130
  20  1.8613
   8 -0.6146
   1  0.3255
   1  0.3255
 rrms:    0.0530
