   6 -0.4606
   6  0.5564
   8 -0.5728
   1  0.1508
   1  0.1508
   1  0.1508
   7 -0.5569
   6  0.2405
   6  0.8080
   8 -0.6035
   6 -0.0136
   6  0.3616
   8 -0.7415
   8 -0.7415
   1  0.3327
   1 -0.1027
   1  0.0258
   1  0.0258
   7 -0.4237
   6  0.1022
   6  0.5215
   8 -0.6066
   6 -0.0925
   6  0.2131
   6 -0.4717
   6  0.7808
   7 -0.5712
   1  0.2936
   1  0.0108
   1  0.0743
   1  0.0743
   1 -0.0131
   1 -0.0131
   1  0.1264
   1  0.1264
   1 -0.1629
   1 -0.1629
   1  0.4175
   1  0.4175
   1  0.4175
   7 -0.4061
   6  0.6307
   6 -0.2973
   8 -0.4059
   6 -0.6160
   6  0.7084
   8 -0.6821
   8 -0.6821
   1  0.1772
   1 -0.0200
   1  0.2075
   1  0.2075
   7  0.2702
   6 -0.2207
   6  0.4703
   8 -0.5989
   1 -0.4224
   1  0.1665
   1  0.1665
   7 -0.1240
   6 -0.0270
   6  0.3790
   8 -0.6074
   6 -0.2313
   6  0.6999
   7 -0.8045
   8 -0.5048
   1  0.1517
   1  0.1130
   1  0.1225
   1  0.1225
   1  0.3992
   1  0.3992
   7 -0.0839
   6 -0.1977
   6  0.3542
   8 -0.5163
   1  0.2413
   1  0.1465
   1  0.1465
   7 -0.0395
   6 -0.4091
   6  0.9416
   8 -0.5290
   6 -0.0023
   6  0.2341
   6 -0.3683
   6 -0.3683
   6 -0.0815
   6 -0.0815
   6  0.2070
   8 -0.5415
   1  0.0332
   1  0.2190
   1 -0.0202
   1 -0.0202
   1  0.1977
   1  0.1977
   1  0.1402
   1  0.1402
   1  0.4177
   7 -0.8348
   6  0.1188
   6  0.5824
   8 -0.5830
   6  0.1855
   6  0.0233
   6 -0.1503
   6 -0.3286
   1  0.4109
   1  0.0952
   1  0.0432
   1  0.0589
   1  0.0589
   1  0.0633
   1  0.0633
   1  0.0633
   1  0.0955
   1  0.0955
   1  0.0955
   7 -0.2128
   6  0.0245
   6  0.4410
   8 -0.3158
   6  0.4424
   8 -0.6435
   1 -0.8004
   1  0.0701
   1 -0.0634
   1 -0.0634
   1  0.4280
   7 -0.4731
   6  0.2465
   6  0.4338
   8 -0.5880
   6 -0.2140
   1  0.3688
   1  0.0122
   1  0.0644
   1  0.0644
   1  0.0644
   7 -0.2509
   6  0.1015
   6  0.2615
   8 -0.5343
   6 -0.2781
   1  0.2874
   1  0.0498
   1  0.1044
   1  0.1044
   1  0.1044
   7 -0.0074
   6 -0.2485
   6  0.5453
   8 -0.6055
   6  0.5180
   6 -0.9631
   6  1.3280
   8 -0.8748
   8 -0.8748
   1  0.1566
   1  0.1397
   1 -0.1475
   1 -0.1475
   1  0.3560
   1  0.3560
   7 -0.2041
   6  0.0233
   1  0.0439
   1  0.0439
   1  0.0439
   1  0.1311
  20  1.7977
   8 -0.6689
   1  0.3494
   1  0.3494
 rrms:    0.0425
