   6 -0.4199
   6  0.7995
   8 -0.6434
   1  0.1380
   1  0.1380
   1  0.1380
   7 -0.8932
   6  0.3232
   6  0.3048
   8 -0.4628
   6 -0.4062
   6  0.5699
   8 -0.8218
   8 -0.8218
   1  0.4876
   1 -0.1627
   1  0.2002
   1  0.2002
   7  0.5994
   6 -1.3463
   6  1.3370
   8 -0.7598
   6  1.0101
   6 -0.4890
   6  0.6430
   6 -0.1183
   7  0.1755
   1 -0.3111
   1  0.3858
   1 -0.1172
   1 -0.1172
   1  0.0958
   1  0.0958
   1 -0.2133
   1 -0.2133
   1  0.0989
   1  0.0989
   1  0.2065
   1  0.2065
   1  0.2065
   7 -0.9780
   6  0.6186
   6  0.0837
   8 -0.4543
   6 -0.7736
   6  0.8376
   8 -0.7458
   8 -0.7458
   1  0.3128
   1 -0.0387
   1  0.2013
   1  0.2013
   7  0.0165
   6 -0.3792
   6  0.6010
   8 -0.6441
   1  0.1387
   1  0.2036
   1  0.2036
   7 -0.3127
   6  0.3914
   6 -0.0072
   8 -0.4474
   6 -0.6370
   6  0.7450
   7 -0.8039
   8 -0.4864
   1  0.1943
   1  0.0239
   1  0.2227
   1  0.2227
   1  0.4224
   1  0.4224
   7  0.0513
   6 -0.4642
   6  0.5522
   8 -0.5657
   1  0.1374
   1  0.2065
   1  0.2065
   7 -0.0922
   6 -0.2487
   6  0.5316
   8 -0.6499
   6 -0.0093
   6 -0.0898
   6  0.0470
   6  0.0470
   6 -0.5198
   6 -0.5198
   6  0.6151
   8 -0.5759
   1  0.1143
   1  0.1478
   1  0.0071
   1  0.0071
   1  0.1062
   1  0.1062
   1  0.2115
   1  0.2115
   1  0.4338
   7 -0.4302
   6  0.1045
   6  0.4836
   8 -0.4978
   6  0.0273
   6  0.2494
   6 -0.5750
   6 -0.1048
   1  0.3250
   1  0.1410
   1  0.0449
   1  0.0147
   1  0.0147
   1  0.1199
   1  0.1199
   1  0.1199
   1  0.0357
   1  0.0357
   1  0.0357
   7 -0.0339
   6 -0.2264
   6  0.6221
   8 -0.2786
   6  0.2464
   8 -0.4530
   1 -0.3403
   1  0.1942
   1  0.0502
   1  0.0502
   1  0.4857
   7 -0.2377
   6  0.2296
   6  0.5295
   8 -0.5826
   6 -0.1513
   1  0.3047
   1  0.0140
   1  0.0765
   1  0.0765
   1  0.0765
   7 -0.2489
   6  0.9849
   6 -1.5901
   8 -0.0091
   6 -0.3604
   1  0.2154
   1 -0.0033
   1  0.1323
   1  0.1323
   1  0.1323
   7  3.4917
   6 -3.4688
   6  1.9755
   8 -0.7638
   6  2.9907
   6 -3.0595
   6  2.0460
   8 -1.0357
   8 -1.0357
   1 -3.0541
   1  0.9241
   1 -0.6554
   1 -0.6554
   1  0.8666
   1  0.8666
   7 -0.9392
   6  0.0717
   1  0.0419
   1  0.0419
   1  0.0419
   1  0.3190
  20  1.9523
   8 -0.7310
   1  0.3551
   1  0.3551
 rrms:    0.0547
