   6 -0.5307
   6  0.6789
   8 -0.6408
   1  0.1713
   1  0.1713
   1  0.1713
   7 -0.4879
   6  0.3236
   6  0.3488
   8 -0.4916
   6 -0.5418
   6  0.6860
   8 -0.7386
   8 -0.7386
   1  0.2753
   1 -0.0429
   1  0.1888
   1  0.1888
   7 -0.1988
   6 -0.0028
   6  0.3471
   8 -0.4995
   6 -0.0499
   6  0.2538
   6 -0.3326
   6  0.4921
   7 -0.2162
   1  0.1757
   1  0.0512
   1  0.0359
   1  0.0359
   1 -0.0547
   1 -0.0547
   1  0.1206
   1  0.1206
   1 -0.0632
   1 -0.0632
   1  0.2770
   1  0.2770
   1  0.2770
   7 -0.5344
   6  0.5466
   6  0.0541
   8 -0.3422
   6 -0.6058
   6  0.8979
   8 -0.7972
   8 -0.7972
   1  0.2509
   1 -0.0565
   1  0.1691
   1  0.1691
   7 -0.1341
   6 -0.3595
   6  0.7295
   8 -0.5742
   1  0.2558
   1  0.1770
   1  0.1770
   7 -0.7655
   6  0.3095
   6  0.4960
   8 -0.4593
   6 -0.5501
   6  0.8328
   7 -0.7571
   8 -0.6707
   1  0.3878
   1 -0.0391
   1  0.1811
   1  0.1811
   1  0.3844
   1  0.3844
   7 -0.4215
   6  0.0320
   6  0.4406
   8 -0.5922
   1  0.3402
   1  0.0722
   1  0.0722
   7 -0.5189
   6  0.3648
   6  0.1643
   8 -0.5575
   6 -0.2823
   6  0.0118
   6 -0.0720
   6 -0.0720
   6 -0.3783
   6 -0.3783
   6  0.4462
   8 -0.5031
   1  0.2898
   1  0.0263
   1  0.1598
   1  0.1598
   1  0.1047
   1  0.1047
   1  0.1763
   1  0.1763
   1  0.3872
   7 -0.1442
   6 -0.0447
   6  0.4118
   8 -0.5499
   6  0.3359
   6  0.0057
   6 -0.4115
   6 -0.0990
   1  0.1211
   1  0.0504
   1 -0.0893
   1  0.0026
   1  0.0026
   1  0.1087
   1  0.1087
   1  0.1087
   1  0.0311
   1  0.0311
   1  0.0311
   7  0.2049
   6 -0.5762
   6  0.8929
   8 -0.6300
   6  0.5234
   8 -0.7081
   1  0.1734
   1  0.2136
   1 -0.1128
   1 -0.1128
   1  0.4427
   7 -0.4337
   6  0.0844
   6  0.6106
   8 -0.5985
   6 -0.2532
   1  0.2961
   1  0.1105
   1  0.0751
   1  0.0751
   1  0.0751
   7 -0.7601
   6  0.6012
   6  0.3558
   8 -0.5411
   6 -0.2487
   1  0.2621
   1 -0.1080
   1  0.0775
   1  0.0775
   1  0.0775
   7 -0.3224
   6 -0.0111
   6  0.2192
   8 -0.4932
   6  0.1549
   6 -0.5261
   6  0.9142
   8 -0.8313
   8 -0.8313
   1  0.2632
   1  0.1789
   1 -0.0440
   1 -0.0440
   1  0.1153
   1  0.1153
   7 -0.0317
   6 -0.1798
   1  0.0969
   1  0.0969
   1  0.0969
   1  0.1787
  20  1.9280
   8 -0.6920
   1  0.3385
   1  0.3385
 rrms:    0.0549
