   6 -0.8226
   6  1.0724
   8 -0.8225
   1  0.2381
   1  0.2381
   1  0.2381
   7 -1.1651
   6  0.9646
   6  0.0301
   8 -0.3879
   6 -1.2685
   6  1.0876
   8 -0.8569
   8 -0.8569
   1  0.5760
   1 -0.1235
   1  0.3862
   1  0.3862
   7 -0.1457
   6  0.1797
   6  0.2079
   8 -0.5114
   6 -0.1583
   6  0.0304
   6 -0.1944
   6  0.6440
   7 -0.4263
   1  0.1373
   1  0.0237
   1  0.0781
   1  0.0781
   1  0.0300
   1  0.0300
   1  0.0653
   1  0.0653
   1 -0.1194
   1 -0.1194
   1  0.3544
   1  0.3544
   1  0.3544
   7 -0.4225
   6  0.7325
   6  0.1244
   8 -0.4202
   6 -0.1518
   6  0.7211
   8 -0.7775
   8 -0.7775
   1  0.1727
   1 -0.1613
   1  0.0512
   1  0.0512
   7 -0.0819
   6 -0.7174
   6  1.0237
   8 -0.6579
   1  0.0119
   1  0.2766
   1  0.2766
   7 -1.0620
   6  0.9065
   6  0.2727
   8 -0.5537
   6 -0.6449
   6  0.7527
   7 -0.3724
   8 -0.6962
   1  0.4362
   1 -0.1566
   1  0.1656
   1  0.1656
   1  0.2405
   1  0.2405
   7 -0.2656
   6 -0.1113
   6  0.6745
   8 -0.6148
   1  0.2752
   1  0.1126
   1  0.1126
   7 -0.7359
   6  0.4020
   6  0.1426
   8 -0.4720
   6 -0.6281
   6  0.3980
   6 -0.2893
   6 -0.2893
   6 -0.2785
   6 -0.2785
   6  0.3894
   8 -0.5561
   1  0.3941
   1 -0.0011
   1  0.1841
   1  0.1841
   1  0.1679
   1  0.1679
   1  0.1697
   1  0.1697
   1  0.4167
   7 -0.0279
   6 -0.7885
   6  1.0424
   8 -0.6600
   6  0.7293
   6 -0.4699
   6 -0.7130
   6 -0.1446
   1  0.2635
   1  0.1399
   1 -0.1430
   1  0.2243
   1  0.2243
   1  0.1806
   1  0.1806
   1  0.1806
   1  0.0423
   1  0.0423
   1  0.0423
   7 -0.6628
   6  0.0624
   6  0.2530
   8 -0.4925
   6  0.1013
   8 -0.5651
   1  0.5253
   1  0.1348
   1  0.0455
   1  0.0455
   1  0.4124
   7 -0.1078
   6  0.0843
   6  0.5415
   8 -0.5933
   6  0.0443
   1  0.2133
   1  0.0736
   1 -0.0007
   1 -0.0007
   1 -0.0007
   7 -0.7546
   6  0.8037
   6  0.1797
   8 -0.4770
   6 -0.4680
   1  0.1581
   1 -0.1157
   1  0.1509
   1  0.1509
   1  0.1509
   7 -0.2636
   6  0.1040
   6  0.1413
   8 -0.5087
   6  0.5086
   6 -0.5189
   6  1.0693
   8 -0.9305
   8 -0.9305
   1  0.1927
   1  0.0849
   1 -0.1438
   1 -0.1438
   1  0.0785
   1  0.0785
   7 -0.1073
   6  0.0710
   1  0.0374
   1  0.0374
   1  0.0374
   1  0.1602
  20  2.0507
   8 -0.7326
   1  0.3546
   1  0.3546
 rrms:    0.0637
