   6 -0.7765
   6  0.9341
   8 -0.7308
   1  0.2301
   1  0.2301
   1  0.2301
   7 -0.9243
   6  1.0019
   6 -0.2503
   8 -0.4016
   6 -0.7926
   6  0.9057
   8 -0.7713
   8 -0.7713
   1  0.4066
   1 -0.1421
   1  0.2593
   1  0.2593
   7 -0.4579
   6  0.2328
   6  0.0877
   8 -0.5011
   6 -0.0784
   6  0.0880
   6 -0.0237
   6  0.4401
   7 -0.3070
   1  0.3365
   1  0.0723
   1  0.0493
   1  0.0493
   1 -0.0332
   1 -0.0332
   1  0.0583
   1  0.0583
   1 -0.0876
   1 -0.0876
   1  0.2818
   1  0.2818
   1  0.2818
   7 -0.0705
   6  0.3035
   6  0.0049
   8 -0.4231
   6 -0.5877
   6  0.8254
   8 -0.7378
   8 -0.7378
   1  0.2246
   1  0.0760
   1  0.1591
   1  0.1591
   7  0.0629
   6 -0.5104
   6  0.6022
   8 -0.5772
   1  0.2035
   1  0.2182
   1  0.2182
   7 -0.5754
   6  0.4818
   6  0.2132
   8 -0.4173
   6 -0.4253
   6  0.6512
   7 -0.8034
   8 -0.5816
   1  0.2776
   1 -0.1379
   1  0.1620
   1  0.1620
   1  0.3900
   1  0.3900
   7  0.0766
   6 -0.4313
   6  0.8365
   8 -0.6362
   1  0.1591
   1  0.1439
   1  0.1439
   7 -0.5163
   6 -0.0149
   6  0.3297
   8 -0.5277
   6 -0.0606
   6 -0.0048
   6 -0.0917
   6 -0.0917
   6 -0.3952
   6 -0.3952
   6  0.5228
   8 -0.5580
   1  0.3248
   1  0.1075
   1  0.0854
   1  0.0854
   1  0.1180
   1  0.1180
   1  0.1938
   1  0.1938
   1  0.4049
   7 -0.1479
   6 -0.5437
   6  0.7765
   8 -0.5211
   6  0.6380
   6 -0.0069
   6 -0.4940
   6 -0.1275
   1  0.1682
   1  0.2079
   1 -0.1733
   1 -0.0115
   1 -0.0115
   1  0.1228
   1  0.1228
   1  0.1228
   1  0.0304
   1  0.0304
   1  0.0304
   7 -0.4332
   6 -0.1839
   6  0.7195
   8 -0.6025
   6  0.2671
   8 -0.5734
   1  0.2327
   1  0.0797
   1 -0.0549
   1 -0.0549
   1  0.4356
   7 -0.2083
   6  0.0143
   6  0.7961
   8 -0.6361
   6 -0.3728
   1  0.3448
   1  0.1841
   1  0.1056
   1  0.1056
   1  0.1056
   7 -0.9802
   6  0.4518
   6  0.4696
   8 -0.5299
   6 -0.2705
   1  0.4501
   1 -0.1743
   1  0.1106
   1  0.1106
   1  0.1106
   7 -0.6568
   6  0.2758
   6  0.4399
   8 -0.4984
   6 -0.0133
   6 -0.3057
   6  0.7331
   8 -0.6703
   8 -0.6703
   1  0.3619
   1 -0.0816
   1  0.0245
   1  0.0245
   1  0.0395
   1  0.0395
   7 -0.3776
   6  0.0913
   1  0.0233
   1  0.0233
   1  0.0233
   1  0.3366
  20  1.6987
   8 -0.6435
   1  0.3125
   1  0.3125
 rrms:    0.0486
