   6 -0.5916
   6  0.7747
   8 -0.6466
   1  0.1758
   1  0.1758
   1  0.1758
   7 -0.7819
   6  0.2461
   6  0.4999
   8 -0.5357
   6 -0.2751
   6  0.5559
   8 -0.7778
   8 -0.7778
   1  0.4296
   1  0.0584
   1  0.1167
   1  0.1167
   7 -0.1549
   6 -0.4177
   6  0.5546
   8 -0.6323
   6  0.3617
   6 -0.5661
   6  0.1742
   6  0.2878
   7 -0.1872
   1  0.0259
   1  0.1818
   1 -0.0198
   1 -0.0198
   1  0.1950
   1  0.1950
   1 -0.0250
   1 -0.0250
   1 -0.0028
   1 -0.0028
   1  0.3005
   1  0.3005
   1  0.3005
   7 -0.4663
   6  0.4887
   6 -0.0190
   8 -0.4711
   6 -0.6069
   6  0.9833
   8 -0.8115
   8 -0.8115
   1  0.2571
   1  0.0262
   1  0.1824
   1  0.1824
   7 -0.0416
   6 -0.1785
   6  0.3862
   8 -0.5470
   1  0.1788
   1  0.1239
   1  0.1239
   7 -0.2452
   6  0.0230
   6  0.5589
   8 -0.6377
   6 -0.1724
   6  0.4076
   7 -0.6964
   8 -0.2884
   1  0.2358
   1  0.1042
   1  0.0901
   1  0.0901
   1  0.3642
   1  0.3642
   7 -0.2947
   6 -0.1306
   6  0.4126
   8 -0.6440
   1  0.2989
   1  0.1358
   1  0.1358
   7 -0.0223
   6 -0.3783
   6  0.6298
   8 -0.4915
   6 -0.2052
   6  0.1613
   6 -0.2002
   6 -0.2002
   6 -0.2073
   6 -0.2073
   6  0.3578
   8 -0.5612
   1  0.0203
   1  0.2228
   1  0.1075
   1  0.1075
   1  0.1466
   1  0.1466
   1  0.1316
   1  0.1316
   1  0.4226
   7 -0.4583
   6 -0.0347
   6  0.6430
   8 -0.5669
   6  0.0440
   6  0.0960
   6 -0.1461
   6 -0.3580
   1  0.3111
   1 -0.0252
   1  0.0321
   1  0.0561
   1  0.0561
   1  0.0121
   1  0.0121
   1  0.0121
   1  0.1025
   1  0.1025
   1  0.1025
   7 -0.3516
   6  0.0665
   6  0.1659
   8 -0.2218
   6  0.0959
   8 -0.4711
   1  0.3301
   1  0.0356
   1  0.0271
   1  0.0271
   1  0.3485
   7 -0.1642
   6  0.0165
   6  0.5505
   8 -0.6174
   6 -0.0886
   1  0.2823
   1  0.0580
   1  0.0379
   1  0.0379
   1  0.0379
   7 -0.4240
   6  0.3218
   6  0.0323
   8 -0.4661
   6 -0.2968
   1  0.3255
   1  0.0044
   1  0.1041
   1  0.1041
   1  0.1041
   7  0.3005
   6 -0.0393
   6  0.2817
   8 -0.5462
   6  0.6166
   6 -0.8443
   6  1.0283
   8 -0.7617
   8 -0.7617
   1  0.0453
   1  0.0856
   1 -0.2186
   1 -0.2186
   1  0.1755
   1  0.1755
   7  0.0183
   6 -0.0705
   1  0.0654
   1  0.0654
   1  0.0654
   1 -0.2449
  20  1.8182
   8 -0.6433
   1  0.3178
   1  0.3178
 rrms:    0.0442
