   6 -0.4701
   6  0.7700
   8 -0.6469
   1  0.1418
   1  0.1418
   1  0.1418
   7 -0.6282
   6  0.2091
   6  0.5164
   8 -0.5000
   6 -0.5228
   6  0.4859
   8 -0.7352
   8 -0.7352
   1  0.4285
   1 -0.0246
   1  0.1998
   1  0.1998
   7 -0.0427
   6 -0.1970
   6  0.4410
   8 -0.5951
   6  0.2560
   6 -0.0683
   6 -0.0749
   6  0.4784
   7 -0.4625
   1 -0.0268
   1  0.0858
   1 -0.0666
   1 -0.0666
   1  0.0516
   1  0.0516
   1  0.0484
   1  0.0484
   1 -0.0443
   1 -0.0443
   1  0.3728
   1  0.3728
   1  0.3728
   7 -0.2275
   6  0.4611
   6 -0.0403
   8 -0.4807
   6 -0.5988
   6  0.7061
   8 -0.7057
   8 -0.7057
   1  0.2641
   1  0.0012
   1  0.1918
   1  0.1918
   7  0.1548
   6  0.0931
   6  0.4005
   8 -0.5475
   1 -0.4884
   1  0.0420
   1  0.0420
   7  0.0052
   6 -0.1666
   6  0.5892
   8 -0.5981
   6 -0.1692
   6  0.3805
   7 -0.7801
   8 -0.3218
   1  0.3598
   1  0.1751
   1  0.1086
   1  0.1086
   1  0.3926
   1  0.3926
   7 -0.4252
   6  0.1960
   6  0.2018
   8 -0.5596
   1  0.2718
   1  0.0280
   1  0.0280
   7  0.1486
   6 -0.2617
   6  0.5553
   8 -0.4324
   6  0.0568
   6 -0.0358
   6 -0.1075
   6 -0.1075
   6 -0.2222
   6 -0.2222
   6  0.3404
   8 -0.5471
   1 -0.1979
   1  0.1504
   1  0.0486
   1  0.0486
   1  0.1290
   1  0.1290
   1  0.1288
   1  0.1288
   1  0.4305
   7 -0.4467
   6 -0.1609
   6  0.6628
   8 -0.5635
   6  0.5405
   6 -0.2173
   6 -0.8029
   6 -0.0296
   1  0.2752
   1  0.0605
   1 -0.1240
   1  0.1074
   1  0.1074
   1  0.1593
   1  0.1593
   1  0.1593
   1  0.0098
   1  0.0098
   1  0.0098
   7 -0.0909
   6 -0.0698
   6  0.1997
   8 -0.4204
   6  0.3225
   8 -0.4962
   1  0.2826
   1  0.0085
   1 -0.0606
   1 -0.0606
   1  0.3749
   7 -0.1950
   6  0.0931
   6  0.6988
   8 -0.6635
   6 -0.4376
   1  0.3036
   1  0.0265
   1  0.1280
   1  0.1280
   1  0.1280
   7 -0.7930
   6  0.6552
   6 -0.3113
   8 -0.3904
   6 -0.6502
   1  0.3728
   1 -0.0721
   1  0.1904
   1  0.1904
   1  0.1904
   7  0.8979
   6 -0.7766
   6  0.6833
   8 -0.6096
   6  0.9727
   6 -0.7179
   6  0.7032
   8 -0.7197
   8 -0.7197
   1  0.0421
   1  0.2959
   1 -0.2975
   1 -0.2975
   1  0.1399
   1  0.1399
   7 -0.2697
   6 -0.2919
   1  0.1239
   1  0.1239
   1  0.1239
   1  0.1306
  20  1.8372
   8 -0.7055
   1  0.3493
   1  0.3493
 rrms:    0.0436
