Resp charges for organic molecule

 &cntrl

 nmol = 1,
 ihfree = 1,
 ioutopt = 1,
 iqopt = 2,
 qwt =  0.00100,

 &end
    1.0
Resp charges for organic molecule
    0  200
    6    0
    6  -99
    8  -99
    1    0
    1    4
    1    4
    7  -99
    6  -99
    6  -99
    8  -99
    6    0
    6  -99
    8  -99
    8  -99
    1  -99
    1  -99
    1    0
    1   17
    7  -99
    6  -99
    6  -99
    8  -99
    6    0
    6    0
    6    0
    6    0
    7  -99
    1  -99
    1  -99
    1    0
    1   30
    1    0
    1   32
    1    0
    1   34
    1    0
    1   36
    1  -99
    1  -99
    1  -99
    7  -99
    6  -99
    6  -99
    8  -99
    6    0
    6  -99
    8  -99
    8  -99
    1  -99
    1  -99
    1    0
    1   51
    7  -99
    6    0
    6  -99
    8  -99
    1  -99
    1    0
    1   58
    7  -99
    6  -99
    6  -99
    8  -99
    6    0
    6  -99
    7  -99
    8  -99
    1  -99
    1  -99
    1    0
    1   70
    1  -99
    1  -99
    7  -99
    6    0
    6  -99
    8  -99
    1  -99
    1    0
    1   79
    7  -99
    6  -99
    6  -99
    8  -99
    6    0
    6  -99
    6  -99
    6  -99
    6  -99
    6  -99
    6  -99
    8  -99
    1  -99
    1  -99
    1    0
    1   95
    1  -99
    1  -99
    1  -99
    1  -99
    1  -99
    7  -99
    6  -99
    6  -99
    8  -99
    6  -99
    6    0
    6    0
    6    0
    1  -99
    1  -99
    1  -99
    1    0
    1  113
    1    0
    1  115
    1  115
    1    0
    1  118
    1  118
    7  -99
    6  -99
    6  -99
    8  -99
    6    0
    8  -99
    1  -99
    1  -99
    1    0
    1  129
    1  -99
    7  -99
    6  -99
    6  -99
    8  -99
    6    0
    1  -99
    1  -99
    1    0
    1  139
    1  139
    7  -99
    6  -99
    6  -99
    8  -99
    6    0
    1  -99
    1  -99
    1    0
    1  149
    1  149
    7  -99
    6  -99
    6  -99
    8  -99
    6    0
    6    0
    6  -99
    8  -99
    8  -99
    1  -99
    1  -99
    1    0
    1  163
    1    0
    1  165
    7  -99
    6    0
    1    0
    1  169
    1  169
    1  -99
   20  -99
    8  -99
    1  -99
    1  -99
    8  -99
    8  -99
    1  -99
    1  -99
    1  -99
    1  -99
    8  -99
    1  -99
    1  -99
    8  -99
    1  -99
    1  -99
    8  -99
    1  -99
    1  -99
    8  -99
    1  -99
    1  -99
    8  -99
    1  -99
    1  -99
    8  -99
    1  -99
    1  -99


