Resp charges for organic molecule

 &cntrl

 nmol = 1,
 ihfree = 1,
 ioutopt = 1,
 qwt = 0.00050,

 &end
    1.0
Resp charges for organic molecule
    0  200
    6    0
    6    0
    8    0
    1    0
    1    0
    1    0
    7    0
    6    0
    6    0
    8    0
    6    0
    6    0
    8    0
    8   13
    1    0
    1    0
    1    0
    1    0
    7    0
    6    0
    6    0
    8    0
    6    0
    6    0
    6    0
    6    0
    7    0
    1    0
    1    0
    1    0
    1    0
    1    0
    1    0
    1    0
    1    0
    1    0
    1    0
    1    0
    1   38
    1   38
    7    0
    6    0
    6    0
    8    0
    6    0
    6    0
    8    0
    8   47
    1    0
    1    0
    1    0
    1    0
    7    0
    6    0
    6    0
    8    0
    1    0
    1    0
    1    0
    7    0
    6    0
    6    0
    8    0
    6    0
    6    0
    7    0
    8    0
    1    0
    1    0
    1    0
    1    0
    1    0
    1   72
    7    0
    6    0
    6    0
    8    0
    1    0
    1    0
    1    0
    7    0
    6    0
    6    0
    8    0
    6    0
    6    0
    6    0
    6   87
    6    0
    6   89
    6    0
    8    0
    1    0
    1    0
    1    0
    1    0
    1    0
    1   97
    1    0
    1   99
    1    0
    7    0
    6    0
    6    0
    8    0
    6    0
    6    0
    6    0
    6    0
    1    0
    1    0
    1    0
    1    0
    1    0
    1    0
    1    0
    1    0
    1    0
    1    0
    1    0
    7    0
    6    0
    6    0
    8    0
    6    0
    8    0
    1    0
    1    0
    1    0
    1    0
    1    0
    7    0
    6    0
    6    0
    8    0
    6    0
    1    0
    1    0
    1    0
    1    0
    1    0
    7    0
    6    0
    6    0
    8    0
    6    0
    1    0
    1    0
    1    0
    1    0
    1    0
    7    0
    6    0
    6    0
    8    0
    6    0
    6    0
    6    0
    8    0
    8  159
    1    0
    1    0
    1    0
    1    0
    1    0
    1    0
    7    0
    6    0
    1    0
    1    0
    1    0
    1    0
   20    0
    8    0
    1    0
    1  175
    8  174
    8  174
    1  175
    1  175
    1  175
    1  175
    8  174
    1  175
    1  175
    8  174
    1  175
    1  175
    8  174
    1  175
    1  175
    8  174
    1  175
    1  175
    8  174
    1  175
    1  175
    8  174
    1  175
    1  175


