
Resp charges for organic molecule                                               

iqopt   irstrnt  ihfree     qwt
  2      1      1        0.001000

 rel.rms   dipole mom       Qxx      Qyy      Qzz
    0.04084 234.29284******************************

          Point charges before & after optimization
    NO   At.No.    q0           q(opt)   IVARY  d(rstr)/dq 
     1     6  -0.422481      -0.409639    0    0.002372
     2     6   0.715836       0.715836  -99    0.001384
     3     8  -0.585771      -0.585771  -99    0.001683
     4     1   0.118055       0.109463    0    0.000000
     5     1   0.140887       0.109463    4    0.000000
     6     1   0.093158       0.109463    4    0.000000
     7     7  -0.620259      -0.620259  -99    0.001592
     8     6   0.035077       0.035077  -99    0.009436
     9     6   0.473891       0.473891  -99    0.002065
    10     8  -0.489613      -0.489613  -99    0.002001
    11     6  -0.095467      -0.112536    0    0.006642
    12     6   0.589505       0.589505  -99    0.001672
    13     8  -0.539644      -0.539644  -99    0.001822
    14     8  -0.539644      -0.539644  -99    0.001822
    15     1   0.323381       0.323381  -99    0.000000
    16     1   0.122034       0.122034  -99    0.000000
    17     1   0.044223       0.067049    0    0.000000
    18     1   0.088006       0.067049   17    0.000000
    19     7  -0.275312      -0.275312  -99    0.003414
    20     6  -0.043386      -0.043386  -99    0.009174
    21     6   0.555519       0.555519  -99    0.001772
    22     8  -0.534225      -0.534225  -99    0.001840
    23     6  -0.259533      -0.025526    0    0.009689
    24     6   0.207581      -0.006203    0    0.009981
    25     6   0.022911      -0.138546    0    0.005851
    26     6   0.108641       0.101513    0    0.007017
    27     7  -0.336448      -0.336448  -99    0.002849
    28     1   0.224307       0.224307  -99    0.000000
    29     1   0.091111       0.091111  -99    0.000000
    30     1   0.116718       0.009566    0    0.000000
    31     1   0.055328       0.009566   30    0.000000
    32     1  -0.021492       0.032079    0    0.000000
    33     1  -0.029047       0.032079   32    0.000000
    34     1   0.009543       0.055130    0    0.000000
    35     1  -0.082988       0.055130   34    0.000000
    36     1   0.000193       0.063440    0    0.000000
    37     1   0.074515       0.063440   36    0.000000
    38     1   0.294947       0.294947  -99    0.000000
    39     1   0.294947       0.294947  -99    0.000000
    40     1   0.294947       0.294947  -99    0.000000
    41     7  -0.322267      -0.322267  -99    0.002964
    42     6  -0.094271      -0.094271  -99    0.007276
    43     6   0.531047       0.531047  -99    0.001851
    44     8  -0.562402      -0.562402  -99    0.001751
    45     6  -0.109218      -0.213214    0    0.004246
    46     6   0.652379       0.652379  -99    0.001515
    47     8  -0.544399      -0.544399  -99    0.001807
    48     8  -0.544399      -0.544399  -99    0.001807
    49     1   0.189233       0.189233  -99    0.000000
    50     1   0.118113       0.118113  -99    0.000000
    51     1   0.042009       0.093072    0    0.000000
    52     1   0.065785       0.093072   51    0.000000
    53     7  -0.248008      -0.248008  -99    0.003740
    54     6  -0.037993       0.118816    0    0.006439
    55     6   0.440478       0.440478  -99    0.002214
    56     8  -0.516818      -0.516818  -99    0.001900
    57     1   0.202070       0.202070  -99    0.000000
    58     1   0.028523       0.019224    0    0.000000
    59     1   0.124190       0.019224   58    0.000000
    60     7  -0.305059      -0.305059  -99    0.003115
    61     6   0.164184       0.164184  -99    0.005202
    62     6   0.479240       0.479240  -99    0.002043
    63     8  -0.550698      -0.550698  -99    0.001787
    64     6  -0.322610      -0.382413    0    0.002530
    65     6   0.626473       0.626473  -99    0.001576
    66     7  -0.746634      -0.746634  -99    0.001327
    67     8  -0.525226      -0.525226  -99    0.001870
    68     1   0.230681       0.230681  -99    0.000000
    69     1   0.046878       0.046878  -99    0.000000
    70     1   0.066491       0.121910    0    0.000000
    71     1   0.127069       0.121910   70    0.000000
    72     1   0.347873       0.347873  -99    0.000000
    73     1   0.347873       0.347873  -99    0.000000
    74     7  -0.230944      -0.230944  -99    0.003974
    75     6  -0.207852      -0.163643    0    0.005214
    76     6   0.680137       0.680137  -99    0.001455
    77     8  -0.549764      -0.549764  -99    0.001790
    78     1   0.234857       0.234857  -99    0.000000
    79     1   0.105242       0.047936    0    0.000000
    80     1   0.047357       0.047936   79    0.000000
    81     7  -0.593605      -0.593605  -99    0.001661
    82     6   0.146861       0.146861  -99    0.005628
    83     6   0.652179       0.652179  -99    0.001516
    84     8  -0.508027      -0.508027  -99    0.001931
    85     6  -0.240691      -0.210881    0    0.004285
    86     6   0.091977       0.091977  -99    0.007360
    87     6  -0.141763      -0.141763  -99    0.005764
    88     6  -0.141763      -0.141763  -99    0.005764
    89     6  -0.264847      -0.264847  -99    0.003532
    90     6  -0.264847      -0.264847  -99    0.003532
    91     6   0.320817       0.320817  -99    0.002976
    92     8  -0.520880      -0.520880  -99    0.001885
    93     1   0.339637       0.339637  -99    0.000000
    94     1   0.043447       0.043447  -99    0.000000
    95     1   0.087813       0.078203    0    0.000000
    96     1   0.092240       0.078203   95    0.000000
    97     1   0.136699       0.136699  -99    0.000000
    98     1   0.136699       0.136699  -99    0.000000
    99     1   0.154374       0.154374  -99    0.000000
   100     1   0.154374       0.154374  -99    0.000000
   101     1   0.363007       0.363007  -99    0.000000
   102     7  -0.521928      -0.521928  -99    0.001882
   103     6  -0.099811      -0.099811  -99    0.007078
   104     6   0.329217       0.329217  -99    0.002906
   105     8  -0.411431      -0.411431  -99    0.002362
   106     6   0.244723       0.244723  -99    0.003783
   107     6   0.190987       0.133424    0    0.005997
   108     6  -0.375325      -0.217916    0    0.004171
   109     6  -0.313643      -0.392528    0    0.002469
   110     1   0.237383       0.237383  -99    0.000000
   111     1   0.093920       0.093920  -99    0.000000
   112     1  -0.008576      -0.008576  -99    0.000000
   113     1  -0.032068      -0.000619    0    0.000000
   114     1  -0.008765      -0.000619  113    0.000000
   115     1   0.072098       0.047138    0    0.000000
   116     1   0.085037       0.047138  115    0.000000
   117     1   0.112294       0.047138  115    0.000000
   118     1   0.090714       0.096019    0    0.000000
   119     1   0.057838       0.096019  118    0.000000
   120     1   0.072202       0.096019  118    0.000000
   121     7  -0.112728      -0.112728  -99    0.006636
   122     6   0.026637       0.026637  -99    0.009663
   123     6   0.378195       0.378195  -99    0.002556
   124     8  -0.530518      -0.530518  -99    0.001852
   125     6   0.174818       0.196233    0    0.004540
   126     8  -0.622086      -0.622086  -99    0.001587
   127     1   0.175004       0.175004  -99    0.000000
   128     1   0.058262       0.058262  -99    0.000000
   129     1   0.046006       0.019513    0    0.000000
   130     1   0.024166       0.019513  129    0.000000
   131     1   0.407535       0.407535  -99    0.000000
   132     7  -0.393338      -0.393338  -99    0.002464
   133     6   0.280307       0.280307  -99    0.003360
   134     6   0.426205       0.426205  -99    0.002284
   135     8  -0.470289      -0.470289  -99    0.002080
   136     6  -0.333113      -0.376120    0    0.002569
   137     1   0.274672       0.274672  -99    0.000000
   138     1   0.005134       0.005134  -99    0.000000
   139     1   0.091100       0.127950    0    0.000000
   140     1   0.101731       0.127950  139    0.000000
   141     1   0.154799       0.127950  139    0.000000
   142     7  -0.448389      -0.448389  -99    0.002177
   143     6   0.304625       0.304625  -99    0.003119
   144     6   0.366540       0.366540  -99    0.002632
   145     8  -0.510174      -0.510174  -99    0.001924
   146     6  -0.302651      -0.292340    0    0.003237
   147     1   0.220706       0.220706  -99    0.000000
   148     1   0.030953       0.030953  -99    0.000000
   149     1   0.091472       0.078276    0    0.000000
   150     1   0.097537       0.078276  149    0.000000
   151     1   0.057895       0.078276  149    0.000000
   152     7  -0.136436      -0.136436  -99    0.005912
   153     6  -0.251448      -0.251448  -99    0.003695
   154     6   0.532707       0.532707  -99    0.001845
   155     8  -0.517820      -0.517820  -99    0.001896
   156     6   0.061797       0.258515    0    0.003608
   157     6  -0.300019      -0.306854    0    0.003098
   158     6   0.761301       0.761301  -99    0.001302
   159     8  -0.639682      -0.639682  -99    0.001545
   160     8  -0.639682      -0.639682  -99    0.001545
   161     1   0.079727       0.079727  -99    0.000000
   162     1   0.194646       0.194646  -99    0.000000
   163     1  -0.005450      -0.012294    0    0.000000
   164     1   0.129800      -0.012294  163    0.000000
   165     1   0.116143       0.057649    0    0.000000
   166     1   0.042650       0.057649  165    0.000000
   167     7  -0.255430      -0.255430  -99    0.003646
   168     6  -0.187668      -0.228833    0    0.004004
   169     1   0.104261       0.109095    0    0.000000
   170     1   0.082556       0.109095  169    0.000000
   171     1   0.102542       0.109095  169    0.000000
   172     1   0.165173       0.165173  -99    0.000000
   173    20   1.736993       1.736993  -99    0.000575
   174     8  -0.797003      -0.797003  -99    0.001245
   175     1   0.353734       0.353734  -99    0.000000
   176     1   0.353734       0.353734  -99    0.000000
   177     8  -0.797003      -0.797003  -99    0.001245
   178     8  -0.797003      -0.797003  -99    0.001245
   179     1   0.353734       0.353734  -99    0.000000
   180     1   0.353734       0.353734  -99    0.000000
   181     1   0.353734       0.353734  -99    0.000000
   182     1   0.353734       0.353734  -99    0.000000
   183     8  -0.797003      -0.797003  -99    0.001245
   184     1   0.353734       0.353734  -99    0.000000
   185     1   0.353734       0.353734  -99    0.000000
   186     8  -0.797003      -0.797003  -99    0.001245
   187     1   0.353734       0.353734  -99    0.000000
   188     1   0.353734       0.353734  -99    0.000000
   189     8  -0.797003      -0.797003  -99    0.001245
   190     1   0.353734       0.353734  -99    0.000000
   191     1   0.353734       0.353734  -99    0.000000
   192     8  -0.797003      -0.797003  -99    0.001245
   193     1   0.353734       0.353734  -99    0.000000
   194     1   0.353734       0.353734  -99    0.000000
   195     8  -0.797003      -0.797003  -99    0.001245
   196     1   0.353734       0.353734  -99    0.000000
   197     1   0.353734       0.353734  -99    0.000000
   198     8  -0.797003      -0.797003  -99    0.001245
   199     1   0.353734       0.353734  -99    0.000000
   200     1   0.353734       0.353734  -99    0.000000

        Statistics of the fitting:
  The initial sum of squares (ssvpot)                    168.004
  The residual sum of squares (chipot)                     0.280
  The std err of estimate (sqrt(chipot/N))               0.00265
  ESP relative RMS (SQRT(chipot/ssvpot))                 0.04084

 Dipole Moment (Debye)= 234.29284
