 -0.409639  0.715836 -0.585771  0.109463  0.109463  0.109463 -0.620259  0.035077
  0.473891 -0.489613 -0.112536  0.589505 -0.539644 -0.539644  0.323381  0.122034
  0.067049  0.067049 -0.275312 -0.043386  0.555519 -0.534225 -0.025526 -0.006203
 -0.138546  0.101513 -0.336448  0.224307  0.091111  0.009566  0.009566  0.032079
  0.032079  0.055130  0.055130  0.063440  0.063440  0.294947  0.294947  0.294947
 -0.322267 -0.094271  0.531047 -0.562402 -0.213214  0.652379 -0.544399 -0.544399
  0.189233  0.118113  0.093072  0.093072 -0.248008  0.118816  0.440478 -0.516818
  0.202070  0.019224  0.019224 -0.305059  0.164184  0.479240 -0.550698 -0.382413
  0.626473 -0.746634 -0.525226  0.230681  0.046878  0.121910  0.121910  0.347873
  0.347873 -0.230944 -0.163643  0.680137 -0.549764  0.234857  0.047936  0.047936
 -0.593605  0.146861  0.652179 -0.508027 -0.210881  0.091977 -0.141763 -0.141763
 -0.264847 -0.264847  0.320817 -0.520880  0.339637  0.043447  0.078203  0.078203
  0.136699  0.136699  0.154374  0.154374  0.363007 -0.521928 -0.099811  0.329217
 -0.411431  0.244723  0.133424 -0.217916 -0.392528  0.237383  0.093920 -0.008576
 -0.000619 -0.000619  0.047138  0.047138  0.047138  0.096019  0.096019  0.096019
 -0.112728  0.026637  0.378195 -0.530518  0.196233 -0.622086  0.175004  0.058262
  0.019513  0.019513  0.407535 -0.393338  0.280307  0.426205 -0.470289 -0.376120
  0.274672  0.005134  0.127950  0.127950  0.127950 -0.448389  0.304625  0.366540
 -0.510174 -0.292340  0.220706  0.030953  0.078276  0.078276  0.078276 -0.136436
 -0.251448  0.532707 -0.517820  0.258515 -0.306854  0.761301 -0.639682 -0.639682
  0.079727  0.194646 -0.012294 -0.012294  0.057649  0.057649 -0.255430 -0.228833
  0.109095  0.109095  0.109095  0.165173  1.736993 -0.797003  0.353734  0.353734
 -0.797003 -0.797003  0.353734  0.353734  0.353734  0.353734 -0.797003  0.353734
  0.353734 -0.797003  0.353734  0.353734 -0.797003  0.353734  0.353734 -0.797003
  0.353734  0.353734 -0.797003  0.353734  0.353734 -0.797003  0.353734  0.353734
