 -0.422481  0.715836 -0.585771  0.118055  0.140887  0.093158 -0.620259  0.035077
  0.473891 -0.489613 -0.095467  0.589505 -0.539644 -0.539644  0.323381  0.122034
  0.044223  0.088006 -0.275312 -0.043386  0.555519 -0.534225 -0.259533  0.207581
  0.022911  0.108641 -0.336448  0.224307  0.091111  0.116718  0.055328 -0.021492
 -0.029047  0.009543 -0.082988  0.000193  0.074515  0.294947  0.294947  0.294947
 -0.322267 -0.094271  0.531047 -0.562402 -0.109218  0.652379 -0.544399 -0.544399
  0.189233  0.118113  0.042009  0.065785 -0.248008 -0.037993  0.440478 -0.516818
  0.202070  0.028523  0.124190 -0.305059  0.164184  0.479240 -0.550698 -0.322610
  0.626473 -0.746634 -0.525226  0.230681  0.046878  0.066491  0.127069  0.347873
  0.347873 -0.230944 -0.207852  0.680137 -0.549764  0.234857  0.105242  0.047357
 -0.593605  0.146861  0.652179 -0.508027 -0.240691  0.091977 -0.141763 -0.141763
 -0.264847 -0.264847  0.320817 -0.520880  0.339637  0.043447  0.087813  0.092240
  0.136699  0.136699  0.154374  0.154374  0.363007 -0.521928 -0.099811  0.329217
 -0.411431  0.244723  0.190987 -0.375325 -0.313643  0.237383  0.093920 -0.008576
 -0.032068 -0.008765  0.072098  0.085037  0.112294  0.090714  0.057838  0.072202
 -0.112728  0.026637  0.378195 -0.530518  0.174818 -0.622086  0.175004  0.058262
  0.046006  0.024166  0.407535 -0.393338  0.280307  0.426205 -0.470289 -0.333113
  0.274672  0.005134  0.091100  0.101731  0.154799 -0.448389  0.304625  0.366540
 -0.510174 -0.302651  0.220706  0.030953  0.091472  0.097537  0.057895 -0.136436
 -0.251448  0.532707 -0.517820  0.061797 -0.300019  0.761301 -0.639682 -0.639682
  0.079727  0.194646 -0.005450  0.129800  0.116143  0.042650 -0.255430 -0.187668
  0.104261  0.082556  0.102542  0.165173  1.736993 -0.797003  0.353734  0.353734
 -0.797003 -0.797003  0.353734  0.353734  0.353734  0.353734 -0.797003  0.353734
  0.353734 -0.797003  0.353734  0.353734 -0.797003  0.353734  0.353734 -0.797003
  0.353734  0.353734 -0.797003  0.353734  0.353734 -0.797003  0.353734  0.353734
