  20  2.0049
  20  1.8757
  20  1.9307
  20  1.9430
  20  1.8351
  20  1.6306
  20  1.8660
  20  1.9603
  20  1.8865
  20  1.9105
  20  1.8620
  20  1.9099
  20  1.8969
  20  1.9727
  20  1.8880
  20  1.9574
  20  1.9640
  20  1.9039
  20  1.9222
  20  1.8771
  20  1.8878
  20  1.8917
  20  1.9444
  20  1.9007
  20  1.9035
  20  1.9709
  20  1.9877
  20  1.9484
  20  1.9037
  20  1.8425
  20  1.9367
  20  2.3184
  20  2.0451
  20  1.8941
  20  1.8915
  20  1.9704
  20  1.6379
  20  1.8646
  20  2.0929
  20  2.0189
  20  1.9565
  20  1.9925
  20  1.9382
  20  1.9110
  20  1.8382
  20  1.9081
  20  1.9235
  20  1.8740
  20  1.9625
  20  1.9136
  20  1.9369
  20  1.9297
  20  1.8131
  20  1.9622
  20  1.8469
  20  1.8810
  20  1.9509
  20  2.0041
  20  1.9724
  20  1.9007
  20  1.9544
  20  2.0592
  20  1.9237
  20  1.8887
  20  2.0038
  20  1.9694
  20  1.9939
  20  2.0016
  20  1.8433
  20  1.8974
  20  1.8476
  20  2.0131
  20  1.8994
  20  1.8779
  20  1.9563
  20  1.9683
  20  1.7960
  20  1.8831
  20  1.9765
  20  1.9251
  20  1.8593
  20  1.9293
  20  1.8196
  20  1.8827
  20  1.8596
  20  1.8946
  20  1.9707
  20  1.9746
  20  1.8986
  20  1.9619
  20  1.8387
  20  1.8006
  20  2.0148
  20  1.9078
  20  1.6986
  20  1.9754
  20  1.9865
  20  1.9133
  20  1.8191
  20  1.9145
  20  1.8784
  20  1.9958
  20  2.0571
  20  1.9266
  20  1.9355
  20  1.9242
  20  1.8895
  20  1.8804
  20  1.8235
  20  1.9800
  20  1.9115
  20  1.8568
  20  1.9528
  20  1.9727
  20  1.8615
  20  1.8699
  20  1.9158
  20  1.8966
  20  1.9418
  20  1.9241
  20  1.8011
  20  1.9678
  20  1.9445
  20  1.9057
  20  2.0172
  20  2.0512
  20  1.9013
  20  1.9627
  20  1.9461
  20  1.8504
  20  1.8545
  20  2.0195
  20  1.9033
  20  1.8275
  20  1.9929
  20  1.9556
  20  1.8518
  20  1.9652
  20  1.9216
  20  1.8149
  20  1.8773
  20  1.9275
  20  1.9359
  20  1.9235
  20  1.8747
  20  1.8913
  20  1.9035
  20  1.9496
  20  1.9093
  20  1.9034
  20  1.8146
  20  1.8445
  20  1.8805
  20  2.0591
  20  1.7773
  20  1.8518
  20  1.9368
  20  1.9008
  20  1.8385
  20  1.8517
  20  1.9230
  20  1.9114
  20  1.9013
  20  1.9253
  20  1.8771
  20  1.8423
  20  1.8695
  20  1.9211
  20  1.8799
  20  1.9187
  20  1.8855
  20  1.8928
  20  1.9323
  20  1.8392
  20  1.8283
  20  1.8656
  20  1.9310
  20  1.8297
  20  1.6416
  20  1.8910
  20  1.8924
  20  1.8696
  20  1.8709
  20  1.8400
  20  1.8825
  20  2.0823
  20  1.8809
  20  1.9128
  20  1.8257
  20  1.8548
  20  1.7434
  20  1.9607
  20  1.9296
  20  1.8670
  20  1.8844
  20  1.9490
  20  1.8745
  20  1.9099
  20  1.9427
  20  1.8966
  20  1.8979
  20  1.7767
  20  1.9101
  20  1.9104
  20  1.8621
  20  1.2996
  20  1.8750
  20  1.9277
  20  1.8961
  20  1.8895
  20  1.9688
  20  1.8691
  20  1.3449
  20  1.8929
  20  1.8591
  20  2.1037
  20  1.9002
  20  1.9037
  20  1.8171
  20  1.8443
  20  1.8199
  20  1.9053
  20  1.8804
  20  1.9478
  20  1.8514
  20  1.7366
  20  1.9494
  20  1.8296
  20  1.8550
  20  1.8752
  20  1.9224
  20  1.8519
  20  1.9348
  20  1.9083
  20  1.9937
  20  1.8483
  20  1.8392
  20  1.7903
  20  1.8880
  20  1.8746
  20  1.9878
  20  1.9400
  20  1.8225
  20  1.9013
  20  1.8927
  20  1.4290
  20  1.7935
  20  1.8237
  20  1.9268
  20  1.9534
  20  1.8981
  20  1.8503
  20  1.9001
  20  1.9646
  20  1.8309
  20  1.9122
  20  1.7644
  20  1.8646
  20  1.8649
  20  1.8507
  20  1.8795
  20  1.4322
  20  2.0319
  20  1.9470
  20  1.7677
  20  2.0447
  20  1.8936
  20  1.9262
  20  1.8287
  20  1.8546
  20  1.8315
  20  1.9901
  20  1.8151
  20  1.8181
  20  1.7819
  20  1.9474
  20  2.0593
  20  1.3266
  20  1.8946
  20  1.7466
  20  1.8237
  20  1.8751
  20  1.8472
  20  1.7448
  20  1.8709
  20  2.0842
  20  1.8856
  20  1.8527
  20  1.9981
  20  1.8557
  20  1.8548
  20  1.9503
  20  1.7925
  20  1.8821
  20  1.8836
  20  1.8933
  20  1.8024
  20  1.9196
  20  1.7868
  20  1.5865
  20  1.7948
  20  1.9631
  20  1.8670
  20  1.9446
  20  1.8707
  20  1.8769
  20  1.9081
  20  1.8783
  20  1.9755
  20  1.9307
  20  1.9481
  20  1.9220
  20  1.9704
  20  2.0477
  20  1.9089
  20  1.8710
  20  1.9025
  20  1.8812
  20  1.9132
  20  2.0192
  20  1.8781
  20  1.8903
  20  1.7748
  20  1.8817
  20  1.8994
  20  1.8956
  20  1.5173
  20  1.9368
  20  1.7525
  20  1.9201
  20  1.7869
  20  1.7921
  20  1.8336
  20  2.0238
  20  1.9275
  20  1.9604
  20  2.0543
  20  1.9151
  20  1.9094
  20  1.7935
  20  1.9657
  20  1.8773
  20  1.9430
  20  1.9200
  20  1.8851
  20  1.8061
  20  1.9270
  20  1.8979
  20  1.7719
  20  1.7873
  20  1.9372
  20  1.8561
  20  1.8768
  20  1.5981
  20  1.8411
  20  1.8999
  20  1.7619
  20  1.5038
  20  1.8689
  20  1.8897
  20  1.8503
  20  1.9326
  20  1.8858
  20  1.7786
  20  1.8441
  20  2.1164
  20  1.8987
  20  1.8941
  20  1.9103
  20  1.9490
  20  1.8982
  20  1.9562
  20  2.1362
  20  1.8335
  20  1.9006
  20  1.8422
  20  1.8467
  20  1.8846
  20  1.7878
  20  1.7849
  20  1.7850
  20  1.9073
  20  1.8811
  20  1.4788
  20  1.8485
  20  1.3244
  20  1.8340
  20  1.9209
  20  2.0256
  20  1.9299
  20  1.8732
  20  1.7982
  20  1.8139
  20  1.8462
  20  1.7892
  20  1.9198
  20  1.7801
  20  2.0375
  20  1.7596
  20  1.8396
  20  1.9602
  20  1.9356
  20  1.8287
  20  1.9290
  20  1.9653
  20  2.0956
  20  1.9106
  20  1.8776
  20  2.0201
  20  1.7938
  20  1.8253
  20  1.8108
  20  1.8581
  20  1.8614
  20  1.8389
  20  1.7997
  20  1.8344
  20  1.9083
  20  1.8988
  20  2.0585
  20  1.9094
  20  1.9203
  20  1.9918
  20  2.0464
  20  1.9551
  20  1.8103
  20  2.0523
  20  2.0593
  20  1.7946
  20  1.9276
  20  1.9609
  20  2.0457
  20  1.8723
  20  1.9424
  20  1.8829
  20  1.8983
  20  1.8969
  20  1.8683
  20  1.9102
  20  2.0713
  20  1.9893
  20  1.9208
  20  1.8875
  20  1.8181
  20  1.9507
  20  1.9187
  20  1.8082
  20  1.8261
  20  1.9279
  20  2.1153
  20  1.8155
  20  1.8688
  20  1.8563
  20  1.8787
  20  2.0744
  20  1.9167
  20  1.8708
  20  1.9650
  20  2.0218
  20  1.8991
  20  1.8729
  20  1.9140
  20  1.9094
  20  1.9962
  20  1.9062
  20  1.9437
  20  1.9402
  20  1.9516
  20  1.9192
  20  1.9987
  20  2.0761
  20  1.9125
  20  1.9903
  20  1.9423
  20  2.0067
  20  1.9452
  20  1.7996
  20  1.9530
  20  1.8109
  20  1.9699
  20  1.8677
  20  1.9431
  20  1.9676
  20  1.9876
  20  1.9295
  20  1.9528
  20  1.9496
  20  2.1732
  20  1.9273
  20  1.8842
  20  1.9363
  20  1.9639
  20  1.9786
  20  1.9030
  20  1.9526
  20  1.9767
  20  1.8454
  20  1.9650
  20  1.9363
  20  1.9433
  20  1.9534
  20  1.9006
  20  2.0196
  20  1.9925
  20  1.9473
  20  1.9869
  20  1.8936
  20  1.9291
  20  1.9647
  20  2.0190
  20  1.8547
  20  1.9681
  20  1.9453
  20  1.9402
  20  1.9750
  20  1.9543
  20  1.9482
  20  1.9479
  20  1.9842
  20  1.9845
  20  1.9382
  20  1.9766
  20  1.9460
  20  1.8603
  20  1.9123
  20  1.7939
  20  1.9802
  20  1.9335
  20  1.8447
  20  1.9040
  20  1.9846
  20  1.6997
  20  1.9656
  20  1.7836
  20  1.9444
  20  1.9778
  20  1.9285
  20  2.0157
  20  2.0192
  20  1.8718
  20  2.1124
  20  1.9547
  20  1.8024
  20  1.9609
  20  1.9964
  20  1.9171
  20  1.9035
  20  1.9501
  20  1.9339
  20  1.7590
  20  1.9101
  20  1.7119
  20  1.9687
  20  1.9161
  20  1.9466
  20  1.9034
  20  1.8181
  20  1.8891
  20  1.8654
  20  1.7485
  20  1.8089
  20  1.8256
  20  1.8839
  20  1.8770
  20  1.9373
  20  1.8171
  20  1.8701
  20  1.9879
  20  1.9358
  20  1.8842
  20  1.8766
  20  1.8659
  20  1.8980
  20  1.8364
  20  1.9308
  20  2.0376
  20  1.9740
  20  1.9330
  20  1.7852
  20  1.8501
  20  1.9160
  20  1.8533
  20  1.8460
  20  1.9682
  20  1.9804
  20  1.8746
  20  1.8784
  20  1.9390
  20  1.9813
  20  1.8946
  20  1.8999
  20  1.9773
  20  2.0658
  20  2.0025
  20  1.9268
  20  1.8259
  20  1.8239
  20  1.9670
  20  1.8307
  20  1.9412
  20  1.8748
  20  1.7459
  20  1.8808
  20  1.8324
  20  1.9003
  20  1.9630
  20  1.2698
  20  1.9335
  20  1.8291
  20  1.8546
  20  1.8688
  20  1.8090
  20  1.9392
  20  1.7368
  20  1.9933
  20  1.9784
  20  1.9479
  20  1.8753
  20  1.9246
  20  1.8298
  20  1.7538
  20  1.8954
  20  1.8837
  20  1.9223
  20  1.6198
  20  1.9488
  20  1.8698
  20  1.9672
  20  1.9928
  20  1.9116
  20  1.8620
  20  1.7839
  20  1.9324
  20  1.3087
  20  1.7978
  20  2.0096
  20  1.9094
  20  1.6068
  20  1.9174
  20  1.7959
  20  1.9157
  20  1.8492
  20  1.8041
  20  1.9496
  20  2.0615
  20  1.7883
  20  1.8288
  20  1.8041
  20  1.3459
  20  1.8673
  20  1.8836
  20  1.8602
  20  1.8068
  20  1.8964
  20  1.8149
  20  1.7904
  20  1.9919
  20  1.8623
  20  1.7787
  20  1.9255
  20  1.7664
  20  1.8816
  20  1.8854
  20  1.8147
  20  1.9037
  20  2.0293
  20  1.9701
  20  1.2743
  20  1.9404
  20  1.9052
  20  1.8708
  20  1.8571
  20  1.9138
  20  1.8773
  20  1.9602
  20  1.7781
  20  1.5761
  20  1.8250
  20  1.9573
  20  1.9555
  20  2.0215
  20  1.9107
  20  1.9583
  20  1.9149
  20  1.7964
  20  1.8952
  20  1.9035
  20  1.8948
  20  1.8117
  20  1.8456
  20  1.8840
  20  1.9865
  20  1.9159
  20  1.9534
  20  1.9838
  20  1.9814
  20  1.8786
  20  2.0324
  20  1.8577
  20  1.9220
  20  1.9158
  20  1.8388
  20  1.9503
  20  1.8553
  20  1.8054
  20  1.9459
  20  1.8548
  20  1.9170
  20  1.9296
  20  1.8963
  20  1.7459
  20  1.8470
  20  1.9221
  20  1.8515
  20  1.8938
  20  1.8660
  20  1.9041
  20  1.5657
  20  1.9200
  20  2.0720
  20  1.8367
  20  1.8692
  20  1.8987
  20  1.9019
  20  1.9261
  20  2.0410
  20  1.9199
  20  1.9578
  20  1.9413
  20  1.9002
  20  1.8979
  20  1.8619
  20  1.9501
  20  1.8755
  20  2.0098
  20  1.9612
  20  1.6638
  20  1.9725
  20  1.4862
  20  1.9651
  20  1.8865
  20  1.9610
  20  1.8627
  20  1.8946
  20  1.9576
  20  1.8800
  20  1.8672
  20  1.7819
  20  1.9227
  20  1.9274
  20  1.8587
  20  1.9095
  20  1.8942
  20  1.8613
  20  1.8515
  20  1.7640
  20  2.0064
  20  1.9276
  20  1.8618
  20  1.8605
