   6 -0.5005
   6  0.6993
   8 -0.6330
   1  0.1543
   1  0.1543
   1  0.1543
   7 -0.6347
   6  0.3158
   6  0.2143
   8 -0.4738
   6 -0.4535
   6  0.6091
   8 -0.7986
   8 -0.7986
   1  0.4134
   1 -0.0177
   1  0.1785
   1  0.1785
   7  0.1473
   6 -0.0340
   6  0.3795
   8 -0.5967
   6  0.3424
   6 -0.3106
   6  0.1929
   6  0.2186
   7 -0.3302
   1 -0.0843
   1  0.0623
   1 -0.0873
   1 -0.0873
   1  0.0932
   1  0.0932
   1 -0.0235
   1 -0.0235
   1  0.0368
   1  0.0368
   1  0.3350
   1  0.3350
   1  0.3350
   7 -0.3195
   6  0.6408
   6 -0.2628
   8 -0.3987
   6 -0.8471
   6  0.8756
   8 -0.7789
   8 -0.7789
   1  0.1751
   1 -0.0189
   1  0.2296
   1  0.2296
   7  0.2825
   6 -0.3822
   6  0.5323
   8 -0.5791
   1 -0.0109
   1  0.1637
   1  0.1637
   7 -0.0820
   6 -0.1958
   6  0.5024
   8 -0.6362
   6 -0.1211
   6  0.4157
   7 -0.7522
   8 -0.2973
   1  0.0906
   1  0.1389
   1  0.1224
   1  0.1224
   1  0.3694
   1  0.3694
   7 -0.2991
   6 -0.2544
   6  0.4860
   8 -0.5965
   1  0.2875
   1  0.1575
   1  0.1575
   7 -0.0608
   6 -0.3739
   6  0.8094
   8 -0.6954
   6  0.0699
   6 -0.1596
   6  0.0876
   6  0.0876
   6 -0.5048
   6 -0.5048
   6  0.6047
   8 -0.6112
   1  0.1270
   1  0.1681
   1  0.0079
   1  0.0079
   1  0.0972
   1  0.0972
   1  0.1952
   1  0.1952
   1  0.4575
   7 -0.6221
   6 -0.0913
   6  0.7622
   8 -0.6131
   6  0.3710
   6  0.0064
   6 -0.5995
   6 -0.2589
   1  0.3148
   1  0.0595
   1 -0.0492
   1  0.0616
   1  0.0616
   1  0.1275
   1  0.1275
   1  0.1275
   1  0.0668
   1  0.0668
   1  0.0668
   7 -0.3675
   6 -0.0576
   6  0.4032
   8 -0.3274
   6  0.2995
   8 -0.4757
   1  0.1219
   1  0.0572
   1 -0.0137
   1 -0.0137
   1  0.2355
   7 -0.4394
   6  0.1605
   6  0.4869
   8 -0.6012
   6 -0.3109
   1  0.3699
   1  0.0459
   1  0.0996
   1  0.0996
   1  0.0996
   7 -0.5183
   6  0.4017
   6  0.0777
   8 -0.4835
   6 -0.2887
   1  0.3355
   1 -0.0352
   1  0.0947
   1  0.0947
   1  0.0947
   7  0.3360
   6 -0.2944
   6  0.4639
   8 -0.5773
   6  0.3882
   6 -0.4418
   6  0.7537
   8 -0.7112
   8 -0.7112
   1  0.0757
   1  0.1870
   1 -0.1331
   1 -0.1331
   1  0.0880
   1  0.0880
   7 -0.1740
   6  0.0246
   1  0.0423
   1  0.0423
   1  0.0423
   1  0.0118
  20  2.1463
   8 -0.5764
   1  0.3181
   1  0.3181
 rrms:    0.0400
