   6 -0.4656
   6  0.6806
   8 -0.6680
   1  0.1457
   1  0.1457
   1  0.1457
   7 -0.5361
   6  0.1646
   6  0.4796
   8 -0.5973
   6 -0.0987
   6  0.1157
   8 -0.5155
   8 -0.5155
   1  0.3284
   1  0.1048
   1  0.0964
   1  0.0964
   7 -0.0526
   6  0.1585
   6  0.3950
   8 -0.5171
   6 -0.1692
   6 -0.0251
   6 -0.0203
   6  0.1587
   7 -0.0159
   1  0.0437
   1  0.0008
   1  0.0761
   1  0.0761
   1  0.0044
   1  0.0044
   1  0.0638
   1  0.0638
   1  0.0233
   1  0.0233
   1  0.2591
   1  0.2591
   1  0.2591
   7 -0.5136
   6  0.4186
   6  0.1687
   8 -0.4899
   6 -0.6779
   6  0.8108
   8 -0.7805
   8 -0.7805
   1  0.0021
   1  0.0161
   1  0.2067
   1  0.2067
   7  0.0195
   6 -0.1536
   6  0.4723
   8 -0.5854
   1  0.1723
   1  0.1350
   1  0.1350
   7 -0.1320
   6 -0.0382
   6  0.3374
   8 -0.5627
   6 -0.4141
   6  0.6288
   7 -0.7798
   8 -0.5434
   1  0.0609
   1  0.1723
   1  0.1871
   1  0.1871
   1  0.4002
   1  0.4002
   7 -0.0557
   6 -0.2007
   6  0.4043
   8 -0.5556
   1 -0.0185
   1  0.1430
   1  0.1430
   7 -0.2032
   6 -0.1843
   6  0.7879
   8 -0.5798
   6 -0.0244
   6  0.1449
   6 -0.2103
   6 -0.2103
   6 -0.1463
   6 -0.1463
   6  0.2179
   8 -0.5111
   1  0.2528
   1  0.1096
   1  0.0206
   1  0.0206
   1  0.1355
   1  0.1355
   1  0.1323
   1  0.1323
   1  0.4215
   7 -0.6615
   6  0.0043
   6  0.6253
   8 -0.5586
   6  0.2772
   6 -0.0373
   6 -0.2010
   6 -0.1103
   1  0.3298
   1  0.0414
   1 -0.0289
   1  0.0285
   1  0.0285
   1  0.0288
   1  0.0288
   1  0.0288
   1  0.0398
   1  0.0398
   1  0.0398
   7 -0.0600
   6 -0.4421
   6  0.5844
   8 -0.3051
   6  0.4204
   8 -0.6348
   1 -0.0064
   1  0.1826
   1 -0.0600
   1 -0.0600
   1  0.4403
   7 -0.3857
   6  0.1892
   6  0.5872
   8 -0.6493
   6 -0.2911
   1  0.3863
   1  0.0208
   1  0.0887
   1  0.0887
   1  0.0887
   7 -0.5782
   6  0.6405
   6 -0.1664
   8 -0.4312
   6 -0.7959
   1  0.3603
   1 -0.0634
   1  0.2534
   1  0.2534
   1  0.2534
   7  0.4037
   6 -0.1900
   6  0.3151
   8 -0.5374
   6  0.6973
   6 -1.1622
   6  1.1332
   8 -0.8502
   8 -0.8502
   1 -0.1183
   1  0.1785
   1 -0.1664
   1 -0.1664
   1  0.3056
   1  0.3056
   7  0.0716
   6 -0.2207
   1  0.1103
   1  0.1103
   1  0.1103
   1 -0.3171
  20  1.9494
   8 -0.7005
   1  0.3595
   1  0.3595
 rrms:    0.0463
