   6 -0.5315
   6  0.7355
   8 -0.6343
   1  0.1713
   1  0.1713
   1  0.1713
   7 -0.7498
   6  0.4861
   6  0.3009
   8 -0.4856
   6 -0.4905
   6  0.5265
   8 -0.6877
   8 -0.6877
   1  0.4350
   1 -0.0504
   1  0.1615
   1  0.1615
   7  0.0566
   6 -0.1231
   6  0.3910
   8 -0.5675
   6  0.1411
   6 -0.1034
   6 -0.0500
   6  0.3476
   7 -0.2913
   1 -0.0148
   1  0.0919
   1 -0.0080
   1 -0.0080
   1  0.0605
   1  0.0605
   1  0.0499
   1  0.0499
   1 -0.0330
   1 -0.0330
   1  0.3291
   1  0.3291
   1  0.3291
   7 -0.4064
   6  0.5157
   6 -0.0642
   8 -0.4286
   6 -0.5007
   6  0.8357
   8 -0.7780
   8 -0.7780
   1  0.1457
   1 -0.0140
   1  0.1355
   1  0.1355
   7  0.1046
   6 -0.2983
   6  0.4295
   8 -0.5659
   1  0.0429
   1  0.1601
   1  0.1601
   7 -0.0625
   6 -0.2403
   6  0.5430
   8 -0.5813
   6  0.0280
   6  0.4534
   7 -0.7535
   8 -0.4797
   1  0.2619
   1  0.1728
   1  0.0350
   1  0.0350
   1  0.3742
   1  0.3742
   7 -0.2225
   6 -0.0526
   6  0.4219
   8 -0.5940
   1  0.1731
   1  0.0920
   1  0.0920
   7 -0.3015
   6 -0.0167
   6  0.7365
   8 -0.6431
   6 -0.4991
   6  0.5593
   6 -0.4166
   6 -0.4166
   6 -0.0821
   6 -0.0821
   6  0.1653
   8 -0.4968
   1  0.1335
   1  0.0697
   1  0.1596
   1  0.1596
   1  0.1839
   1  0.1839
   1  0.1421
   1  0.1421
   1  0.3793
   7 -0.6263
   6 -0.1155
   6  0.8541
   8 -0.6175
   6  0.2057
   6  0.1199
   6 -0.3777
   6 -0.1940
   1  0.3171
   1  0.1380
   1 -0.0143
   1  0.0205
   1  0.0205
   1  0.0662
   1  0.0662
   1  0.0662
   1  0.0519
   1  0.0519
   1  0.0519
   7 -0.3607
   6 -0.0037
   6  0.2567
   8 -0.3322
   6  0.0051
   8 -0.3889
   1  0.0844
   1  0.0221
   1  0.0577
   1  0.0577
   1  0.3995
   7 -0.1679
   6 -0.0804
   6  0.7560
   8 -0.6383
   6 -0.2901
   1  0.3167
   1  0.1035
   1  0.0975
   1  0.0975
   1  0.0975
   7 -0.6020
   6  0.3857
   6 -0.1050
   8 -0.4250
   6 -0.2977
   1  0.3648
   1 -0.0067
   1  0.1057
   1  0.1057
   1  0.1057
   7  0.5844
   6 -0.6803
   6  0.7323
   8 -0.6283
   6  0.5360
   6 -0.0358
   6  0.3362
   8 -0.6037
   8 -0.6037
   1 -0.0288
   1  0.2240
   1 -0.2107
   1 -0.2107
   1  0.0173
   1  0.0173
   7 -0.2622
   6 -0.0897
   1  0.0737
   1  0.0737
   1  0.0737
   1 -0.0454
  20  1.9680
   8 -0.6553
   1  0.3216
   1  0.3216
 rrms:    0.0434
