   6 -0.8049
   6  1.1228
   8 -0.7581
   1  0.2406
   1  0.2406
   1  0.2406
   7 -1.1664
   6  1.0437
   6  0.0566
   8 -0.4397
   6 -0.3905
   6  0.3568
   8 -0.6425
   8 -0.6425
   1  0.5081
   1 -0.3675
   1  0.1401
   1  0.1401
   7  0.3746
   6 -0.5612
   6  0.8838
   8 -0.6833
   6  0.3124
   6 -0.2729
   6  0.1948
   6  0.2699
   7 -0.3271
   1 -0.0745
   1  0.2074
   1 -0.0546
   1 -0.0546
   1  0.0505
   1  0.0505
   1  0.0020
   1  0.0020
   1 -0.0111
   1 -0.0111
   1  0.3442
   1  0.3442
   1  0.3442
   7 -1.0013
   6  0.9567
   6 -0.0940
   8 -0.4498
   6 -1.0158
   6  0.9782
   8 -0.8342
   8 -0.8342
   1  0.2993
   1 -0.1076
   1  0.2643
   1  0.2643
   7 -0.0082
   6 -0.1866
   6  0.3679
   8 -0.5750
   1  0.1064
   1  0.1545
   1  0.1545
   7  0.0065
   6  0.0012
   6  0.2886
   8 -0.5255
   6 -0.3030
   6  0.7233
   7 -0.8701
   8 -0.5603
   1 -0.0052
   1  0.1236
   1  0.1405
   1  0.1405
   1  0.4040
   1  0.4040
   7 -0.0141
   6 -0.0652
   6  0.5064
   8 -0.6002
   1  0.0728
   1  0.0723
   1  0.0723
   7 -0.1589
   6 -0.5048
   6  1.1609
   8 -0.9348
   6  0.0011
   6  0.1797
   6 -0.2414
   6 -0.2414
   6 -0.1236
   6 -0.1236
   6  0.2449
   8 -0.4732
   1  0.0836
   1  0.2083
   1  0.0149
   1  0.0149
   1  0.1490
   1  0.1490
   1  0.1227
   1  0.1227
   1  0.3827
   7 -0.9982
   6  0.3667
   6  0.4945
   8 -0.5428
   6  0.0050
   6  0.4235
   6 -0.4504
   6 -0.1403
   1  0.4238
   1  0.0975
   1  0.0284
   1 -0.1228
   1 -0.1228
   1  0.0775
   1  0.0775
   1  0.0775
   1  0.0366
   1  0.0366
   1  0.0366
   7  0.0705
   6 -0.2906
   6  0.3999
   8 -0.2505
   6  0.1459
   8 -0.4943
   1 -0.1728
   1  0.1876
   1  0.0420
   1  0.0420
   1  0.4390
   7 -0.3565
   6  0.1678
   6  0.4194
   8 -0.5925
   6 -0.1762
   1  0.3664
   1  0.0292
   1  0.0596
   1  0.0596
   1  0.0596
   7 -0.1010
   6  0.1876
   6 -0.2159
   8 -0.3442
   6 -0.0728
   1  0.2730
   1  0.0607
   1  0.0456
   1  0.0456
   1  0.0456
   7  0.8292
   6 -0.9702
   6  0.7765
   8 -0.6328
   6  1.2396
   6 -1.1783
   6  0.7974
   8 -0.5967
   8 -0.5967
   1 -0.7696
   1  0.3241
   1 -0.4251
   1 -0.4251
   1  0.3687
   1  0.3687
   7 -0.2621
   6  0.0064
   1  0.0412
   1  0.0412
   1  0.0412
   1  0.0845
  20  2.4480
   8 -0.8047
   1  0.3590
   1  0.3590
 rrms:    0.0465
