   6 -0.4824
   6  0.6180
   8 -0.5474
   1  0.1531
   1  0.1531
   1  0.1531
   7 -0.5058
   6  0.2178
   6  0.7244
   8 -0.5427
   6  0.1537
   6  0.0151
   8 -0.5729
   8 -0.5729
   1  0.3444
   1 -0.0898
   1  0.0027
   1  0.0027
   7 -0.5263
   6  0.5186
   6  0.0211
   8 -0.5051
   6 -0.4747
   6  0.3418
   6 -0.2588
   6  0.4901
   7 -0.1956
   1  0.2704
   1 -0.0590
   1  0.1989
   1  0.1989
   1 -0.0390
   1 -0.0390
   1  0.0801
   1  0.0801
   1 -0.0775
   1 -0.0775
   1  0.2946
   1  0.2946
   1  0.2946
   7  0.0246
   6  0.7150
   6 -0.5179
   8 -0.3258
   6 -0.4758
   6  0.9953
   8 -0.8257
   8 -0.8257
   1 -0.0208
   1  0.0223
   1  0.1577
   1  0.1577
   7  0.7141
   6 -0.5877
   6  0.6737
   8 -0.6114
   1 -1.1037
   1  0.2536
   1  0.2536
   7 -0.1080
   6 -0.0333
   6  0.3548
   8 -0.5506
   6 -0.0526
   6  0.2700
   7 -0.6719
   8 -0.7651
   1  0.1212
   1  0.1322
   1  0.0991
   1  0.0991
   1  0.3840
   1  0.3840
   7 -0.0205
   6 -0.6261
   6  0.7552
   8 -0.6295
   1  0.0685
   1  0.2494
   1  0.2494
   7 -0.9631
   6  0.6792
   6  0.4861
   8 -0.4780
   6 -1.1827
   6  1.0319
   6 -0.6399
   6 -0.6399
   6 -0.0255
   6 -0.0255
   6  0.1366
   8 -0.4780
   1  0.6849
   1 -0.1179
   1  0.3423
   1  0.3423
   1  0.2728
   1  0.2728
   1  0.1362
   1  0.1362
   1  0.3599
   7 -0.6762
   6 -0.0018
   6  0.6138
   8 -0.5638
   6  0.1156
   6 -0.0164
   6 -0.2068
   6 -0.2916
   1  0.2935
   1  0.0123
   1  0.0267
   1  0.0905
   1  0.0905
   1  0.0336
   1  0.0336
   1  0.0336
   1  0.0892
   1  0.0892
   1  0.0892
   7 -0.2752
   6 -0.0239
   6  0.3675
   8 -0.3455
   6  0.1339
   8 -0.5001
   1  0.3779
   1  0.0262
   1 -0.0024
   1 -0.0024
   1  0.3169
   7 -0.2093
   6 -0.0068
   6  0.6370
   8 -0.6338
   6 -0.1597
   1  0.3133
   1  0.0491
   1  0.0640
   1  0.0640
   1  0.0640
   7 -0.4530
   6  0.2599
   6  0.1063
   8 -0.4994
   6 -0.2298
   1  0.3117
   1  0.0092
   1  0.0801
   1  0.0801
   1  0.0801
   7  0.3379
   6 -0.3612
   6  0.4370
   8 -0.5770
   6  0.9982
   6 -1.2443
   6  1.4273
   8 -1.0833
   8 -1.0833
   1  0.0608
   1  0.1684
   1 -0.3633
   1 -0.3633
   1  0.3093
   1  0.3093
   7 -0.0059
   6 -0.2368
   1  0.1129
   1  0.1129
   1  0.1129
   1 -0.1661
  20  2.5043
   8 -0.7436
   1  0.3573
   1  0.3573
 rrms:    0.0455
