   6 -0.2325
   6  0.7592
   8 -0.7063
   1  0.0844
   1  0.0844
   1  0.0844
   7 -0.6944
   6  0.5191
   6  0.5191
   8 -0.5667
   6 -0.7975
   6  0.5906
   8 -0.7365
   8 -0.7365
   1  0.4371
   1 -0.1472
   1  0.2886
   1  0.2886
   7  0.0140
   6 -0.1194
   6  0.8971
   8 -0.6949
   6  0.4733
   6 -0.5135
   6  0.0064
   6  0.3735
   7 -0.4243
   1 -0.2448
   1  0.0416
   1 -0.1336
   1 -0.1336
   1  0.2008
   1  0.2008
   1  0.0526
   1  0.0526
   1  0.0014
   1  0.0014
   1  0.3677
   1  0.3677
   1  0.3677
   7 -0.7286
   6  0.9111
   6 -0.4896
   8 -0.4009
   6 -0.6317
   6  0.8472
   8 -0.7065
   8 -0.7065
   1  0.3729
   1 -0.0753
   1  0.1958
   1  0.1958
   7  0.6535
   6 -0.4852
   6  0.4251
   8 -0.5390
   1 -0.7906
   1  0.2401
   1  0.2401
   7 -0.1094
   6 -0.1578
   6  0.4281
   8 -0.5601
   6 -0.1151
   6  0.1446
   7 -0.5534
   8 -0.3292
   1  0.1651
   1  0.1575
   1  0.1277
   1  0.1277
   1  0.3526
   1  0.3526
   7 -0.0228
   6 -0.1920
   6  0.6145
   8 -0.5970
   1  0.2232
   1  0.1088
   1  0.1088
   7 -0.3155
   6 -0.1185
   6  0.6782
   8 -0.5349
   6 -0.4695
   6  0.0799
   6 -0.1315
   6 -0.1315
   6 -0.4043
   6 -0.4043
   6  0.4798
   8 -0.5987
   1  0.2003
   1  0.0746
   1  0.1865
   1  0.1865
   1  0.1523
   1  0.1523
   1  0.1883
   1  0.1883
   1  0.4522
   7 -0.4290
   6 -0.0137
   6  0.5621
   8 -0.5011
   6 -0.0903
   6  0.0039
   6 -0.1029
   6  0.0455
   1  0.3402
   1  0.0582
   1  0.1047
   1  0.0408
   1  0.0408
   1 -0.0269
   1 -0.0269
   1 -0.0269
   1  0.0104
   1  0.0104
   1  0.0104
   7  0.0254
   6 -0.1978
   6  0.2605
   8 -0.2235
   6 -0.9623
   8 -0.5075
   1  0.0300
   1  0.1282
   1  0.4313
   1  0.4313
   1  0.4564
   7 -0.1296
   6 -0.0824
   6  0.6948
   8 -0.6510
   6 -0.2432
   1  0.2861
   1  0.0829
   1  0.0927
   1  0.0927
   1  0.0927
   7 -0.7461
   6  0.6938
   6 -0.3114
   8 -0.3486
   6 -0.6279
   1  0.3863
   1 -0.0757
   1  0.1820
   1  0.1820
   1  0.1820
   7  1.0840
   6 -1.4314
   6  1.1687
   8 -0.6548
   6  0.1533
   6 -1.3643
   6  0.9940
   8 -0.4759
   8 -0.4759
   1  0.1222
   1  0.4908
   1 -0.2830
   1 -0.2830
   1  0.4099
   1  0.4099
   7 -0.3371
   6 -0.7221
   1  0.2404
   1  0.2404
   1  0.2404
   1  0.1651
  20  1.7635
   8 -0.6105
   1  0.3083
   1  0.3083
 rrms:    0.0737
