   6 -0.4405
   6  0.6991
   8 -0.6149
   1  0.1391
   1  0.1391
   1  0.1391
   7 -0.7439
   6 -0.0076
   6  0.6587
   8 -0.5628
   6 -0.0635
   6  0.3034
   8 -0.5900
   8 -0.5900
   1  0.4318
   1  0.0243
   1  0.0830
   1  0.0830
   7 -0.0211
   6 -0.8059
   6  0.9733
   8 -0.7205
   6  0.5260
   6 -0.4755
   6  0.1394
   6  0.1157
   7 -0.1178
   1  0.0500
   1  0.2373
   1 -0.0553
   1 -0.0553
   1  0.1657
   1  0.1657
   1 -0.0224
   1 -0.0224
   1  0.0657
   1  0.0657
   1  0.2848
   1  0.2848
   1  0.2848
   7 -0.8883
   6  1.1632
   6 -0.4868
   8 -0.3739
   6 -1.3021
   6  1.1993
   8 -0.8532
   8 -0.8532
   1  0.2459
   1 -0.1587
   1  0.3517
   1  0.3517
   7  0.5118
   6 -0.6168
   6  0.7082
   8 -0.6141
   1 -0.1944
   1  0.2606
   1  0.2606
   7 -0.2099
   6 -0.0498
   6  0.3105
   8 -0.5388
   6 -0.1320
   6  0.4721
   7 -0.6846
   8 -0.2953
   1  0.0225
   1  0.1082
   1  0.1150
   1  0.1150
   1  0.3792
   1  0.3792
   7 -0.0886
   6 -0.2400
   6  0.4483
   8 -0.5945
   1  0.0694
   1  0.1547
   1  0.1547
   7  0.0179
   6 -0.1091
   6  0.2372
   8 -0.3092
   6  0.0304
   6 -0.5208
   6  0.4410
   6  0.4410
   6 -0.9079
   6 -0.9079
   6  1.0490
   8 -0.7267
   1 -0.1132
   1  0.1190
   1  0.0174
   1  0.0174
   1  0.0211
   1  0.0211
   1  0.2903
   1  0.2903
   1  0.4930
   7 -0.1032
   6 -0.4986
   6  0.8028
   8 -0.6032
   6  0.2900
   6  0.0276
   6 -0.5967
   6 -0.3485
   1  0.2019
   1  0.1878
   1 -0.0160
   1  0.1223
   1  0.1223
   1  0.1248
   1  0.1248
   1  0.1248
   1  0.0863
   1  0.0863
   1  0.0863
   7 -0.2826
   6 -0.2371
   6  0.6796
   8 -0.4156
   6  0.1907
   8 -0.6611
   1  0.3349
   1  0.1101
   1  0.0016
   1  0.0016
   1  0.4461
   7 -0.7927
   6  0.5023
   6  0.1384
   8 -0.5426
   6 -0.3606
   1  0.5064
   1 -0.0344
   1  0.1103
   1  0.1103
   1  0.1103
   7 -0.1583
   6  0.0882
   6  0.2086
   8 -0.5127
   6 -0.1449
   1  0.2988
   1  0.0620
   1  0.0551
   1  0.0551
   1  0.0551
   7  0.2655
   6 -0.2530
   6  0.4457
   8 -0.5836
   6  0.6989
   6 -0.5062
   6  1.0098
   8 -0.8715
   8 -0.8715
   1  0.0397
   1  0.1456
   1 -0.2411
   1 -0.2411
   1  0.0571
   1  0.0571
   7 -0.1239
   6 -0.1754
   1  0.0979
   1  0.0979
   1  0.0979
   1  0.0317
  20  2.0934
   8 -0.7238
   1  0.3299
   1  0.3299
 rrms:    0.0388
