   6 -0.5582
   6  0.7925
   8 -0.6378
   1  0.1714
   1  0.1714
   1  0.1714
   7 -0.7357
   6  0.3859
   6  0.3495
   8 -0.4715
   6 -0.0903
   6  0.0906
   8 -0.6412
   8 -0.6412
   1  0.4255
   1  0.0171
   1  0.0867
   1  0.0867
   7  0.1697
   6 -0.1230
   6  0.6687
   8 -0.7113
   6  0.0143
   6  0.3127
   6 -0.4099
   6  0.5281
   7 -0.1372
   1 -0.0933
   1  0.0802
   1  0.0199
   1  0.0199
   1 -0.0379
   1 -0.0379
   1  0.1138
   1  0.1138
   1 -0.0842
   1 -0.0842
   1  0.2801
   1  0.2801
   1  0.2801
   7 -0.6938
   6  1.2000
   6 -0.7333
   8 -0.3084
   6 -1.1727
   6  1.1882
   8 -0.8704
   8 -0.8704
   1  0.1743
   1 -0.0922
   1  0.3082
   1  0.3082
   7  0.9442
   6 -0.8605
   6  0.7062
   8 -0.6004
   1 -0.5015
   1  0.3309
   1  0.3309
   7 -0.2662
   6 -0.0659
   6  0.3020
   8 -0.5508
   6 -0.0679
   6  0.3001
   7 -0.7465
   8 -0.1094
   1  0.0125
   1  0.0918
   1  0.1022
   1  0.1022
   1  0.3973
   1  0.3973
   7  0.0231
   6 -0.3754
   6  0.6566
   8 -0.6198
   1  0.1504
   1  0.1798
   1  0.1798
   7 -0.4338
   6 -0.0583
   6  0.8118
   8 -0.5845
   6 -0.1861
   6 -0.0700
   6  0.1715
   6  0.1715
   6 -0.6996
   6 -0.6996
   6  0.8012
   8 -0.6396
   1  0.1424
   1  0.0527
   1  0.0645
   1  0.0645
   1  0.1167
   1  0.1167
   1  0.2343
   1  0.2343
   1  0.4510
   7 -0.7123
   6 -0.0319
   6  0.5755
   8 -0.5350
   6  0.2327
   6  0.0709
   6 -0.4392
   6 -0.2189
   1  0.3370
   1  0.1143
   1  0.0182
   1  0.0136
   1  0.0136
   1  0.0936
   1  0.0936
   1  0.0936
   1  0.0617
   1  0.0617
   1  0.0617
   7 -0.0618
   6 -0.3147
   6  0.5065
   8 -0.2791
   6  0.5025
   8 -0.5174
   1 -0.1142
   1  0.0930
   1 -0.0649
   1 -0.0649
   1  0.3316
   7 -0.4450
   6  0.1366
   6  0.6090
   8 -0.6551
   6 -0.1274
   1  0.3782
   1  0.0334
   1  0.0502
   1  0.0502
   1  0.0502
   7 -0.5749
   6  0.5593
   6 -0.1340
   8 -0.4240
   6 -0.5891
   1  0.3775
   1 -0.0560
   1  0.1814
   1  0.1814
   1  0.1814
   7  0.5688
   6 -0.7784
   6  0.7080
   8 -0.6191
   6  0.6341
   6 -0.5570
   6  0.6905
   8 -0.7267
   8 -0.7267
   1 -0.1751
   1  0.2366
   1 -0.1933
   1 -0.1933
   1  0.1890
   1  0.1890
   7 -0.1855
   6 -0.0844
   1  0.0678
   1  0.0678
   1  0.0678
   1  0.0048
  20  2.0907
   8 -0.7561
   1  0.3494
   1  0.3494
 rrms:    0.0413
