   6 -0.5031
   6  0.7508
   8 -0.6056
   1  0.1590
   1  0.1590
   1  0.1590
   7 -0.7218
   6  0.4912
   6  0.2697
   8 -0.4455
   6 -0.4079
   6  0.4549
   8 -0.7283
   8 -0.7283
   1  0.4213
   1 -0.1928
   1  0.1866
   1  0.1866
   7  0.1050
   6 -0.0709
   6  0.4172
   8 -0.5905
   6  0.2834
   6 -0.4120
   6  0.2911
   6  0.2217
   7 -0.1480
   1 -0.0667
   1  0.0968
   1 -0.0519
   1 -0.0519
   1  0.0943
   1  0.0943
   1 -0.0409
   1 -0.0409
   1 -0.0053
   1 -0.0053
   1  0.2917
   1  0.2917
   1  0.2917
   7 -0.3917
   6  0.7769
   6 -0.1569
   8 -0.4400
   6 -0.7749
   6  0.8646
   8 -0.7381
   8 -0.7381
   1  0.1063
   1 -0.0783
   1  0.2027
   1  0.2027
   7  0.0954
   6 -0.0342
   6  0.3776
   8 -0.5507
   1 -0.1030
   1  0.0942
   1  0.0942
   7 -0.0437
   6 -0.0549
   6  0.3228
   8 -0.5038
   6 -0.2102
   6  0.4629
   7 -0.6514
   8 -0.4396
   1  0.0934
   1  0.1414
   1  0.1175
   1  0.1175
   1  0.3718
   1  0.3718
   7 -0.1756
   6 -0.0936
   6  0.4094
   8 -0.5855
   1  0.2104
   1  0.0941
   1  0.0941
   7 -0.0798
   6 -0.2733
   6  0.5621
   8 -0.4974
   6 -0.0662
   6 -0.0437
   6 -0.0217
   6 -0.0217
   6 -0.4069
   6 -0.4069
   6  0.5646
   8 -0.5863
   1  0.2331
   1  0.1629
   1  0.0297
   1  0.0297
   1  0.1124
   1  0.1124
   1  0.1632
   1  0.1632
   1  0.4360
   7 -0.4347
   6  0.0075
   6  0.6219
   8 -0.5861
   6  0.1695
   6  0.0201
   6 -0.3156
   6 -0.3293
   1  0.2957
   1 -0.1435
   1 -0.0294
   1  0.0513
   1  0.0513
   1  0.0651
   1  0.0651
   1  0.0651
   1  0.1024
   1  0.1024
   1  0.1024
   7 -0.1568
   6 -0.0572
   6  0.4088
   8 -0.4560
   6  0.3845
   8 -0.6116
   1  0.2396
   1  0.0901
   1 -0.0533
   1 -0.0533
   1  0.4024
   7 -0.5259
   6  0.3770
   6  0.3247
   8 -0.5734
   6 -0.5119
   1  0.3662
   1  0.0130
   1  0.1568
   1  0.1568
   1  0.1568
   7 -0.2107
   6  0.2429
   6 -0.0979
   8 -0.4234
   6 -0.2053
   1  0.2330
   1  0.0250
   1  0.0862
   1  0.0862
   1  0.0862
   7  0.7254
   6 -0.7989
   6  0.7877
   8 -0.6438
   6  1.1432
   6 -0.9520
   6  0.8324
   8 -0.6708
   8 -0.6708
   1 -0.1864
   1  0.2595
   1 -0.3898
   1 -0.3898
   1  0.2502
   1  0.2502
   7 -0.3992
   6 -0.0665
   1  0.0755
   1  0.0755
   1  0.0755
   1  0.1609
  20  1.8340
   8 -0.6891
   1  0.3423
   1  0.3423
 rrms:    0.0395
