   6 -0.6787
   6  0.7352
   8 -0.5925
   1  0.1999
   1  0.1999
   1  0.1999
   7 -0.5965
   6  0.3992
   6  0.2971
   8 -0.5450
   6 -0.1229
   6  0.4932
   8 -0.6687
   8 -0.6687
   1  0.3581
   1 -0.0756
   1  0.0780
   1  0.0780
   7  0.0386
   6 -0.0241
   6  0.5707
   8 -0.6059
   6 -0.0453
   6 -0.0615
   6 -0.1812
   6  0.5121
   7 -0.3540
   1 -0.0613
   1  0.0084
   1  0.0229
   1  0.0229
   1  0.0399
   1  0.0399
   1  0.1144
   1  0.1144
   1 -0.0994
   1 -0.0994
   1  0.3436
   1  0.3436
   1  0.3436
   7 -0.5371
   6  0.5804
   6 -0.0593
   8 -0.4648
   6 -0.6055
   6  0.7804
   8 -0.7709
   8 -0.7709
   1  0.2299
   1 -0.0097
   1  0.1903
   1  0.1903
   7  0.0560
   6 -0.0166
   6  0.3693
   8 -0.5464
   1 -0.0796
   1  0.0848
   1  0.0848
   7 -0.0318
   6 -0.1093
   6  0.4655
   8 -0.5465
   6 -0.0596
   6  0.2242
   7 -0.6140
   8 -0.3723
   1  0.0955
   1  0.1103
   1  0.1038
   1  0.1038
   1  0.3653
   1  0.3653
   7 -0.1469
   6 -0.1466
   6  0.4051
   8 -0.5717
   1  0.1112
   1  0.1260
   1  0.1260
   7 -0.1124
   6 -0.2757
   6  0.6656
   8 -0.5846
   6 -0.1007
   6  0.3251
   6 -0.3699
   6 -0.3699
   6 -0.1193
   6 -0.1193
   6  0.2255
   8 -0.4813
   1  0.2176
   1  0.1635
   1  0.0551
   1  0.0551
   1  0.1779
   1  0.1779
   1  0.1324
   1  0.1324
   1  0.3864
   7 -0.5728
   6  0.0393
   6  0.6046
   8 -0.5506
   6  0.0093
   6  0.4304
   6 -0.2784
   6 -0.3276
   1  0.3375
   1  0.1127
   1  0.0095
   1 -0.1051
   1 -0.1051
   1  0.0372
   1  0.0372
   1  0.0372
   1  0.0805
   1  0.0805
   1  0.0805
   7 -0.1972
   6 -0.0852
   6  0.1634
   8 -0.1326
   6  0.1300
   8 -0.4711
   1  0.0703
   1  0.0652
   1  0.0471
   1  0.0471
   1  0.2329
   7 -0.2644
   6  0.0140
   6  0.5762
   8 -0.6323
   6 -0.1138
   1  0.3094
   1  0.0658
   1  0.0491
   1  0.0491
   1  0.0491
   7 -0.3863
   6  0.1678
   6  0.0176
   8 -0.4483
   6 -0.2394
   1  0.3253
   1  0.0469
   1  0.0904
   1  0.0904
   1  0.0904
   7  0.3641
   6 -0.2275
   6  0.3852
   8 -0.5770
   6  0.5624
   6 -0.4778
   6  0.4236
   8 -0.4136
   8 -0.4136
   1  0.0069
   1  0.1437
   1 -0.2068
   1 -0.2068
   1  0.1325
   1  0.1325
   7 -0.0336
   6 -0.1170
   1  0.0767
   1  0.0767
   1  0.0767
   1 -0.0908
  20  1.6611
   8 -0.6018
   1  0.3390
   1  0.3390
 rrms:    0.0440
