   6 -0.5739
   6  0.6128
   8 -0.5511
   1  0.1798
   1  0.1798
   1  0.1798
   7 -0.4289
   6  0.1811
   6  0.0883
   8 -0.4275
   6 -0.3674
   6  0.5654
   8 -0.7327
   8 -0.7327
   1  0.3387
   1 -0.1392
   1  0.1456
   1  0.1456
   7  0.3271
   6 -0.9467
   6  1.2048
   8 -0.7300
   6  0.6312
   6 -0.2600
   6 -0.1542
   6  0.4590
   7 -0.3384
   1 -0.0630
   1  0.2693
   1 -0.1433
   1 -0.1433
   1  0.0972
   1  0.0972
   1  0.0545
   1  0.0545
   1 -0.0511
   1 -0.0511
   1  0.3427
   1  0.3427
   1  0.3427
   7 -1.2598
   6  1.1003
   6 -0.3494
   8 -0.4216
   6 -1.0689
   6  1.0436
   8 -0.8431
   8 -0.8431
   1  0.7395
   1 -0.1169
   1  0.2729
   1  0.2729
   7  0.4344
   6 -0.6481
   6  0.7798
   8 -0.6384
   1 -0.0837
   1  0.2404
   1  0.2404
   7 -0.3949
   6  0.1389
   6  0.1350
   8 -0.5057
   6 -0.3026
   6  0.5902
   7 -0.9227
   8 -0.3706
   1  0.2263
   1  0.0571
   1  0.1633
   1  0.1633
   1  0.4336
   1  0.4336
   7  0.2308
   6 -0.7130
   6  0.8832
   8 -0.6433
   1  0.0422
   1  0.2585
   1  0.2585
   7 -0.6363
   6 -0.0582
   6  0.6138
   8 -0.5013
   6 -0.0733
   6  0.1794
   6 -0.1506
   6 -0.1506
   6 -0.3993
   6 -0.3993
   6  0.5303
   8 -0.5804
   1  0.3466
   1  0.1007
   1  0.0166
   1  0.0166
   1  0.1628
   1  0.1628
   1  0.2013
   1  0.2013
   1  0.4229
   7 -0.6143
   6  0.2099
   6  0.0835
   8 -0.4150
   6  0.0332
   6 -0.0118
   6 -0.1453
   6 -0.0713
   1  0.3828
   1 -0.0017
   1  0.0665
   1  0.0349
   1  0.0349
   1  0.0690
   1  0.0690
   1  0.0690
   1  0.0344
   1  0.0344
   1  0.0344
   7  0.1518
   6 -0.3337
   6  0.4438
   8 -0.3545
   6  0.5744
   8 -0.6155
   1 -0.5651
   1  0.1243
   1 -0.1060
   1 -0.1060
   1  0.3492
   7 -0.3131
   6  0.2316
   6  0.3145
   8 -0.5397
   6 -0.2505
   1  0.3481
   1  0.0088
   1  0.0855
   1  0.0855
   1  0.0855
   7 -0.0733
   6  0.0016
   6  0.3242
   8 -0.5666
   6  0.0088
   1  0.2322
   1  0.0665
   1  0.0203
   1  0.0203
   1  0.0203
   7 -0.0830
   6  0.1675
   6  0.2388
   8 -0.5149
   6  0.1801
   6  0.1875
   6  0.1679
   8 -0.3186
   8 -0.3186
   1  0.0428
   1  0.0121
   1 -0.0844
   1 -0.0844
   1 -0.0069
   1 -0.0069
   7  0.0003
   6 -0.0134
   1  0.0555
   1  0.0555
   1  0.0555
   1 -0.1292
  20  1.6818
   8 -0.4713
   1  0.2961
   1  0.2961
 rrms:    0.0451
