   6 -0.5018
   6  0.7107
   8 -0.6719
   1  0.1530
   1  0.1530
   1  0.1530
   7 -0.6579
   6  0.0747
   6  0.5426
   8 -0.5069
   6 -0.2979
   6  0.1921
   8 -0.6776
   8 -0.6776
   1  0.4332
   1  0.0155
   1  0.1648
   1  0.1648
   7  0.0599
   6 -0.2462
   6  0.4119
   8 -0.6382
   6  0.0456
   6  0.1426
   6 -0.1097
   6  0.4874
   7 -0.3822
   1  0.1059
   1  0.0823
   1  0.0533
   1  0.0533
   1  0.0035
   1  0.0035
   1  0.0313
   1  0.0313
   1 -0.0781
   1 -0.0781
   1  0.3540
   1  0.3540
   1  0.3540
   7 -0.0969
   6  0.6508
   6 -0.2357
   8 -0.4072
   6 -0.6521
   6  0.8480
   8 -0.7441
   8 -0.7441
   1 -0.0361
   1 -0.0391
   1  0.1713
   1  0.1713
   7  0.2652
   6 -0.4934
   6  0.6746
   8 -0.6174
   1 -0.1661
   1  0.2060
   1  0.2060
   7 -0.2373
   6 -0.0323
   6  0.4941
   8 -0.6022
   6 -0.1718
   6  0.2971
   7 -0.7146
   8 -0.4124
   1  0.3614
   1  0.1154
   1  0.1090
   1  0.1090
   1  0.3838
   1  0.3838
   7 -0.2257
   6 -0.2011
   6  0.4143
   8 -0.6057
   1  0.1792
   1  0.1503
   1  0.1503
   7 -0.0701
   6 -0.1914
   6  0.5337
   8 -0.4652
   6 -0.3223
   6  0.3097
   6 -0.3342
   6 -0.3342
   6 -0.0673
   6 -0.0673
   6  0.1670
   8 -0.4797
   1  0.0725
   1  0.1759
   1  0.1574
   1  0.1574
   1  0.1760
   1  0.1760
   1  0.1197
   1  0.1197
   1  0.3747
   7 -0.5631
   6 -0.0151
   6  0.7244
   8 -0.5805
   6  0.0795
   6 -0.0967
   6 -0.1301
   6 -0.3673
   1  0.3272
   1 -0.0474
   1  0.0408
   1  0.1270
   1  0.1270
   1  0.0252
   1  0.0252
   1  0.0252
   1  0.1108
   1  0.1108
   1  0.1108
   7 -0.4060
   6  0.0010
   6  0.2082
   8 -0.2034
   6  0.1027
   8 -0.4024
   1  0.3108
   1  0.0659
   1  0.0067
   1  0.0067
   1  0.3731
   7 -0.1901
   6 -0.0197
   6  0.5349
   8 -0.6216
   6 -0.0417
   1  0.2899
   1  0.0574
   1  0.0258
   1  0.0258
   1  0.0258
   7 -0.4854
   6  0.3766
   6  0.1504
   8 -0.4921
   6 -0.3625
   1  0.3875
   1 -0.0289
   1  0.1133
   1  0.1133
   1  0.1133
   7  0.0043
   6  0.0945
   6  0.2073
   8 -0.5016
   6  0.1493
   6 -0.6022
   6  0.8035
   8 -0.7525
   8 -0.7525
   1  0.1389
   1  0.0493
   1 -0.0766
   1 -0.0766
   1  0.1304
   1  0.1304
   7 -0.0037
   6 -0.2480
   1  0.1157
   1  0.1157
   1  0.1157
   1 -0.0041
  20  1.9962
   8 -0.7922
   1  0.3846
   1  0.3846
 rrms:    0.0399
