   6 -0.4049
   6  0.7140
   8 -0.6331
   1  0.1385
   1  0.1385
   1  0.1385
   7 -0.8552
   6  0.4622
   6 -0.0194
   8 -0.3650
   6 -0.8375
   6  0.8054
   8 -0.7019
   8 -0.7019
   1  0.5172
   1  0.0194
   1  0.2870
   1  0.2870
   7  0.0010
   6 -0.2921
   6  0.7565
   8 -0.6356
   6  0.2237
   6  0.0919
   6 -0.2444
   6  0.5874
   7 -0.5036
   1 -0.0908
   1  0.1388
   1 -0.0417
   1 -0.0417
   1 -0.0337
   1 -0.0337
   1  0.0952
   1  0.0952
   1 -0.0748
   1 -0.0748
   1  0.3820
   1  0.3820
   1  0.3820
   7 -0.6939
   6  0.6278
   6 -0.0126
   8 -0.4380
   6 -0.5928
   6  0.8451
   8 -0.7443
   8 -0.7443
   1  0.2719
   1 -0.0391
   1  0.1629
   1  0.1629
   7  0.0537
   6 -0.3874
   6  0.5209
   8 -0.5804
   1  0.0590
   1  0.1830
   1  0.1830
   7 -0.2144
   6  0.1158
   6  0.0973
   8 -0.4361
   6 -0.4194
   6  0.5773
   7 -0.7708
   8 -0.5182
   1  0.1227
   1  0.0979
   1  0.1839
   1  0.1839
   1  0.3957
   1  0.3957
   7  0.2474
   6 -0.5080
   6  0.8896
   8 -0.7043
   1  0.1596
   1  0.1863
   1  0.1863
   7 -0.5841
   6 -0.0808
   6  1.0006
   8 -0.8419
   6 -0.3262
   6  0.1805
   6 -0.0459
   6 -0.0459
   6 -0.4893
   6 -0.4893
   6  0.6121
   8 -0.5747
   1  0.1267
   1  0.0802
   1  0.1245
   1  0.1245
   1  0.1257
   1  0.1257
   1  0.1905
   1  0.1905
   1  0.4252
   7 -0.8561
   6  0.1952
   6  0.4311
   8 -0.4978
   6  0.0563
   6 -0.1495
   6 -0.3225
   6 -0.0477
   1  0.4340
   1  0.0125
   1  0.0463
   1  0.0729
   1  0.0729
   1  0.0992
   1  0.0992
   1  0.0992
   1  0.0415
   1  0.0415
   1  0.0415
   7 -0.0455
   6 -0.3893
   6  0.3113
   8 -0.2849
   6  0.2927
   8 -0.6638
   1 -0.1940
   1  0.1398
   1  0.0001
   1  0.0001
   1  0.5497
   7 -0.2131
   6 -0.0124
   6  0.6260
   8 -0.6270
   6 -0.1977
   1  0.3505
   1  0.0845
   1  0.0613
   1  0.0613
   1  0.0613
   7 -0.5356
   6  0.3294
   6 -0.0049
   8 -0.4567
   6 -0.2891
   1  0.3491
   1 -0.0213
   1  0.1046
   1  0.1046
   1  0.1046
   7  0.1940
   6 -0.2517
   6  0.5283
   8 -0.6166
   6  0.2299
   6 -0.1753
   6  0.2338
   8 -0.4264
   8 -0.4264
   1  0.3229
   1  0.1468
   1 -0.0820
   1 -0.0820
   1  0.0737
   1  0.0737
   7 -0.1989
   6 -0.0201
   1  0.0463
   1  0.0463
   1  0.0463
   1 -0.0386
  20  1.8950
   8 -0.6401
   1  0.3323
   1  0.3323
 rrms:    0.0470
