   6 -0.5304
   6  0.7161
   8 -0.6019
   1  0.1594
   1  0.1594
   1  0.1594
   7 -0.5027
   6  0.0625
   6  0.4573
   8 -0.4797
   6 -0.2285
   6  0.0673
   8 -0.6528
   8 -0.6528
   1  0.3835
   1 -0.0376
   1  0.1765
   1  0.1765
   7 -0.0616
   6 -0.0695
   6  0.4351
   8 -0.6196
   6  0.2115
   6 -0.0846
   6 -0.2285
   6  0.5498
   7 -0.5300
   1 -0.1504
   1  0.0787
   1 -0.0226
   1 -0.0226
   1  0.0648
   1  0.0648
   1  0.0903
   1  0.0903
   1 -0.0728
   1 -0.0728
   1  0.3976
   1  0.3976
   1  0.3976
   7 -0.5400
   6  0.9176
   6 -0.3609
   8 -0.3977
   6 -0.8709
   6  0.9620
   8 -0.7565
   8 -0.7565
   1  0.3547
   1 -0.0689
   1  0.2481
   1  0.2481
   7  0.6408
   6 -0.4700
   6  0.5418
   8 -0.5559
   1 -0.4561
   1  0.2048
   1  0.2048
   7 -0.0925
   6  0.0062
   6  0.0377
   8 -0.4530
   6 -0.1153
   6 -0.0098
   7 -0.0874
   8 -0.3408
   1  0.0900
   1  0.1272
   1  0.1132
   1  0.1132
   1  0.3441
   1  0.3441
   7  0.1934
   6 -0.1894
   6  0.7431
   8 -0.6853
   1 -0.1549
   1  0.1100
   1  0.1100
   7 -0.5538
   6  0.1409
   6  0.4357
   8 -0.6070
   6  0.0902
   6  0.3582
   6 -0.6470
   6 -0.6470
   6 -0.1036
   6 -0.1036
   6  0.1933
   8 -0.4504
   1  0.5990
   1  0.0531
   1 -0.0603
   1 -0.0603
   1  0.2666
   1  0.2666
   1  0.1484
   1  0.1484
   1  0.3412
   7 -0.4180
   6 -0.1758
   6  0.8580
   8 -0.6326
   6  0.2000
   6  0.0038
   6 -0.4425
   6 -0.0799
   1  0.2343
   1  0.1924
   1 -0.0052
   1  0.0772
   1  0.0772
   1  0.0957
   1  0.0957
   1  0.0957
   1  0.0204
   1  0.0204
   1  0.0204
   7 -0.0613
   6 -0.4140
   6  0.3282
   8 -0.3000
   6  0.4226
   8 -0.5858
   1 -0.1730
   1  0.1215
   1 -0.0532
   1 -0.0532
   1  0.4411
   7 -0.1671
   6  0.0051
   6  0.5889
   8 -0.5998
   6 -0.1275
   1  0.3203
   1  0.0181
   1  0.0463
   1  0.0463
   1  0.0463
   7 -0.5676
   6  0.4538
   6 -0.1373
   8 -0.4372
   6 -0.3942
   1  0.3431
   1 -0.0192
   1  0.1324
   1  0.1324
   1  0.1324
   7  0.6172
   6 -0.4100
   6  0.4619
   8 -0.5602
   6  0.7673
   6 -0.9136
   6  0.8951
   8 -0.6831
   8 -0.6831
   1  0.0202
   1  0.1812
   1 -0.2601
   1 -0.2601
   1  0.2787
   1  0.2787
   7 -0.1670
   6 -0.0714
   1  0.0670
   1  0.0670
   1  0.0670
   1 -0.0667
  20  1.8524
   8 -0.5682
   1  0.2942
   1  0.2942
 rrms:    0.0541
