   6 -0.6201
   6  0.6833
   8 -0.6073
   1  0.1855
   1  0.1855
   1  0.1855
   7 -0.6192
   6  0.5731
   6  0.0753
   8 -0.3998
   6 -0.4236
   6  0.6475
   8 -0.7438
   8 -0.7438
   1  0.4037
   1 -0.1718
   1  0.1381
   1  0.1381
   7  0.5843
   6 -0.7612
   6  0.9148
   8 -0.6968
   6  0.6765
   6 -0.4728
   6  0.0765
   6  0.3263
   7 -0.1931
   1 -0.2587
   1  0.2095
   1 -0.0683
   1 -0.0683
   1  0.1491
   1  0.1491
   1 -0.0259
   1 -0.0259
   1 -0.0024
   1 -0.0024
   1  0.2976
   1  0.2976
   1  0.2976
   7 -0.7876
   6  0.8235
   6 -0.1488
   8 -0.4643
   6 -0.7187
   6  0.9238
   8 -0.7565
   8 -0.7565
   1  0.1278
   1 -0.0532
   1  0.1906
   1  0.1906
   7  0.1674
   6 -0.0203
   6  0.2616
   8 -0.5282
   1 -0.0026
   1  0.0948
   1  0.0948
   7  0.0488
   6 -0.0743
   6  0.3350
   8 -0.5503
   6 -0.1084
   6  0.4648
   7 -0.7886
   8 -0.5056
   1 -0.1630
   1  0.1531
   1  0.1182
   1  0.1182
   1  0.4050
   1  0.4050
   7  0.0146
   6 -0.3800
   6  0.6758
   8 -0.6194
   1  0.0492
   1  0.1570
   1  0.1570
   7 -0.2461
   6 -0.5992
   6  1.1796
   8 -0.8375
   6 -0.2204
   6  0.5440
   6 -0.5490
   6 -0.5490
   6  0.0344
   6  0.0344
   6  0.1085
   8 -0.5521
   1  0.2947
   1  0.2278
   1  0.0782
   1  0.0782
   1  0.2363
   1  0.2363
   1  0.1123
   1  0.1123
   1  0.4228
   7 -0.8237
   6  0.2266
   6  0.5278
   8 -0.5406
   6 -0.0103
   6  0.3127
   6 -0.0743
   6 -0.3300
   1  0.3695
   1 -0.0001
   1  0.0558
   1 -0.0552
   1 -0.0552
   1 -0.0045
   1 -0.0045
   1 -0.0045
   1  0.0875
   1  0.0875
   1  0.0875
   7 -0.3407
   6 -0.0021
   6  0.3760
   8 -0.2797
   6  0.1036
   8 -0.4018
   1  0.2452
   1  0.0679
   1  0.0347
   1  0.0347
   1  0.2393
   7 -0.4759
   6  0.3374
   6  0.3026
   8 -0.5527
   6 -0.3251
   1  0.3774
   1 -0.0272
   1  0.1041
   1  0.1041
   1  0.1041
   7 -0.1905
   6  0.1505
   6  0.0821
   8 -0.4821
   6 -0.1268
   1  0.2842
   1  0.0573
   1  0.0550
   1  0.0550
   1  0.0550
   7  0.2943
   6 -0.0942
   6  0.3666
   8 -0.5481
   6  0.2896
   6  0.1062
   6  0.1580
   8 -0.5894
   8 -0.5894
   1 -0.1828
   1  0.0736
   1 -0.0848
   1 -0.0848
   1 -0.0337
   1 -0.0337
   7 -0.1373
   6 -0.0043
   1  0.0474
   1  0.0474
   1  0.0474
   1 -0.0451
  20  2.2584
   8 -0.8595
   1  0.3975
   1  0.3975
 rrms:    0.0444
