   6 -0.2161
   6  0.6373
   8 -0.5852
   1  0.0835
   1  0.0835
   1  0.0835
   7 -0.7617
   6  0.5895
   6  0.0181
   8 -0.3840
   6 -0.9310
   6  0.9077
   8 -0.7610
   8 -0.7610
   1  0.4906
   1 -0.1718
   1  0.2776
   1  0.2776
   7  0.1197
   6 -0.2612
   6  0.7518
   8 -0.6555
   6  0.1659
   6  0.0619
   6 -0.0851
   6  0.2743
   7 -0.1879
   1 -0.0211
   1  0.1259
   1 -0.0352
   1 -0.0352
   1  0.0235
   1  0.0235
   1  0.0274
   1  0.0274
   1 -0.0062
   1 -0.0062
   1  0.3057
   1  0.3057
   1  0.3057
   7 -0.7087
   6  0.6221
   6  0.0305
   8 -0.4490
   6 -0.6952
   6  0.8260
   8 -0.7512
   8 -0.7512
   1  0.1436
   1  0.0153
   1  0.1821
   1  0.1821
   7  0.0257
   6 -0.2847
   6  0.5680
   8 -0.6171
   1  0.1794
   1  0.1601
   1  0.1601
   7 -0.2883
   6  0.2042
   6  0.1912
   8 -0.4987
   6 -0.4434
   6  0.7378
   7 -0.7620
   8 -0.5458
   1  0.0745
   1  0.0633
   1  0.1765
   1  0.1765
   1  0.3889
   1  0.3889
   7 -0.0940
   6 -0.1925
   6  0.5442
   8 -0.5722
   1  0.1887
   1  0.1189
   1  0.1189
   7 -0.4265
   6  0.0061
   6  0.9302
   8 -0.6911
   6 -0.1115
   6  0.1969
   6 -0.2394
   6 -0.2394
   6 -0.2996
   6 -0.2996
   6  0.4220
   8 -0.5099
   1  0.2663
   1  0.0755
   1  0.0130
   1  0.0130
   1  0.1850
   1  0.1850
   1  0.1699
   1  0.1699
   1  0.3957
   7 -0.7801
   6  0.0465
   6  0.4219
   8 -0.4979
   6  0.2091
   6 -0.1333
   6 -0.6277
   6 -0.1574
   1  0.3775
   1 -0.0383
   1 -0.0092
   1  0.0623
   1  0.0623
   1  0.1480
   1  0.1480
   1  0.1480
   1  0.0721
   1  0.0721
   1  0.0721
   7 -0.0489
   6 -0.3458
   6  0.5318
   8 -0.4306
   6  0.5325
   8 -0.6570
   1  0.3715
   1  0.0815
   1 -0.0899
   1 -0.0899
   1  0.3745
   7 -0.5675
   6  0.4161
   6  0.4064
   8 -0.6048
   6 -0.5280
   1  0.4106
   1 -0.0309
   1  0.1505
   1  0.1505
   1  0.1505
   7 -0.3188
   6  0.1986
   6  0.1021
   8 -0.4917
   6 -0.3305
   1  0.2884
   1  0.0319
   1  0.1144
   1  0.1144
   1  0.1144
   7  0.2940
   6 -0.1914
   6  0.3790
   8 -0.5966
   6  0.6848
   6 -1.0291
   6  0.9504
   8 -0.6831
   8 -0.6831
   1  0.0213
   1  0.1442
   1 -0.1681
   1 -0.1681
   1  0.2611
   1  0.2611
   7 -0.1300
   6 -0.0371
   1  0.0589
   1  0.0589
   1  0.0589
   1 -0.0106
  20  1.8328
   8 -0.7583
   1  0.3606
   1  0.3606
 rrms:    0.0499
