   6 -0.4970
   6  0.8344
   8 -0.7392
   1  0.1532
   1  0.1532
   1  0.1532
   7 -0.9035
   6  0.7309
   6  0.1974
   8 -0.3412
   6 -0.7899
   6  0.7246
   8 -0.7610
   8 -0.7610
   1  0.5103
   1 -0.1370
   1  0.2666
   1  0.2666
   7  0.0114
   6 -0.0574
   6  0.4133
   8 -0.6116
   6 -0.0451
   6  0.0184
   6 -0.0391
   6  0.1883
   7 -0.0666
   1  0.1167
   1  0.0724
   1  0.0619
   1  0.0619
   1  0.0469
   1  0.0469
   1  0.0191
   1  0.0191
   1  0.0135
   1  0.0135
   1  0.2705
   1  0.2705
   1  0.2705
   7 -0.1863
   6  0.7315
   6 -0.3804
   8 -0.3808
   6 -0.5634
   6  0.9373
   8 -0.7988
   8 -0.7988
   1  0.0986
   1 -0.0412
   1  0.1501
   1  0.1501
   7  0.4651
   6  0.0230
   6  0.3457
   8 -0.5342
   1 -0.6350
   1  0.0679
   1  0.0679
   7 -0.0105
   6  0.0076
   6  0.2781
   8 -0.4714
   6 -0.4509
   6  0.6239
   7 -0.8287
   8 -0.5262
   1  0.0351
   1  0.1567
   1  0.1806
   1  0.1806
   1  0.4265
   1  0.4265
   7 -0.1017
   6 -0.1320
   6  0.5128
   8 -0.6049
   1  0.1780
   1  0.1017
   1  0.1017
   7 -0.0406
   6 -0.6142
   6  1.0517
   8 -0.7314
   6 -0.0819
   6  0.0886
   6 -0.0940
   6 -0.0940
   6 -0.3827
   6 -0.3827
   6  0.4825
   8 -0.5286
   1  0.0301
   1  0.2343
   1  0.0551
   1  0.0551
   1  0.1335
   1  0.1335
   1  0.1723
   1  0.1723
   1  0.4053
   7 -0.6541
   6 -0.0424
   6  0.8002
   8 -0.6047
   6  0.0731
   6  0.1754
   6 -0.2178
   6 -0.3609
   1  0.3559
   1  0.0634
   1  0.0460
   1  0.0078
   1  0.0078
   1  0.0376
   1  0.0376
   1  0.0376
   1  0.1015
   1  0.1015
   1  0.1015
   7 -0.4155
   6 -0.1426
   6  0.4837
   8 -0.2427
   6  0.2503
   8 -0.4943
   1  0.0345
   1  0.0871
   1  0.0113
   1  0.0113
   1  0.3419
   7 -0.5905
   6  0.3874
   6  0.3730
   8 -0.5950
   6 -0.3000
   1  0.4054
   1 -0.0317
   1  0.0861
   1  0.0861
   1  0.0861
   7 -0.3235
   6  0.1727
   6  0.1517
   8 -0.5152
   6 -0.2419
   1  0.3609
   1  0.0399
   1  0.0867
   1  0.0867
   1  0.0867
   7  0.2749
   6 -0.0697
   6  0.2916
   8 -0.5442
   6  0.1835
   6 -0.1275
   6  0.3161
   8 -0.5164
   8 -0.5164
   1 -0.1295
   1  0.1065
   1 -0.0036
   1 -0.0036
   1  0.0013
   1  0.0013
   7  0.0027
   6 -0.3073
   1  0.1357
   1  0.1357
   1  0.1357
   1 -0.1019
  20  1.8809
   8 -0.6047
   1  0.3169
   1  0.3169
 rrms:    0.0451
