   6 -0.5102
   6  0.5826
   8 -0.5840
   1  0.1546
   1  0.1546
   1  0.1546
   7 -0.4089
   6  0.1755
   6  0.4852
   8 -0.5717
   6 -0.8296
   6  0.7263
   8 -0.6329
   8 -0.6329
   1  0.3607
   1 -0.0573
   1  0.2883
   1  0.2883
   7  0.2196
   6 -0.3998
   6  0.7455
   8 -0.5772
   6  0.3923
   6 -0.2617
   6  0.0382
   6  0.1746
   7 -0.1974
   1 -0.1360
   1  0.1442
   1 -0.0494
   1 -0.0494
   1  0.0453
   1  0.0453
   1  0.0411
   1  0.0411
   1  0.0399
   1  0.0399
   1  0.3072
   1  0.3072
   1  0.3072
   7 -0.6060
   6  0.1540
   6  0.4807
   8 -0.5451
   6 -0.5650
   6  0.7223
   8 -0.7811
   8 -0.7811
   1  0.1852
   1  0.0193
   1  0.1684
   1  0.1684
   7 -0.3131
   6 -0.0154
   6  0.5690
   8 -0.6240
   1  0.4404
   1  0.0722
   1  0.0722
   7 -0.4540
   6  0.1962
   6  0.3267
   8 -0.5552
   6 -0.3078
   6  0.5215
   7 -0.6080
   8 -0.4192
   1  0.2496
   1  0.0544
   1  0.1716
   1  0.1716
   1  0.3584
   1  0.3584
   7 -0.0040
   6 -0.0374
   6  0.2400
   8 -0.5192
   1 -0.0057
   1  0.1269
   1  0.1269
   7  0.0948
   6 -0.4598
   6  0.8455
   8 -0.6697
   6  0.4389
   6 -0.2643
   6  0.1103
   6  0.1103
   6 -0.5031
   6 -0.5031
   6  0.5731
   8 -0.5506
   1 -0.5254
   1  0.2101
   1 -0.0923
   1 -0.0923
   1  0.0638
   1  0.0638
   1  0.2036
   1  0.2036
   1  0.4172
   7 -0.7201
   6  0.1560
   6  0.6134
   8 -0.5299
   6 -0.1691
   6  0.3936
   6  0.0699
   6 -0.1172
   1  0.4114
   1  0.0503
   1  0.1295
   1 -0.0617
   1 -0.0617
   1 -0.0228
   1 -0.0228
   1 -0.0228
   1  0.0220
   1  0.0220
   1  0.0220
   7 -0.2188
   6 -0.2248
   6  0.3136
   8 -0.2028
   6  0.2714
   8 -0.5025
   1  0.0039
   1  0.0978
   1 -0.0075
   1 -0.0075
   1  0.2956
   7 -0.1895
   6 -0.0263
   6  0.7044
   8 -0.6794
   6 -0.0957
   1  0.3454
   1  0.0925
   1  0.0328
   1  0.0328
   1  0.0328
   7 -0.7082
   6  0.6389
   6 -0.3274
   8 -0.3769
   6 -0.6107
   1  0.3465
   1 -0.0531
   1  0.1880
   1  0.1880
   1  0.1880
   7  0.8589
   6 -0.7423
   6  0.7534
   8 -0.6388
   6  0.8186
   6 -0.9413
   6  0.7345
   8 -0.6204
   8 -0.6204
   1 -0.0913
   1  0.2936
   1 -0.2657
   1 -0.2657
   1  0.2571
   1  0.2571
   7 -0.3650
   6  0.0275
   1  0.0322
   1  0.0322
   1  0.0322
   1  0.0364
  20  1.8432
   8 -0.6823
   1  0.3525
   1  0.3525
 rrms:    0.0483
