   6 -0.4594
   6  0.7322
   8 -0.6420
   1  0.1437
   1  0.1437
   1  0.1437
   7 -0.5713
   6  0.1220
   6  0.3420
   8 -0.4582
   6 -0.1074
   6  0.0970
   8 -0.7036
   8 -0.7036
   1  0.3616
   1  0.0487
   1  0.1086
   1  0.1086
   7  0.3371
   6 -0.5893
   6  1.0632
   8 -0.7392
   6  0.3336
   6 -0.3021
   6 -0.0408
   6  0.3732
   7 -0.3934
   1 -0.3188
   1  0.2068
   1 -0.0397
   1 -0.0397
   1  0.1099
   1  0.1099
   1  0.0378
   1  0.0378
   1 -0.0185
   1 -0.0185
   1  0.3619
   1  0.3619
   1  0.3619
   7 -0.9315
   6  1.0984
   6 -0.7046
   8 -0.3398
   6 -1.0991
   6  0.9579
   8 -0.7596
   8 -0.7596
   1  0.5062
   1 -0.1302
   1  0.2870
   1  0.2870
   7  0.7295
   6 -0.7076
   6  0.9405
   8 -0.6749
   1 -0.4919
   1  0.2541
   1  0.2541
   7 -0.6661
   6  0.1660
   6  0.0788
   8 -0.5058
   6 -0.7016
   6  0.6518
   7 -0.6422
   8 -0.3836
   1  0.5827
   1  0.0942
   1  0.2749
   1  0.2749
   1  0.3442
   1  0.3442
   7 -0.0601
   6 -0.2442
   6  0.5195
   8 -0.5692
   1  0.2209
   1  0.1277
   1  0.1277
   7 -0.0293
   6 -0.4838
   6  0.8707
   8 -0.5599
   6  0.9697
   6 -0.1916
   6 -0.1877
   6 -0.1877
   6 -0.1622
   6 -0.1622
   6  0.2997
   8 -0.4955
   1  0.1343
   1  0.1912
   1 -0.3157
   1 -0.3157
   1  0.1394
   1  0.1394
   1  0.1413
   1  0.1413
   1  0.3963
   7 -0.6551
   6  0.1594
   6  0.6385
   8 -0.6062
   6  0.2892
   6  0.1353
   6 -0.4142
   6 -0.4260
   1  0.3030
   1 -0.1479
   1 -0.0648
   1  0.0407
   1  0.0407
   1  0.0769
   1  0.0769
   1  0.0769
   1  0.1121
   1  0.1121
   1  0.1121
   7 -0.2338
   6 -0.0097
   6  0.3152
   8 -0.2885
   6  0.3152
   8 -0.5076
   1  0.1037
   1  0.0417
   1 -0.0510
   1 -0.0510
   1  0.2497
   7 -0.3217
   6  0.0847
   6  0.5116
   8 -0.6193
   6 -0.2925
   1  0.3404
   1  0.0647
   1  0.1010
   1  0.1010
   1  0.1010
   7 -0.3253
   6  0.1113
   6  0.3503
   8 -0.5408
   6 -0.0676
   1  0.2910
   1  0.0326
   1  0.0301
   1  0.0301
   1  0.0301
   7  0.0647
   6 -0.1327
   6  0.4246
   8 -0.5874
   6  0.2396
   6 -0.3117
   6  0.6270
   8 -0.5519
   8 -0.5519
   1  0.0962
   1  0.1428
   1 -0.0808
   1 -0.0808
   1  0.0934
   1  0.0934
   7 -0.1209
   6 -0.0999
   1  0.0821
   1  0.0821
   1  0.0821
   1 -0.0972
  20  1.8017
   8 -0.6329
   1  0.3393
   1  0.3393
 rrms:    0.0450
