   6 -0.4018
   6  0.6519
   8 -0.6354
   1  0.1335
   1  0.1335
   1  0.1335
   7 -0.7223
   6  0.5787
   6  0.1850
   8 -0.4015
   6 -0.6551
   6  0.6175
   8 -0.6976
   8 -0.6976
   1  0.4774
   1 -0.2336
   1  0.2251
   1  0.2251
   7  0.1668
   6 -0.0916
   6  0.6468
   8 -0.6355
   6  0.2294
   6 -0.0729
   6 -0.0592
   6  0.4024
   7 -0.4516
   1  0.0686
   1  0.0820
   1 -0.0788
   1 -0.0788
   1  0.0345
   1  0.0345
   1  0.0558
   1  0.0558
   1  0.0217
   1  0.0217
   1  0.3655
   1  0.3655
   1  0.3655
   7 -0.7976
   6  0.9844
   6 -0.2158
   8 -0.4108
   6 -1.4085
   6  1.2612
   8 -0.8629
   8 -0.8629
   1 -0.0572
   1 -0.0534
   1  0.3582
   1  0.3582
   7  0.1259
   6 -0.2635
   6  0.3235
   8 -0.5293
   1  0.0596
   1  0.1823
   1  0.1823
   7  0.0931
   6 -0.1649
   6  0.3801
   8 -0.5230
   6  0.0342
   6  0.3828
   7 -0.6263
   8 -0.3714
   1 -0.0395
   1  0.1407
   1  0.0649
   1  0.0649
   1  0.3363
   1  0.3363
   7 -0.0669
   6 -0.2894
   6  0.5724
   8 -0.6181
   1  0.0723
   1  0.1414
   1  0.1414
   7 -0.2131
   6 -0.3093
   6  0.7034
   8 -0.7257
   6  0.0067
   6 -0.1624
   6  0.0864
   6  0.0864
   6 -0.5733
   6 -0.5733
   6  0.7475
   8 -0.6402
   1  0.2677
   1  0.1857
   1  0.0224
   1  0.0224
   1  0.0896
   1  0.0896
   1  0.2098
   1  0.2098
   1  0.4526
   7 -0.4818
   6 -0.0068
   6  0.6274
   8 -0.5397
   6  0.0443
   6  0.0156
   6 -0.1375
   6 -0.2152
   1  0.2984
   1  0.0553
   1  0.0480
   1  0.0349
   1  0.0349
   1  0.0187
   1  0.0187
   1  0.0187
   1  0.0689
   1  0.0689
   1  0.0689
   7 -0.2478
   6 -0.2970
   6  0.5847
   8 -0.3690
   6  0.3561
   8 -0.5236
   1  0.2061
   1  0.1132
   1 -0.0131
   1 -0.0131
   1  0.1880
   7 -0.5245
   6  0.3070
   6  0.3834
   8 -0.5846
   6 -0.3386
   1  0.3838
   1  0.0030
   1  0.1067
   1  0.1067
   1  0.1067
   7 -0.3220
   6  0.3889
   6 -0.0705
   8 -0.4276
   6 -0.4730
   1  0.2747
   1 -0.0154
   1  0.1469
   1  0.1469
   1  0.1469
   7  0.6028
   6 -0.6925
   6  0.6439
   8 -0.5822
   6  0.9602
   6 -0.9428
   6  0.9174
   8 -0.7610
   8 -0.7610
   1 -0.1188
   1  0.2399
   1 -0.3132
   1 -0.3132
   1  0.2388
   1  0.2388
   7 -0.2661
   6 -0.1116
   1  0.0809
   1  0.0809
   1  0.0809
   1  0.0685
  20  2.1959
   8 -0.7156
   1  0.3383
   1  0.3383
 rrms:    0.0463
