   6 -0.5034
   6  0.5987
   8 -0.5714
   1  0.1611
   1  0.1611
   1  0.1611
   7 -0.4520
   6  0.1043
   6  0.7600
   8 -0.5125
   6  0.2499
   6  0.0780
   8 -0.6270
   8 -0.6270
   1  0.3367
   1  0.0023
   1 -0.0420
   1 -0.0420
   7 -0.3939
   6  0.2807
   6  0.3743
   8 -0.5998
   6 -0.1847
   6  0.1079
   6 -0.1771
   6  0.6182
   7 -0.3586
   1  0.3541
   1 -0.0081
   1  0.1100
   1  0.1100
   1 -0.0002
   1 -0.0002
   1  0.0576
   1  0.0576
   1 -0.1048
   1 -0.1048
   1  0.3310
   1  0.3310
   1  0.3310
   7 -0.3487
   6  0.8806
   6 -0.7884
   8 -0.2812
   6 -0.6843
   6  1.0508
   8 -0.7436
   8 -0.7436
   1  0.0742
   1 -0.0095
   1  0.2291
   1  0.2291
   7  1.0919
   6 -0.7518
   6  0.5837
   8 -0.5261
   1 -1.6323
   1  0.3018
   1  0.3018
   7 -0.0239
   6 -0.4719
   6  0.6838
   8 -0.6438
   6  0.3475
   6 -0.0030
   7 -0.6485
   8 -0.0000
   1  0.2469
   1  0.2040
   1 -0.0169
   1 -0.0169
   1  0.3666
   1  0.3666
   7 -0.3680
   6  0.0696
   6  0.3006
   8 -0.5464
   1  0.2787
   1  0.0661
   1  0.0661
   7  0.0248
   6 -0.1250
   6  0.3644
   8 -0.3471
   6 -0.1691
   6 -0.0700
   6 -0.0567
   6 -0.0567
   6 -0.3506
   6 -0.3506
   6  0.4371
   8 -0.5472
   1  0.0114
   1  0.1490
   1  0.0973
   1  0.0973
   1  0.1204
   1  0.1204
   1  0.1801
   1  0.1801
   1  0.4093
   7 -0.4664
   6 -0.2510
   6  0.5070
   8 -0.5561
   6  0.2687
   6 -0.0860
   6 -0.2340
   6 -0.1722
   1  0.3770
   1  0.1241
   1 -0.0079
   1  0.0790
   1  0.0790
   1  0.0430
   1  0.0430
   1  0.0430
   1  0.0512
   1  0.0512
   1  0.0512
   7 -0.2283
   6  0.1518
   6  0.2067
   8 -0.2026
   6  0.2808
   8 -0.6888
   1  0.3213
   1  0.0138
   1 -0.0304
   1 -0.0304
   1  0.4519
   7 -0.4468
   6  0.2930
   6  0.3187
   8 -0.5651
   6 -0.3306
   1  0.3440
   1 -0.0020
   1  0.1062
   1  0.1062
   1  0.1062
   7 -0.1991
   6  0.1773
   6  0.2015
   8 -0.5084
   6 -0.2509
   1  0.2382
   1  0.0348
   1  0.0914
   1  0.0914
   1  0.0914
   7  0.1193
   6 -0.1884
   6  0.3110
   8 -0.5533
   6  0.6614
   6 -0.9432
   6  1.1864
   8 -0.9182
   8 -0.9182
   1 -0.0371
   1  0.1472
   1 -0.2537
   1 -0.2537
   1  0.2491
   1  0.2491
   7 -0.0732
   6 -0.0677
   1  0.0720
   1  0.0720
   1  0.0720
   1  0.0439
  20  1.9987
   8 -0.7812
   1  0.3710
   1  0.3710
 rrms:    0.0427
