   6 -0.5418
   6  0.8289
   8 -0.6412
   1  0.1636
   1  0.1636
   1  0.1636
   7 -0.8188
   6  0.4021
   6  0.3396
   8 -0.4735
   6 -0.4152
   6  0.5244
   8 -0.7611
   8 -0.7611
   1  0.4891
   1  0.0169
   1  0.1875
   1  0.1875
   7  0.1564
   6 -0.3109
   6  0.5262
   8 -0.6713
   6  0.6057
   6 -0.7417
   6  0.0130
   6  0.3264
   7 -0.3673
   1 -0.2980
   1  0.1368
   1 -0.0362
   1 -0.0362
   1  0.2106
   1  0.2106
   1  0.0568
   1  0.0568
   1  0.0159
   1  0.0159
   1  0.3465
   1  0.3465
   1  0.3465
   7 -0.1852
   6  0.5520
   6 -0.0852
   8 -0.4319
   6 -0.5745
   6  0.7754
   8 -0.7201
   8 -0.7201
   1 -0.0185
   1 -0.0012
   1  0.1660
   1  0.1660
   7  0.1813
   6 -0.2256
   6  0.5053
   8 -0.5843
   1 -0.2410
   1  0.1528
   1  0.1528
   7 -0.1493
   6  0.0751
   6  0.2478
   8 -0.5023
   6 -0.2459
   6  0.6077
   7 -0.9357
   8 -0.4004
   1  0.0494
   1  0.0970
   1  0.1253
   1  0.1253
   1  0.4580
   1  0.4580
   7 -0.1009
   6 -0.2820
   6  0.5304
   8 -0.6120
   1  0.2226
   1  0.1582
   1  0.1582
   7 -0.2865
   6 -0.0097
   6  0.4147
   8 -0.5777
   6 -0.2442
   6 -0.2313
   6  0.2573
   6  0.2573
   6 -0.7675
   6 -0.7675
   6  0.8469
   8 -0.6224
   1  0.2763
   1  0.0967
   1  0.1294
   1  0.1294
   1  0.0837
   1  0.0837
   1  0.2575
   1  0.2575
   1  0.4439
   7 -0.4107
   6 -0.1059
   6  0.5654
   8 -0.5848
   6  0.3710
   6 -0.0793
   6 -0.4423
   6 -0.2118
   1  0.2592
   1 -0.0108
   1 -0.0772
   1  0.0686
   1  0.0686
   1  0.0893
   1  0.0893
   1  0.0893
   1  0.0621
   1  0.0621
   1  0.0621
   7 -0.3821
   6  0.1513
   6  0.2445
   8 -0.1843
   6  0.1482
   8 -0.5944
   1  0.6680
   1  0.0577
   1  0.0165
   1  0.0165
   1  0.4196
   7 -0.3615
   6  0.1652
   6  0.4805
   8 -0.5847
   6 -0.2319
   1  0.3453
   1  0.0271
   1  0.0823
   1  0.0823
   1  0.0823
   7 -0.3623
   6  0.4425
   6 -0.1328
   8 -0.4512
   6 -0.3720
   1  0.2642
   1 -0.0091
   1  0.1301
   1  0.1301
   1  0.1301
   7  0.7012
   6 -0.2088
   6  0.2619
   8 -0.5042
   6  0.9854
   6 -1.4109
   6  1.1695
   8 -0.7367
   8 -0.7367
   1 -0.5101
   1  0.1032
   1 -0.3191
   1 -0.3191
   1  0.3139
   1  0.3139
   7  0.0092
   6 -0.3033
   1  0.1339
   1  0.1339
   1  0.1339
   1 -0.1014
  20  1.7588
   8 -0.7440
   1  0.3272
   1  0.3272
 rrms:    0.0398
