   6 -0.4804
   6  0.7257
   8 -0.6418
   1  0.1416
   1  0.1416
   1  0.1416
   7 -0.6900
   6 -0.0168
   6  0.4923
   8 -0.5678
   6  0.0388
   6  0.3731
   8 -0.6043
   8 -0.6043
   1  0.4094
   1  0.1572
   1  0.0556
   1  0.0556
   7  0.1859
   6 -0.8519
   6  0.9676
   8 -0.7001
   6  0.9306
   6 -0.6105
   6  0.1297
   6  0.2907
   7 -0.3295
   1 -0.2346
   1  0.2139
   1 -0.1647
   1 -0.1647
   1  0.1812
   1  0.1812
   1 -0.0236
   1 -0.0236
   1  0.0019
   1  0.0019
   1  0.3399
   1  0.3399
   1  0.3399
   7 -0.8194
   6  0.6993
   6 -0.0076
   8 -0.5158
   6 -0.7346
   6  0.8347
   8 -0.7795
   8 -0.7795
   1  0.5345
   1 -0.0443
   1  0.2094
   1  0.2094
   7 -0.1566
   6 -0.0098
   6  0.3245
   8 -0.5729
   1  0.1275
   1  0.0933
   1  0.0933
   7 -0.1735
   6 -0.1085
   6  0.3998
   8 -0.6016
   6 -0.4160
   6  0.7786
   7 -0.8284
   8 -0.6198
   1  0.2367
   1  0.1945
   1  0.1925
   1  0.1925
   1  0.4099
   1  0.4099
   7 -0.1098
   6  0.1043
   6  0.2896
   8 -0.5180
   1  0.1536
   1  0.0424
   1  0.0424
   7  0.0004
   6 -0.2190
   6  0.5008
   8 -0.4193
   6  0.1086
   6 -0.3263
   6  0.1444
   6  0.1444
   6 -0.5436
   6 -0.5436
   6  0.6680
   8 -0.5997
   1 -0.0456
   1  0.1629
   1  0.0006
   1  0.0006
   1  0.0942
   1  0.0942
   1  0.2006
   1  0.2006
   1  0.4428
   7 -0.4575
   6 -0.0232
   6  0.5852
   8 -0.5509
   6  0.0835
   6 -0.0008
   6 -0.0285
   6 -0.3337
   1  0.3238
   1  0.1208
   1  0.0295
   1  0.0450
   1  0.0450
   1 -0.0148
   1 -0.0148
   1 -0.0148
   1  0.1003
   1  0.1003
   1  0.1003
   7 -0.1028
   6  0.0268
   6  0.3600
   8 -0.4330
   6  0.2410
   8 -0.4974
   1 -0.1207
   1 -0.0045
   1 -0.0225
   1 -0.0225
   1  0.3977
   7 -0.2540
   6  0.0939
   6  0.5642
   8 -0.6321
   6 -0.3374
   1  0.3204
   1  0.0357
   1  0.1043
   1  0.1043
   1  0.1043
   7 -0.4605
   6  0.3149
   6 -0.2194
   8 -0.3838
   6 -0.2870
   1  0.2851
   1  0.0151
   1  0.1065
   1  0.1065
   1  0.1065
   7  0.9129
   6 -0.9331
   6  0.7369
   8 -0.6027
   6  0.9738
   6 -1.2012
   6  1.0037
   8 -0.8085
   8 -0.8085
   1 -0.0541
   1  0.3188
   1 -0.2281
   1 -0.2281
   1  0.2919
   1  0.2919
   7 -0.3862
   6 -0.1485
   1  0.0848
   1  0.0848
   1  0.0848
   1  0.2315
  20  1.7920
   8 -0.5393
   1  0.2778
   1  0.2778
 rrms:    0.0431
