   6 -0.5874
   6  0.8776
   8 -0.6989
   1  0.1785
   1  0.1785
   1  0.1785
   7 -0.8019
   6  0.3850
   6  0.2797
   8 -0.4565
   6 -0.3693
   6  0.4123
   8 -0.7367
   8 -0.7367
   1  0.4187
   1  0.0564
   1  0.1473
   1  0.1473
   7  0.2562
   6 -1.0376
   6  1.1603
   8 -0.7259
   6  0.7001
   6 -0.3329
   6  0.1550
   6  0.2926
   7 -0.4206
   1 -0.4354
   1  0.2742
   1 -0.1488
   1 -0.1488
   1  0.1212
   1  0.1212
   1 -0.0237
   1 -0.0237
   1 -0.0012
   1 -0.0012
   1  0.3621
   1  0.3621
   1  0.3621
   7 -0.9545
   6  1.1047
   6 -0.3569
   8 -0.4239
   6 -1.0655
   6  1.0396
   8 -0.8262
   8 -0.8262
   1  0.6206
   1 -0.1251
   1  0.2742
   1  0.2742
   7  0.3844
   6 -0.3263
   6  0.5279
   8 -0.6035
   1 -0.0465
   1  0.1523
   1  0.1523
   7 -0.2115
   6 -0.0905
   6  0.4112
   8 -0.5991
   6 -0.0994
   6  0.2758
   7 -0.7618
   8 -0.2738
   1  0.0256
   1  0.1324
   1  0.1224
   1  0.1224
   1  0.3971
   1  0.3971
   7 -0.0722
   6 -0.2669
   6  0.4249
   8 -0.5759
   1  0.2084
   1  0.1524
   1  0.1524
   7  0.0101
   6  0.1003
   6  0.4149
   8 -0.5161
   6  0.2858
   6  0.0001
   6 -0.1915
   6 -0.1915
   6 -0.1813
   6 -0.1813
   6  0.3574
   8 -0.5611
   1 -0.1257
   1 -0.0140
   1 -0.0755
   1 -0.0755
   1  0.1275
   1  0.1275
   1  0.1249
   1  0.1249
   1  0.4330
   7 -0.5209
   6  0.0650
   6  0.4366
   8 -0.5434
   6  0.2238
   6  0.0883
   6 -0.3908
   6 -0.2938
   1  0.3047
   1  0.0558
   1 -0.0109
   1  0.0195
   1  0.0195
   1  0.0752
   1  0.0752
   1  0.0752
   1  0.0740
   1  0.0740
   1  0.0740
   7  0.0383
   6  0.0317
   6  0.0967
   8 -0.2146
   6  0.1383
   8 -0.4039
   1  0.0316
   1  0.0421
   1  0.0021
   1  0.0021
   1  0.2138
   7 -0.1765
   6  0.0340
   6  0.5185
   8 -0.5792
   6 -0.3199
   1  0.3159
   1  0.0815
   1  0.1043
   1  0.1043
   1  0.1043
   7 -0.4173
   6  0.2630
   6  0.1616
   8 -0.5126
   6 -0.0786
   1  0.3152
   1  0.0004
   1  0.0439
   1  0.0439
   1  0.0439
   7  0.1287
   6 -0.1366
   6  0.3555
   8 -0.5719
   6  0.0668
   6 -0.4153
   6  0.7484
   8 -0.7400
   8 -0.7400
   1 -0.0413
   1  0.1596
   1 -0.0149
   1 -0.0149
   1  0.1420
   1  0.1420
   7 -0.1640
   6  0.0759
   1  0.0327
   1  0.0327
   1  0.0327
   1  0.0242
  20  2.3308
   8 -0.5399
   1  0.2989
   1  0.2989
 rrms:    0.0443
