   6 -0.6168
   6  0.7319
   8 -0.6103
   1  0.1858
   1  0.1858
   1  0.1858
   7 -0.6568
   6  0.3700
   6  0.4033
   8 -0.4906
   6 -0.3555
   6  0.2267
   8 -0.6035
   8 -0.6035
   1  0.3912
   1 -0.0319
   1  0.1652
   1  0.1652
   7 -0.1376
   6  0.0024
   6  0.3783
   8 -0.6446
   6  0.3255
   6 -0.2763
   6 -0.0115
   6  0.3657
   7 -0.3474
   1  0.1002
   1  0.0881
   1 -0.0185
   1 -0.0185
   1  0.0725
   1  0.0725
   1  0.0317
   1  0.0317
   1 -0.0269
   1 -0.0269
   1  0.3501
   1  0.3501
   1  0.3501
   7 -0.3794
   6  0.8094
   6 -0.3374
   8 -0.3806
   6 -0.8333
   6  1.0544
   8 -0.8562
   8 -0.8562
   1  0.1316
   1 -0.0345
   1  0.2266
   1  0.2266
   7  0.5882
   6 -0.5889
   6  0.6334
   8 -0.6003
   1 -0.4783
   1  0.2535
   1  0.2535
   7 -0.1512
   6  0.0230
   6  0.2014
   8 -0.4891
   6  0.0855
   6  0.4370
   7 -0.8352
   8 -0.3292
   1 -0.0091
   1  0.0727
   1  0.0671
   1  0.0671
   1  0.4281
   1  0.4281
   7  0.0080
   6 -0.3916
   6  0.6283
   8 -0.5889
   1  0.0136
   1  0.1629
   1  0.1629
   7 -0.3490
   6 -0.1249
   6  0.6546
   8 -0.7420
   6 -0.2019
   6  0.0904
   6 -0.0707
   6 -0.0707
   6 -0.4107
   6 -0.4107
   6  0.4903
   8 -0.5308
   1  0.2941
   1  0.1526
   1  0.0524
   1  0.0524
   1  0.1442
   1  0.1442
   1  0.1910
   1  0.1910
   1  0.3999
   7 -0.4815
   6  0.0133
   6  0.4672
   8 -0.5155
   6  0.2215
   6 -0.0007
   6 -0.3348
   6 -0.2584
   1  0.2806
   1  0.1089
   1 -0.0251
   1  0.0246
   1  0.0246
   1  0.0692
   1  0.0692
   1  0.0692
   1  0.0853
   1  0.0853
   1  0.0853
   7 -0.0445
   6 -0.3510
   6  0.5759
   8 -0.3333
   6  0.3619
   8 -0.6314
   1  0.0386
   1  0.1109
   1 -0.0363
   1 -0.0363
   1  0.4162
   7 -0.5187
   6  0.2626
   6  0.3395
   8 -0.5947
   6 -0.0810
   1  0.3818
   1  0.0085
   1  0.0422
   1  0.0422
   1  0.0422
   7 -0.2700
   6  0.2668
   6 -0.0557
   8 -0.4538
   6 -0.2970
   1  0.2913
   1  0.0240
   1  0.1027
   1  0.1027
   1  0.1027
   7  0.7450
   6 -0.6832
   6  0.5102
   8 -0.5780
   6  0.7167
   6 -1.3222
   6  1.2210
   8 -0.8692
   8 -0.8692
   1 -0.2343
   1  0.2838
   1 -0.1672
   1 -0.1672
   1  0.3646
   1  0.3646
   7 -0.1793
   6 -0.2114
   1  0.0984
   1  0.0984
   1  0.0984
   1  0.0522
  20  2.1501
   8 -0.7018
   1  0.3300
   1  0.3300
 rrms:    0.0407
