   6 -0.5105
   6  0.7560
   8 -0.6426
   1  0.1530
   1  0.1530
   1  0.1530
   7 -0.6271
   6  0.2351
   6  0.2191
   8 -0.4705
   6  0.1683
   6  0.2488
   8 -0.7046
   8 -0.7046
   1  0.3638
   1 -0.0149
   1  0.0099
   1  0.0099
   7  0.7205
   6 -1.0233
   6  1.0300
   8 -0.7226
   6  0.3709
   6 -0.0040
   6 -0.2476
   6  0.3292
   7 -0.1624
   1 -0.1928
   1  0.3140
   1 -0.0260
   1 -0.0260
   1  0.0951
   1  0.0951
   1  0.0517
   1  0.0517
   1 -0.0222
   1 -0.0222
   1  0.2965
   1  0.2965
   1  0.2965
   7 -0.5988
   6  1.3317
   6 -0.8168
   8 -0.3224
   6 -0.9933
   6  1.0492
   8 -0.7663
   8 -0.7663
   1  0.3047
   1 -0.1542
   1  0.2622
   1  0.2622
   7  1.2344
   6 -0.7619
   6  0.6593
   8 -0.5358
   1 -1.6004
   1  0.3119
   1  0.3119
   7 -0.1445
   6 -0.3112
   6  0.3277
   8 -0.4968
   6 -0.1216
   6  0.1718
   7 -0.4334
   8 -0.0764
   1 -0.0107
   1  0.2303
   1  0.1270
   1  0.1270
   1  0.2685
   1  0.2685
   7 -0.1368
   6 -0.2298
   6  0.6515
   8 -0.6051
   1  0.2419
   1  0.0915
   1  0.0915
   7 -0.3298
   6 -0.5536
   6  0.9118
   8 -0.6397
   6 -0.1336
   6  0.2221
   6 -0.3007
   6 -0.3007
   6 -0.1210
   6 -0.1210
   6  0.2470
   8 -0.5210
   1  0.5097
   1  0.2320
   1  0.0672
   1  0.0672
   1  0.1582
   1  0.1582
   1  0.1197
   1  0.1197
   1  0.4091
   7 -0.5669
   6 -0.0646
   6  0.5413
   8 -0.5572
   6  0.0646
   6  0.0816
   6 -0.3295
   6 -0.1477
   1  0.3297
   1  0.0282
   1  0.0445
   1  0.0284
   1  0.0284
   1  0.0934
   1  0.0934
   1  0.0934
   1  0.0395
   1  0.0395
   1  0.0395
   7 -0.1659
   6 -0.0889
   6  0.4721
   8 -0.3838
   6  0.2635
   8 -0.4960
   1  0.0616
   1  0.0730
   1 -0.0136
   1 -0.0136
   1  0.2841
   7 -0.5512
   6  0.4018
   6  0.2553
   8 -0.5802
   6 -0.1459
   1  0.3880
   1 -0.0333
   1  0.0467
   1  0.0467
   1  0.0467
   7 -0.1697
   6  0.1067
   6  0.1115
   8 -0.4581
   6 -0.1803
   1  0.2433
   1  0.0556
   1  0.0670
   1  0.0670
   1  0.0670
   7  0.5846
   6 -0.9223
   6  0.8536
   8 -0.6475
   6  1.0185
   6 -0.9257
   6  0.9846
   8 -0.8024
   8 -0.8024
   1 -0.1934
   1  0.2903
   1 -0.2992
   1 -0.2992
   1  0.2457
   1  0.2457
   7 -0.3080
   6 -0.0745
   1  0.0594
   1  0.0594
   1  0.0594
   1  0.1105
  20  2.2064
   8 -0.7185
   1  0.3404
   1  0.3404
 rrms:    0.0433
