   6 -0.6490
   6  0.9054
   8 -0.7078
   1  0.1889
   1  0.1889
   1  0.1889
   7 -0.8628
   6  0.3477
   6  0.4382
   8 -0.4938
   6 -0.4106
   6  0.5252
   8 -0.7365
   8 -0.7365
   1  0.4672
   1 -0.1322
   1  0.1726
   1  0.1726
   7 -0.0076
   6 -0.5893
   6  0.7475
   8 -0.6515
   6  0.4421
   6 -0.4504
   6  0.0637
   6  0.2623
   7 -0.2210
   1  0.1982
   1  0.2170
   1  0.0159
   1  0.0159
   1  0.1358
   1  0.1358
   1  0.0062
   1  0.0062
   1  0.0197
   1  0.0197
   1  0.3087
   1  0.3087
   1  0.3087
   7 -0.6409
   6  0.5847
   6  0.0417
   8 -0.4565
   6 -0.7264
   6  0.8661
   8 -0.7334
   8 -0.7334
   1  0.2103
   1 -0.0290
   1  0.2010
   1  0.2010
   7  0.0144
   6 -0.2054
   6  0.3918
   8 -0.5737
   1  0.0779
   1  0.1536
   1  0.1536
   7 -0.0262
   6 -0.0827
   6  0.3336
   8 -0.5244
   6 -0.0827
   6  0.3872
   7 -0.7393
   8 -0.3422
   1  0.0478
   1  0.1447
   1  0.0831
   1  0.0831
   1  0.3999
   1  0.3999
   7 -0.1065
   6 -0.1212
   6  0.4359
   8 -0.5902
   1  0.2090
   1  0.1151
   1  0.1151
   7 -0.0108
   6 -0.4422
   6  0.7841
   8 -0.5366
   6 -0.0220
   6 -0.1707
   6  0.1867
   6  0.1867
   6 -0.6669
   6 -0.6669
   6  0.7544
   8 -0.6093
   1 -0.0260
   1  0.1852
   1  0.0076
   1  0.0076
   1  0.0952
   1  0.0952
   1  0.2373
   1  0.2373
   1  0.4278
   7 -0.5282
   6 -0.1619
   6  0.9676
   8 -0.6417
   6  0.1310
   6  0.0407
   6 -0.2310
   6 -0.2496
   1  0.3181
   1  0.0133
   1  0.0278
   1  0.0698
   1  0.0698
   1  0.0285
   1  0.0285
   1  0.0285
   1  0.0642
   1  0.0642
   1  0.0642
   7 -0.5131
   6  0.0635
   6  0.2582
   8 -0.1406
   6  0.0265
   8 -0.2538
   1  0.2869
   1  0.0521
   1  0.0585
   1  0.0585
   1  0.3338
   7 -0.2715
   6  0.0606
   6  0.6626
   8 -0.6480
   6 -0.1180
   1  0.3375
   1  0.0394
   1  0.0514
   1  0.0514
   1  0.0514
   7 -0.5617
   6  0.5967
   6 -0.1683
   8 -0.4607
   6 -0.2753
   1  0.3412
   1 -0.0232
   1  0.1023
   1  0.1023
   1  0.1023
   7  0.6113
   6 -0.0388
   6  0.1969
   8 -0.4993
   6  0.5331
   6 -0.9722
   6  1.0454
   8 -0.8476
   8 -0.8476
   1 -0.7757
   1  0.1340
   1 -0.1663
   1 -0.1663
   1  0.2459
   1  0.2459
   7  0.0428
   6 -0.2047
   1  0.1115
   1  0.1115
   1  0.1115
   1 -0.2028
  20  1.8839
   8 -0.6961
   1  0.3439
   1  0.3439
 rrms:    0.0379
