   6 -0.5579
   6  0.7537
   8 -0.6697
   1  0.1670
   1  0.1670
   1  0.1670
   7 -0.8473
   6  0.1688
   6  0.6781
   8 -0.5764
   6 -0.2898
   6  0.5170
   8 -0.7219
   8 -0.7219
   1  0.4583
   1 -0.0016
   1  0.1332
   1  0.1332
   7 -0.2573
   6 -0.3722
   6  0.4924
   8 -0.5928
   6  0.4017
   6 -0.3322
   6  0.1554
   6  0.1180
   7 -0.1028
   1  0.1444
   1  0.1493
   1 -0.0871
   1 -0.0871
   1  0.1096
   1  0.1096
   1 -0.0088
   1 -0.0088
   1  0.0494
   1  0.0494
   1  0.2785
   1  0.2785
   1  0.2785
   7 -0.4173
   6  0.3932
   6  0.1018
   8 -0.4928
   6 -0.4293
   6  0.7291
   8 -0.7506
   8 -0.7506
   1  0.3578
   1  0.0110
   1  0.1376
   1  0.1376
   7 -0.0608
   6 -0.0747
   6  0.3017
   8 -0.5743
   1  0.0369
   1  0.1034
   1  0.1034
   7 -0.1666
   6  0.0188
   6  0.2377
   8 -0.4841
   6 -0.4259
   6  0.7515
   7 -0.7936
   8 -0.5705
   1  0.2890
   1  0.1124
   1  0.1886
   1  0.1886
   1  0.3956
   1  0.3956
   7 -0.1277
   6 -0.2452
   6  0.4809
   8 -0.5946
   1  0.2242
   1  0.1415
   1  0.1415
   7 -0.0802
   6 -0.2981
   6  0.5557
   8 -0.4026
   6 -0.0093
   6  0.1745
   6 -0.2845
   6 -0.2845
   6 -0.1378
   6 -0.1378
   6  0.2856
   8 -0.5231
   1  0.1130
   1  0.1818
   1  0.0236
   1  0.0236
   1  0.1465
   1  0.1465
   1  0.1130
   1  0.1130
   1  0.4194
   7 -0.3953
   6  0.0357
   6  0.6684
   8 -0.5985
   6 -0.0189
   6 -0.0933
   6 -0.0933
   6 -0.1987
   1  0.3177
   1 -0.0753
   1  0.0179
   1  0.0494
   1  0.0494
   1  0.0148
   1  0.0148
   1  0.0148
   1  0.1482
   1  0.1482
   1  0.1482
   7 -0.2730
   6  0.0887
   6  0.1801
   8 -0.1616
   6  0.0180
   8 -0.4039
   1  0.0567
   1  0.0496
   1  0.0474
   1  0.0474
   1  0.4070
   7 -0.3714
   6  0.1317
   6  0.5844
   8 -0.6459
   6 -0.2171
   1  0.3573
   1  0.0552
   1  0.0687
   1  0.0687
   1  0.0687
   7 -0.5415
   6  0.3498
   6  0.0575
   8 -0.5007
   6 -0.3956
   1  0.3908
   1  0.0158
   1  0.1305
   1  0.1305
   1  0.1305
   7  0.2388
   6 -0.1252
   6  0.3011
   8 -0.5349
   6  0.5934
   6 -0.8506
   6  0.8766
   8 -0.7544
   8 -0.7544
   1  0.0235
   1  0.1578
   1 -0.1815
   1 -0.1815
   1  0.2189
   1  0.2189
   7 -0.0948
   6 -0.0681
   1  0.0651
   1  0.0651
   1  0.0651
   1 -0.0200
  20  1.7881
   8 -0.6623
   1  0.3272
   1  0.3272
 rrms:    0.0399
