   6 -0.7284
   6  0.9785
   8 -0.7346
   1  0.2116
   1  0.2116
   1  0.2116
   7 -0.9257
   6  0.8492
   6  0.0590
   8 -0.5298
   6 -0.7032
   6  0.7451
   8 -0.6845
   8 -0.6845
   1  0.4391
   1 -0.0938
   1  0.2156
   1  0.2156
   7 -0.1319
   6  0.2790
   6 -0.0441
   8 -0.4434
   6 -0.5014
   6  0.2594
   6 -0.1238
   6  0.4281
   7 -0.2574
   1  0.2215
   1  0.0392
   1  0.1721
   1  0.1721
   1 -0.0565
   1 -0.0565
   1  0.0541
   1  0.0541
   1 -0.0660
   1 -0.0660
   1  0.3030
   1  0.3030
   1  0.3030
   7 -0.0806
   6  0.2831
   6 -0.0471
   8 -0.4148
   6 -0.5591
   6  0.8005
   8 -0.7447
   8 -0.7447
   1  0.1504
   1  0.0522
   1  0.1790
   1  0.1790
   7  0.0875
   6 -0.5297
   6  0.7839
   8 -0.6379
   1  0.0497
   1  0.2189
   1  0.2189
   7 -0.5906
   6  0.4176
   6  0.1180
   8 -0.3486
   6 -0.6617
   6  0.7916
   7 -0.8947
   8 -0.6952
   1  0.4113
   1 -0.0048
   1  0.2272
   1  0.2272
   1  0.4305
   1  0.4305
   7  0.0235
   6 -0.3245
   6  0.6725
   8 -0.6064
   1  0.0563
   1  0.1340
   1  0.1340
   7 -0.1207
   6 -0.0179
   6 -0.1614
   8 -0.3496
   6 -0.3429
   6  0.1626
   6 -0.0436
   6 -0.0436
   6 -0.5570
   6 -0.5570
   6  0.6724
   8 -0.5866
   1  0.3244
   1  0.0012
   1  0.1199
   1  0.1199
   1  0.1358
   1  0.1358
   1  0.2313
   1  0.2313
   1  0.4078
   7 -0.0136
   6 -0.4911
   6  0.6206
   8 -0.5437
   6  0.3797
   6 -0.1245
   6 -0.5484
   6 -0.1865
   1  0.2429
   1  0.2548
   1 -0.0509
   1  0.0863
   1  0.0863
   1  0.1709
   1  0.1709
   1  0.1709
   1  0.0406
   1  0.0406
   1  0.0406
   7 -0.3464
   6 -0.1018
   6  0.5921
   8 -0.5685
   6  0.1446
   8 -0.4196
   1  0.2851
   1  0.0427
   1 -0.0041
   1 -0.0041
   1  0.3581
   7 -0.3827
   6  0.1186
   6  0.6481
   8 -0.6141
   6 -0.0248
   1  0.3343
   1  0.1033
   1  0.0073
   1  0.0073
   1  0.0073
   7 -0.7714
   6  0.4281
   6  0.2489
   8 -0.5221
   6 -0.5097
   1  0.4297
   1 -0.0557
   1  0.1689
   1  0.1689
   1  0.1689
   7 -0.2504
   6 -0.1649
   6  0.6365
   8 -0.5621
   6  0.1513
   6 -0.2660
   6  0.6967
   8 -0.6584
   8 -0.6584
   1  0.2158
   1  0.1675
   1 -0.0665
   1 -0.0665
   1  0.0117
   1  0.0117
   7 -0.4558
   6  0.0987
   1  0.0267
   1  0.0267
   1  0.0267
   1  0.4149
  20  1.4932
   8 -0.5875
   1  0.3135
   1  0.3135
 rrms:    0.0438
