   6 -0.7055
   6  0.8247
   8 -0.6713
   1  0.2118
   1  0.2118
   1  0.2118
   7 -0.7320
   6  0.5314
   6  0.1203
   8 -0.4283
   6 -0.8294
   6  0.7602
   8 -0.7498
   8 -0.7498
   1  0.3469
   1 -0.0916
   1  0.2808
   1  0.2808
   7  0.0557
   6 -0.5101
   6  1.0949
   8 -0.7214
   6  0.6400
   6 -0.1406
   6 -0.1232
   6  0.4749
   7 -0.2006
   1  0.1304
   1  0.1744
   1 -0.1917
   1 -0.1917
   1  0.0178
   1  0.0178
   1  0.0474
   1  0.0474
   1 -0.0587
   1 -0.0587
   1  0.2845
   1  0.2845
   1  0.2845
   7 -1.1232
   6  0.6372
   6 -0.1216
   8 -0.4126
   6 -0.6594
   6  0.9612
   8 -0.7901
   8 -0.7901
   1  0.5294
   1 -0.0042
   1  0.1745
   1  0.1745
   7  0.1609
   6 -0.6981
   6  0.9641
   8 -0.7161
   1  0.0805
   1  0.2498
   1  0.2498
   7 -0.9621
   6  0.4917
   6  0.5653
   8 -0.5252
   6 -0.4972
   6  0.8460
   7 -0.9087
   8 -0.6047
   1  0.5774
   1 -0.0287
   1  0.1251
   1  0.1251
   1  0.4246
   1  0.4246
   7 -0.6904
   6  0.5470
   6  0.2322
   8 -0.5208
   1  0.3585
   1 -0.0399
   1 -0.0399
   7 -0.7053
   6  0.5068
   6 -0.3850
   8 -0.3512
   6 -0.3509
   6  0.1060
   6 -0.1285
   6 -0.1285
   6 -0.3439
   6 -0.3439
   6  0.4482
   8 -0.5478
   1  0.3360
   1 -0.0069
   1  0.1668
   1  0.1668
   1  0.1263
   1  0.1263
   1  0.1644
   1  0.1644
   1  0.4019
   7  0.6888
   6 -1.5740
   6  1.1284
   8 -0.5854
   6  1.0084
   6 -0.6830
   6 -0.7634
   6 -0.0016
   1  0.1598
   1  0.4831
   1 -0.2387
   1  0.2051
   1  0.2051
   1  0.1921
   1  0.1921
   1  0.1921
   1  0.0264
   1  0.0264
   1  0.0264
   7 -0.3528
   6 -0.5666
   6  0.8001
   8 -0.6226
   6  0.4387
   8 -0.6596
   1  0.5160
   1  0.2134
   1 -0.0707
   1 -0.0707
   1  0.4435
   7 -0.4534
   6  0.2316
   6  0.3431
   8 -0.5475
   6 -0.2022
   1  0.3667
   1  0.0712
   1  0.0644
   1  0.0644
   1  0.0644
   7 -0.3046
   6  0.1938
   6  0.5623
   8 -0.5894
   6  0.0862
   1 -0.0550
   1  0.0121
   1  0.0033
   1  0.0033
   1  0.0033
   7 -0.4527
   6  0.2948
   6 -0.0339
   8 -0.4393
   6  0.1164
   6 -0.5488
   6  1.0142
   8 -0.8646
   8 -0.8646
   1  0.2803
   1  0.1171
   1 -0.0340
   1 -0.0340
   1  0.0863
   1  0.0863
   7  0.0950
   6 -0.2084
   1  0.1072
   1  0.1072
   1  0.1072
   1  0.0990
  20  1.8963
   8 -0.6264
   1  0.3280
   1  0.3280
 rrms:    0.0546
