   6 -0.5117
   6  0.6179
   8 -0.6141
   1  0.1617
   1  0.1617
   1  0.1617
   7 -0.7379
   6  0.0767
   6  0.7578
   8 -0.4968
   6 -0.4374
   6  0.9089
   8 -0.6891
   8 -0.6891
   1  0.4094
   1  0.0673
   1  0.0887
   1  0.0887
   7 -0.6320
   6 -0.0535
   6  0.6047
   8 -0.5346
   6 -0.2270
   6  0.2592
   6 -0.2927
   6  0.3965
   7 -0.1997
   1  0.3532
   1  0.1501
   1  0.0323
   1  0.0323
   1 -0.0071
   1 -0.0071
   1  0.1170
   1  0.1170
   1 -0.0680
   1 -0.0680
   1  0.2320
   1  0.2320
   1  0.2320
   7 -0.7028
   6  0.4843
   6  0.1545
   8 -0.4712
   6 -0.6284
   6  0.7671
   8 -0.7707
   8 -0.7707
   1  0.4972
   1 -0.0465
   1  0.1980
   1  0.1980
   7 -0.1856
   6 -0.2797
   6  0.7070
   8 -0.6355
   1  0.2154
   1  0.1718
   1  0.1718
   7 -0.5552
   6  0.2851
   6  0.4373
   8 -0.5640
   6 -0.6861
   6  0.8735
   7 -0.7417
   8 -0.6589
   1  0.3201
   1 -0.0146
   1  0.2608
   1  0.2608
   1  0.3231
   1  0.3231
   7 -0.2206
   6 -0.2526
   6  0.7871
   8 -0.6928
   1  0.2790
   1  0.1615
   1  0.1615
   7 -0.9292
   6  0.7105
   6 -0.0190
   8 -0.5521
   6 -0.5610
   6  0.3529
   6 -0.2593
   6 -0.2593
   6 -0.3158
   6 -0.3158
   6  0.4083
   8 -0.5252
   1  0.4288
   1 -0.0803
   1  0.2032
   1  0.2032
   1  0.1620
   1  0.1620
   1  0.1749
   1  0.1749
   1  0.3794
   7 -0.0232
   6 -0.1485
   6  0.6179
   8 -0.4446
   6  0.4711
   6  0.1050
   6 -0.4083
   6 -0.2825
   1  0.1278
   1 -0.0394
   1 -0.1338
   1 -0.0046
   1 -0.0046
   1  0.0994
   1  0.0994
   1  0.0994
   1  0.0663
   1  0.0663
   1  0.0663
   7 -0.3673
   6 -0.1554
   6  0.3006
   8 -0.5263
   6  0.4502
   8 -0.6109
   1  0.4433
   1  0.1366
   1 -0.0718
   1 -0.0718
   1  0.4033
   7 -0.2529
   6  0.1316
   6  0.3619
   8 -0.5621
   6 -0.2258
   1  0.2743
   1  0.1042
   1  0.0862
   1  0.0862
   1  0.0862
   7 -0.3428
   6  0.4839
   6  0.0761
   8 -0.4245
   6 -0.4426
   1 -0.0055
   1 -0.0127
   1  0.1640
   1  0.1640
   1  0.1640
   7 -0.2307
   6 -0.0156
   6  0.2302
   8 -0.4797
   6  0.5199
   6 -0.4768
   6  1.0136
   8 -0.9111
   8 -0.9111
   1  0.2443
   1  0.1293
   1 -0.1436
   1 -0.1436
   1  0.0793
   1  0.0793
   7 -0.2001
   6  0.1380
   1  0.0126
   1  0.0126
   1  0.0126
   1  0.2405
  20  1.9304
   8 -0.6775
   1  0.3385
   1  0.3385
 rrms:    0.0474
