   6 -0.5461
   6  0.6529
   8 -0.6074
   1  0.1665
   1  0.1665
   1  0.1665
   7 -0.5157
   6  0.0668
   6  0.5225
   8 -0.4951
   6 -0.2275
   6  0.4088
   8 -0.6947
   8 -0.6947
   1  0.3657
   1  0.0688
   1  0.1141
   1  0.1141
   7 -0.0236
   6 -0.3298
   6  0.5032
   8 -0.6321
   6  0.5993
   6 -0.0750
   6  0.0668
   6  0.1139
   7 -0.1512
   1  0.1489
   1  0.1394
   1 -0.1873
   1 -0.1873
   1  0.0130
   1  0.0130
   1  0.0093
   1  0.0093
   1  0.0648
   1  0.0648
   1  0.2901
   1  0.2901
   1  0.2901
   7 -0.3008
   6  0.6484
   6 -0.1802
   8 -0.4147
   6 -0.6925
   6  0.8467
   8 -0.7140
   8 -0.7140
   1  0.3410
   1 -0.0306
   1  0.1863
   1  0.1863
   7  0.3527
   6 -0.3754
   6  0.5644
   8 -0.5873
   1 -0.4336
   1  0.1758
   1  0.1758
   7 -0.2832
   6  0.0407
   6  0.1654
   8 -0.4985
   6 -0.3554
   6  0.6232
   7 -0.7544
   8 -0.4956
   1  0.2637
   1  0.1179
   1  0.1581
   1  0.1581
   1  0.4160
   1  0.4160
   7  0.0773
   6 -0.1869
   6  0.4539
   8 -0.5555
   1  0.0621
   1  0.1186
   1  0.1186
   7  0.0663
   6 -0.4639
   6  0.8755
   8 -0.5097
   6  0.1990
   6 -0.2605
   6  0.0851
   6  0.0851
   6 -0.5370
   6 -0.5370
   6  0.5688
   8 -0.5435
   1  0.0313
   1  0.2057
   1 -0.0228
   1 -0.0228
   1  0.0864
   1  0.0864
   1  0.2125
   1  0.2125
   1  0.4187
   7 -0.7346
   6 -0.1257
   6  0.8432
   8 -0.5967
   6  0.3391
   6  0.1839
   6 -0.5345
   6 -0.2443
   1  0.3421
   1  0.0598
   1 -0.0384
   1 -0.0031
   1 -0.0031
   1  0.1014
   1  0.1014
   1  0.1014
   1  0.0574
   1  0.0574
   1  0.0574
   7 -0.4615
   6 -0.0221
   6  0.5764
   8 -0.3735
   6  0.2796
   8 -0.5019
   1  0.1961
   1  0.0501
   1 -0.0279
   1 -0.0279
   1  0.3827
   7 -0.6863
   6  0.4026
   6  0.3287
   8 -0.5787
   6 -0.2484
   1  0.3817
   1 -0.0456
   1  0.0824
   1  0.0824
   1  0.0824
   7 -0.4436
   6  0.2850
   6  0.0909
   8 -0.4803
   6 -0.2189
   1  0.3294
   1  0.0193
   1  0.0836
   1  0.0836
   1  0.0836
   7  0.1904
   6 -0.0760
   6  0.3032
   8 -0.5476
   6  0.4018
   6 -0.4637
   6  0.5809
   8 -0.6778
   8 -0.6778
   1  0.0847
   1  0.1014
   1 -0.0880
   1 -0.0880
   1  0.0886
   1  0.0886
   7 -0.0365
   6 -0.1095
   1  0.0780
   1  0.0780
   1  0.0780
   1 -0.0148
  20  1.6871
   8 -0.6199
   1  0.2892
   1  0.2892
 rrms:    0.0395
