   6 -0.4869
   6  0.6454
   8 -0.6243
   1  0.1464
   1  0.1464
   1  0.1464
   7 -0.4297
   6  0.2166
   6  0.3412
   8 -0.5298
   6 -0.4826
   6  0.8391
   8 -0.7649
   8 -0.7649
   1  0.3121
   1  0.0306
   1  0.1544
   1  0.1544
   7 -0.1205
   6 -0.0765
   6  0.1542
   8 -0.5198
   6  0.2151
   6  0.2839
   6 -0.3772
   6  0.6180
   7 -0.4582
   1  0.1899
   1  0.0984
   1 -0.0152
   1 -0.0152
   1 -0.0713
   1 -0.0713
   1  0.1059
   1  0.1059
   1 -0.1040
   1 -0.1040
   1  0.3538
   1  0.3538
   1  0.3538
   7 -0.2597
   6  0.5782
   6 -0.0586
   8 -0.4179
   6 -0.8475
   6  0.8328
   8 -0.7836
   8 -0.7836
   1  0.0736
   1 -0.0289
   1  0.2346
   1  0.2346
   7 -0.0463
   6 -0.1724
   6  0.5675
   8 -0.6084
   1  0.0986
   1  0.1291
   1  0.1291
   7 -0.5485
   6 -0.0432
   6  0.5325
   8 -0.5146
   6 -0.1262
   6  0.6920
   7 -0.8008
   8 -0.6222
   1  0.5268
   1  0.0482
   1  0.0025
   1  0.0025
   1  0.4079
   1  0.4079
   7 -0.2398
   6 -0.3906
   6  0.5578
   8 -0.6057
   1  0.3241
   1  0.1751
   1  0.1751
   7 -0.0912
   6  0.0036
   6  0.7227
   8 -0.7652
   6 -0.2908
   6 -0.0112
   6 -0.0700
   6 -0.0700
   6 -0.3866
   6 -0.3866
   6  0.4734
   8 -0.5398
   1  0.2521
   1  0.0090
   1  0.1345
   1  0.1345
   1  0.1284
   1  0.1284
   1  0.1765
   1  0.1765
   1  0.4029
   7 -0.2154
   6 -0.5685
   6  0.7428
   8 -0.5454
   6  0.4589
   6 -0.1235
   6 -0.1225
   6 -0.0363
   1  0.2154
   1  0.3173
   1 -0.1991
   1  0.0699
   1  0.0699
   1  0.0193
   1  0.0193
   1  0.0193
   1 -0.0372
   1 -0.0372
   1 -0.0372
   7  0.0094
   6 -0.7537
   6  1.0133
   8 -0.6301
   6  0.2446
   8 -0.5610
   1 -0.0893
   1  0.2616
   1 -0.0310
   1 -0.0310
   1  0.4256
   7 -0.5279
   6  0.1796
   6  0.4619
   8 -0.5395
   6 -0.4729
   1  0.5762
   1  0.1196
   1  0.1415
   1  0.1415
   1  0.1415
   7 -0.5888
   6  0.4124
   6  0.2165
   8 -0.5141
   6 -0.2200
   1  0.3348
   1 -0.1644
   1  0.0767
   1  0.0767
   1  0.0767
   7 -0.2284
   6 -0.0055
   6  0.4946
   8 -0.5441
   6 -0.0786
   6 -0.4471
   6  0.7909
   8 -0.7272
   8 -0.7272
   1  0.2796
   1  0.0912
   1  0.0083
   1  0.0083
   1  0.1115
   1  0.1115
   7 -0.3697
   6  0.0591
   1  0.0394
   1  0.0394
   1  0.0394
   1  0.3393
  20  1.8601
   8 -0.4641
   1  0.3056
   1  0.3056
 rrms:    0.0520
