   6 -0.5610
   6  0.8300
   8 -0.6455
   1  0.1687
   1  0.1687
   1  0.1687
   7 -0.7761
   6  0.5644
   6  0.1458
   8 -0.4598
   6 -0.3794
   6  0.2561
   8 -0.6986
   8 -0.6986
   1  0.4074
   1 -0.0677
   1  0.1729
   1  0.1729
   7  0.0455
   6 -0.0776
   6  0.3801
   8 -0.5811
   6 -0.0567
   6  0.0264
   6 -0.1294
   6  0.5768
   7 -0.3435
   1 -0.0965
   1  0.0899
   1  0.0557
   1  0.0557
   1  0.0368
   1  0.0368
   1  0.0443
   1  0.0443
   1 -0.0920
   1 -0.0920
   1  0.3395
   1  0.3395
   1  0.3395
   7 -0.5726
   6  0.9398
   6 -0.3501
   8 -0.4148
   6 -0.9760
   6  0.9539
   8 -0.8769
   8 -0.8769
   1  0.4179
   1 -0.0745
   1  0.2517
   1  0.2517
   7  0.4182
   6 -0.3743
   6  0.5135
   8 -0.5517
   1 -0.1215
   1  0.1689
   1  0.1689
   7 -0.0362
   6 -0.1329
   6  0.3459
   8 -0.5059
   6 -0.0874
   6  0.0516
   7 -0.4789
   8 -0.6788
   1  0.1022
   1  0.1045
   1  0.1231
   1  0.1231
   1  0.2897
   1  0.2897
   7  0.0875
   6 -0.5816
   6  0.6326
   8 -0.5447
   1  0.2005
   1  0.2323
   1  0.2323
   7  0.2235
   6 -1.0401
   6  1.4666
   8 -1.0170
   6  0.4457
   6 -0.3954
   6  0.0785
   6  0.0785
   6 -0.3448
   6 -0.3448
   6  0.4423
   8 -0.5115
   1 -0.2111
   1  0.3398
   1 -0.0862
   1 -0.0862
   1  0.0830
   1  0.0830
   1  0.1569
   1  0.1569
   1  0.4015
   7 -0.9782
   6  0.1118
   6  0.5437
   8 -0.5023
   6 -0.0841
   6  0.2506
   6 -0.1935
   6 -0.4353
   1  0.4997
   1  0.1330
   1  0.1091
   1 -0.0325
   1 -0.0325
   1  0.0338
   1  0.0338
   1  0.0338
   1  0.1280
   1  0.1280
   1  0.1280
   7 -0.0369
   6 -0.3920
   6  0.5460
   8 -0.3763
   6  0.4652
   8 -0.5856
   1 -0.1140
   1  0.1067
   1 -0.0573
   1 -0.0573
   1  0.4013
   7 -0.4983
   6  0.2401
   6  0.3152
   8 -0.5420
   6 -0.1419
   1  0.3734
   1 -0.0104
   1  0.0561
   1  0.0561
   1  0.0561
   7 -0.2522
   6  0.0359
   6  0.2301
   8 -0.5373
   6 -0.0245
   1  0.3140
   1  0.0861
   1  0.0299
   1  0.0299
   1  0.0299
   7  0.0682
   6  0.1644
   6  0.2303
   8 -0.5294
   6  0.1505
   6 -0.3758
   6  1.0183
   8 -1.0273
   8 -1.0273
   1  0.1822
   1  0.0198
   1 -0.0770
   1 -0.0770
   1  0.0580
   1  0.0580
   7 -0.0944
   6 -0.0484
   1  0.0642
   1  0.0642
   1  0.0642
   1 -0.0173
  20  3.3338
   8 -0.7831
   1  0.3335
   1  0.3335
 rrms:    0.0451
