   6 -0.6413
   6  0.8329
   8 -0.6376
   1  0.2024
   1  0.2024
   1  0.2024
   7 -0.8886
   6  0.9235
   6 -0.1171
   8 -0.3853
   6 -0.2795
   6  0.4411
   8 -0.7609
   8 -0.7609
   1  0.4575
   1 -0.2456
   1  0.1453
   1  0.1453
   7  0.6039
   6 -0.4835
   6  0.9106
   8 -0.6820
   6  0.5458
   6 -0.0100
   6  0.3984
   6  0.1343
   7 -0.1866
   1 -0.4039
   1  0.1538
   1 -0.1799
   1 -0.1799
   1 -0.0425
   1 -0.0425
   1 -0.1030
   1 -0.1030
   1  0.0274
   1  0.0274
   1  0.3009
   1  0.3009
   1  0.3009
   7 -0.7671
   6  1.0235
   6 -0.5220
   8 -0.3923
   6 -1.0587
   6  0.9623
   8 -0.7756
   8 -0.7756
   1  0.3079
   1 -0.0819
   1  0.2935
   1  0.2935
   7  0.9046
   6 -0.5125
   6  0.7365
   8 -0.6382
   1 -0.5919
   1  0.2149
   1  0.2149
   7 -0.5466
   6  0.5499
   6 -0.0765
   8 -0.4426
   6 -0.3930
   6  0.6105
   7 -0.7673
   8 -0.4417
   1  0.0198
   1 -0.0110
   1  0.1461
   1  0.1461
   1  0.4751
   1  0.4751
   7  0.5806
   6 -0.8458
   6  0.9339
   8 -0.6622
   1 -0.0907
   1  0.2602
   1  0.2602
   7 -0.7732
   6  0.1061
   6  0.7713
   8 -0.6302
   6 -0.3000
   6  0.4893
   6 -0.6087
   6 -0.6087
   6 -0.0840
   6 -0.0840
   6  0.0242
   8 -0.5509
   1  0.5526
   1  0.0539
   1  0.1091
   1  0.1091
   1  0.2611
   1  0.2611
   1  0.1242
   1  0.1242
   1  0.4344
   7 -0.8533
   6  0.1927
   6  0.4008
   8 -0.5130
   6  0.2375
   6  0.0073
   6 -0.3487
   6 -0.1082
   1  0.3870
   1  0.0879
   1 -0.0341
   1  0.0100
   1  0.0100
   1  0.0912
   1  0.0912
   1  0.0912
   1  0.0422
   1  0.0422
   1  0.0422
   7  0.0181
   6 -0.0610
   6  0.4890
   8 -0.1770
   6  0.3213
   8 -0.5120
   1 -0.3022
   1  0.0567
   1 -0.0469
   1 -0.0469
   1  0.2513
   7 -0.5854
   6  0.3650
   6  0.1332
   8 -0.5538
   6 -0.2234
   1  0.3868
   1  0.0014
   1  0.0835
   1  0.0835
   1  0.0835
   7 -0.0130
   6  0.1483
   6 -0.0274
   8 -0.4228
   6 -0.1937
   1  0.2480
   1  0.0554
   1  0.0719
   1  0.0719
   1  0.0719
   7  0.5513
   6 -0.5776
   6  0.6524
   8 -0.6225
   6  0.9844
   6 -0.9251
   6  0.7494
   8 -0.5464
   8 -0.5464
   1 -0.3154
   1  0.1931
   1 -0.2717
   1 -0.2717
   1  0.2439
   1  0.2439
   7 -0.2243
   6 -0.0333
   1  0.0544
   1  0.0544
   1  0.0544
   1  0.0567
  20  1.7449
   8 -0.6207
   1  0.4000
   1  0.4000
 rrms:    0.0548
