   6 -0.7439
   6  1.0152
   8 -0.7292
   1  0.2242
   1  0.2242
   1  0.2242
   7 -1.2169
   6  1.3279
   6 -0.6373
   8 -0.2892
   6 -1.1297
   6  1.2160
   8 -0.8677
   8 -0.8677
   1  0.4862
   1 -0.2217
   1  0.2685
   1  0.2685
   7  0.9638
   6 -0.4475
   6  0.9045
   8 -0.6880
   6  0.2415
   6 -0.1575
   6 -0.0648
   6  0.1556
   7 -0.2952
   1 -0.0717
   1  0.1722
   1 -0.0371
   1 -0.0371
   1  0.0367
   1  0.0367
   1  0.0345
   1  0.0345
   1  0.0814
   1  0.0814
   1  0.3061
   1  0.3061
   1  0.3061
   7 -1.3611
   6  1.5700
   6 -0.4828
   8 -0.3811
   6 -1.1196
   6  1.2117
   8 -0.8451
   8 -0.8451
   1  0.1821
   1 -0.2784
   1  0.2816
   1  0.2816
   7  0.3917
   6 -0.4526
   6  0.7714
   8 -0.6029
   1  0.0644
   1  0.2146
   1  0.2146
   7 -1.0006
   6  0.8795
   6  0.0516
   8 -0.4119
   6 -0.7997
   6  1.0353
   7 -1.0173
   8 -0.6768
   1  0.4592
   1 -0.1176
   1  0.2376
   1  0.2376
   1  0.4365
   1  0.4365
   7 -0.2195
   6  0.0067
   6  0.3830
   8 -0.5494
   1  0.2868
   1  0.0472
   1  0.0472
   7 -0.3941
   6  0.5194
   6 -0.0302
   8 -0.4396
   6  0.2781
   6  0.0868
   6 -0.3627
   6 -0.3627
   6 -0.1773
   6 -0.1773
   6 -0.0832
   8 -0.4501
   1  0.2593
   1  0.0322
   1 -0.1349
   1 -0.1349
   1  0.1989
   1  0.1989
   1  0.1770
   1  0.1770
   1  0.4098
   7  0.3700
   6 -0.4263
   6  0.8540
   8 -0.6041
   6  0.1936
   6  0.1312
   6 -0.5237
   6 -0.1639
   1 -0.5776
   1  0.1033
   1 -0.0637
   1 -0.0086
   1 -0.0086
   1  0.0882
   1  0.0882
   1  0.0882
   1  0.0443
   1  0.0443
   1  0.0443
   7 -0.4097
   6 -0.1497
   6  0.6376
   8 -0.6595
   6  0.3034
   8 -0.7431
   1  1.6458
   1  0.0954
   1 -0.0649
   1 -0.0649
   1  0.1131
   7 -0.4006
   6  0.1447
   6  0.6343
   8 -0.4262
   6 -0.3155
   1 -0.0960
   1 -0.0106
   1  0.1022
   1  0.1022
   1  0.1022
   7 -0.7544
   6  0.2452
   6  0.1954
   8 -0.4996
   6 -0.2977
   1  0.4559
   1  0.0680
   1  0.0951
   1  0.0951
   1  0.0951
   7 -0.2175
   6  0.1725
   6  0.2586
   8 -0.5170
   6 -0.3959
   6  0.1674
   6  0.1052
   8 -0.5667
   8 -0.5667
   1  0.3105
   1  0.0628
   1  0.1600
   1  0.1600
   1 -0.0402
   1 -0.0402
   7 -0.2223
   6  0.0948
   1  0.0235
   1  0.0235
   1  0.0235
   1  0.2674
  20  1.8167
   8 -0.5010
   1  0.4692
   1  0.4692
 rrms:    0.0595
