   6 -0.4992
   6  0.6979
   8 -0.6413
   1  0.1577
   1  0.1577
   1  0.1577
   7 -0.6013
   6  0.2649
   6  0.3871
   8 -0.4820
   6 -0.2699
   6  0.6131
   8 -0.8273
   8 -0.8273
   1  0.3869
   1 -0.0018
   1  0.1241
   1  0.1241
   7  0.1580
   6 -0.3665
   6  0.5886
   8 -0.6428
   6  0.3284
   6 -0.4333
   6  0.1708
   6  0.2659
   7 -0.2447
   1 -0.0591
   1  0.1766
   1 -0.0228
   1 -0.0228
   1  0.1359
   1  0.1359
   1 -0.0141
   1 -0.0141
   1 -0.0093
   1 -0.0093
   1  0.3194
   1  0.3194
   1  0.3194
   7 -0.3344
   6  0.3505
   6  0.1675
   8 -0.4835
   6 -0.5390
   6  0.8442
   8 -0.7926
   8 -0.7926
   1  0.0036
   1  0.0132
   1  0.1746
   1  0.1746
   7  0.0494
   6 -0.1151
   6  0.4346
   8 -0.5729
   1 -0.0503
   1  0.1263
   1  0.1263
   7 -0.1693
   6  0.1962
   6  0.1450
   8 -0.4941
   6 -0.3711
   6  0.0886
   7 -0.5594
   8 -0.1039
   1  0.1434
   1  0.0798
   1  0.1872
   1  0.1872
   1  0.5233
   1  0.5233
   7  0.0275
   6 -0.1716
   6  0.6251
   8 -0.6161
   1  0.0126
   1  0.1216
   1  0.1216
   7 -0.1394
   6 -0.1385
   6  0.5188
   8 -0.5357
   6 -0.0209
   6 -0.1186
   6  0.0110
   6  0.0110
   6 -0.5233
   6 -0.5233
   6  0.3137
   8 -0.5539
   1  0.0014
   1  0.0849
   1  0.0367
   1  0.0367
   1  0.0969
   1  0.0969
   1  0.2406
   1  0.2406
   1  0.4484
   7 -0.3233
   6  0.0036
   6  0.4386
   8 -0.5002
   6 -0.0698
   6  0.4349
   6 -0.0970
   6 -0.3998
   1  0.2687
   1  0.0409
   1  0.0756
   1 -0.1157
   1 -0.1157
   1  0.0048
   1  0.0048
   1  0.0048
   1  0.1118
   1  0.1118
   1  0.1118
   7 -0.0760
   6 -0.2212
   6  0.4619
   8 -0.2930
   6  0.1268
   8 -0.4707
   1  0.0782
   1  0.1079
   1  0.0105
   1  0.0105
   1  0.3916
   7 -0.3218
   6  0.1093
   6  0.7365
   8 -0.6723
   6 -0.1119
   1  0.3699
   1  0.0069
   1  0.0462
   1  0.0462
   1  0.0462
   7 -0.7368
   6  0.6532
   6 -0.2612
   8 -0.4328
   6 -0.4609
   1  0.3834
   1 -0.0634
   1  0.1522
   1  0.1522
   1  0.1522
   7  0.5796
   6 -0.3209
   6  0.3602
   8 -0.5531
   6  0.5123
   6 -0.6460
   6  0.7002
   8 -0.6922
   8 -0.6922
   1 -0.3107
   1  0.2107
   1 -0.1190
   1 -0.1190
   1  0.1631
   1  0.1631
   7  0.0014
   6 -0.2114
   1  0.1039
   1  0.1039
   1  0.1039
   1 -0.0729
  20  1.9359
   8 -0.5911
   1  0.3070
   1  0.3070
 rrms:    0.0505
