   6 -0.5216
   6  0.8038
   8 -0.6751
   1  0.1657
   1  0.1657
   1  0.1657
   7 -0.9233
   6  0.8664
   6 -0.0617
   8 -0.3986
   6 -1.1801
   6  1.0517
   8 -0.8069
   8 -0.8069
   1  0.4794
   1 -0.0984
   1  0.3735
   1  0.3735
   7 -0.3710
   6 -0.1418
   6  0.7658
   8 -0.6009
   6 -0.2489
   6  0.2493
   6 -0.3574
   6  0.5029
   7 -0.2804
   1  0.2565
   1  0.0786
   1  0.1058
   1  0.1058
   1 -0.0359
   1 -0.0359
   1  0.1595
   1  0.1595
   1 -0.0815
   1 -0.0815
   1  0.2999
   1  0.2999
   1  0.2999
   7 -0.7674
   6  0.6724
   6  0.1831
   8 -0.4424
   6 -0.6848
   6  0.8841
   8 -0.7995
   8 -0.7995
   1  0.3930
   1 -0.1662
   1  0.2330
   1  0.2330
   7 -0.1559
   6 -0.3494
   6  0.7365
   8 -0.5686
   1  0.1045
   1  0.1896
   1  0.1896
   7 -0.8015
   6  0.6286
   6  0.1472
   8 -0.4569
   6 -0.6825
   6  0.9151
   7 -0.7440
   8 -0.6649
   1  0.3866
   1 -0.1394
   1  0.2241
   1  0.2241
   1  0.3823
   1  0.3823
   7 -0.0685
   6 -0.3441
   6  0.7221
   8 -0.6594
   1  0.2273
   1  0.1588
   1  0.1588
   7 -0.9423
   6  0.8184
   6 -0.0375
   8 -0.6122
   6 -0.7577
   6  0.8088
   6 -0.6959
   6 -0.6959
   6  0.1013
   6  0.1013
   6  0.0175
   8 -0.5111
   1  0.4395
   1 -0.1228
   1  0.2508
   1  0.2508
   1  0.2493
   1  0.2493
   1  0.1039
   1  0.1039
   1  0.3902
   7 -0.1376
   6 -0.2512
   6  0.5369
   8 -0.3593
   6  0.4708
   6 -0.2978
   6 -0.4129
   6 -0.0697
   1  0.3827
   1  0.0321
   1 -0.0445
   1  0.1184
   1  0.1184
   1  0.1283
   1  0.1283
   1  0.1283
   1  0.0218
   1  0.0218
   1  0.0218
   7 -0.6085
   6  0.0094
   6  0.1419
   8 -0.4723
   6  0.0741
   8 -0.5573
   1  0.6493
   1  0.1059
   1  0.0633
   1  0.0633
   1  0.3938
   7  0.0016
   6  0.0639
   6  0.6704
   8 -0.6301
   6 -0.3915
   1  0.1934
   1  0.0814
   1  0.1149
   1  0.1149
   1  0.1149
   7 -0.6966
   6  0.1633
   6  0.7163
   8 -0.5835
   6  0.2870
   1  0.2473
   1  0.0565
   1 -0.1163
   1 -0.1163
   1 -0.1163
   7 -0.8054
   6  0.6282
   6  0.0840
   8 -0.4466
   6 -0.5103
   6  0.1048
   6  0.5097
   8 -0.6708
   8 -0.6708
   1  0.3722
   1 -0.0361
   1  0.1286
   1  0.1286
   1 -0.0072
   1 -0.0072
   7 -0.2295
   6  0.0551
   1  0.0438
   1  0.0438
   1  0.0438
   1  0.2310
  20  1.7806
   8 -0.6104
   1  0.3266
   1  0.3266
 rrms:    0.0586
