   6 -0.6540
   6  0.8454
   8 -0.6970
   1  0.1862
   1  0.1862
   1  0.1862
   7 -0.6626
   6  0.5257
   6  0.1437
   8 -0.4728
   6 -0.6470
   6  0.7685
   8 -0.7537
   8 -0.7537
   1  0.3764
   1 -0.0832
   1  0.1902
   1  0.1902
   7  0.2715
   6 -0.9409
   6  1.0195
   8 -0.6917
   6  0.9422
   6 -0.3725
   6  0.0817
   6  0.2411
   7 -0.2439
   1  0.0608
   1  0.2688
   1 -0.2076
   1 -0.2076
   1  0.1222
   1  0.1222
   1  0.0059
   1  0.0059
   1 -0.0015
   1 -0.0015
   1  0.2821
   1  0.2821
   1  0.2821
   7 -1.0665
   6  0.8180
   6 -0.2179
   8 -0.3968
   6 -1.1098
   6  1.0645
   8 -0.7736
   8 -0.7736
   1  0.3729
   1 -0.0543
   1  0.3185
   1  0.3185
   7  0.1389
   6 -0.4698
   6  0.6635
   8 -0.6210
   1  0.0866
   1  0.2127
   1  0.2127
   7 -0.3969
   6  0.4224
   6  0.0949
   8 -0.3486
   6 -0.5716
   6  0.9374
   7 -0.9877
   8 -0.6976
   1  0.2421
   1 -0.0853
   1  0.1746
   1  0.1746
   1  0.4698
   1  0.4698
   7 -0.1803
   6 -0.1133
   6  0.4411
   8 -0.5796
   1  0.2705
   1  0.1051
   1  0.1051
   7 -0.1878
   6  0.0312
   6  0.2359
   8 -0.4385
   6 -0.2264
   6  0.3685
   6 -0.3817
   6 -0.3817
   6 -0.1562
   6 -0.1562
   6  0.2590
   8 -0.5184
   1  0.2521
   1  0.0256
   1  0.0909
   1  0.0909
   1  0.2070
   1  0.2070
   1  0.1321
   1  0.1321
   1  0.4054
   7 -0.1479
   6 -0.3504
   6  0.5324
   8 -0.5462
   6  0.1802
   6 -0.2074
   6 -0.2937
   6 -0.1076
   1  0.2424
   1  0.2011
   1  0.0263
   1  0.0759
   1  0.0759
   1  0.0942
   1  0.0942
   1  0.0942
   1  0.0190
   1  0.0190
   1  0.0190
   7  0.3836
   6 -1.1985
   6  1.2411
   8 -0.6563
   6  0.5638
   8 -0.6148
   1 -0.0538
   1  0.3541
   1 -0.1065
   1 -0.1065
   1  0.3581
   7 -0.5765
   6  0.0752
   6  0.5175
   8 -0.5694
   6 -0.2949
   1  0.5266
   1  0.1265
   1  0.0905
   1  0.0905
   1  0.0905
   7 -0.5861
   6  0.3311
   6  0.2649
   8 -0.5386
   6 -0.3764
   1  0.3524
   1  0.0293
   1  0.1324
   1  0.1324
   1  0.1324
   7 -0.1738
   6 -0.4004
   6  0.8567
   8 -0.6067
   6  0.4370
   6 -0.6710
   6  0.8758
   8 -0.7731
   8 -0.7731
   1  0.1731
   1  0.1024
   1 -0.1354
   1 -0.1354
   1  0.1312
   1  0.1312
   7 -0.3939
   6  0.0350
   1  0.0370
   1  0.0370
   1  0.0370
   1  0.3662
  20  1.8696
   8 -0.7395
   1  0.3605
   1  0.3605
 rrms:    0.0519
