   6 -0.5743
   6  0.7463
   8 -0.6637
   1  0.1764
   1  0.1764
   1  0.1764
   7 -0.6746
   6  0.6745
   6  0.0173
   8 -0.4559
   6 -0.9573
   6  1.0660
   8 -0.7812
   8 -0.7812
   1  0.3670
   1 -0.0939
   1  0.3011
   1  0.3011
   7  0.0895
   6 -0.1462
   6  0.4165
   8 -0.5568
   6  0.0557
   6 -0.0744
   6 -0.0937
   6  0.3190
   7 -0.1642
   1  0.1434
   1  0.1041
   1  0.0035
   1  0.0035
   1  0.0208
   1  0.0208
   1  0.0605
   1  0.0605
   1 -0.0114
   1 -0.0114
   1  0.2492
   1  0.2492
   1  0.2492
   7 -0.4465
   6  0.3864
   6  0.0129
   8 -0.4592
   6 -0.7245
   6  0.7339
   8 -0.6530
   8 -0.6530
   1  0.1975
   1  0.0514
   1  0.2230
   1  0.2230
   7  0.1491
   6 -0.2820
   6  0.5558
   8 -0.6001
   1  0.0527
   1  0.1633
   1  0.1633
   7 -0.3253
   6  0.0464
   6  0.3831
   8 -0.5094
   6 -0.4452
   6  0.8780
   7 -0.9442
   8 -0.6663
   1  0.2011
   1  0.0176
   1  0.1686
   1  0.1686
   1  0.4426
   1  0.4426
   7 -0.2164
   6 -0.1985
   6  0.6107
   8 -0.6444
   1  0.2566
   1  0.1299
   1  0.1299
   7 -0.4251
   6  0.3920
   6  0.1333
   8 -0.4946
   6 -0.3331
   6  0.2991
   6 -0.2887
   6 -0.2887
   6 -0.2523
   6 -0.2523
   6  0.3928
   8 -0.5369
   1  0.2451
   1 -0.0047
   1  0.1201
   1  0.1201
   1  0.1644
   1  0.1644
   1  0.1529
   1  0.1529
   1  0.4035
   7 -0.3442
   6 -0.1783
   6  0.6730
   8 -0.5338
   6  0.3057
   6  0.0381
   6 -0.3439
   6 -0.1830
   1  0.2652
   1  0.1914
   1  0.0029
   1  0.0041
   1  0.0041
   1  0.0724
   1  0.0724
   1  0.0724
   1  0.0356
   1  0.0356
   1  0.0356
   7 -0.3570
   6 -0.3153
   6  0.5187
   8 -0.5495
   6 -0.0462
   8 -0.2822
   1  0.1908
   1  0.2057
   1  0.0410
   1  0.0410
   1  0.3520
   7 -0.0058
   6  0.0054
   6  0.7304
   8 -0.6148
   6 -0.0883
   1  0.2343
   1  0.1014
   1  0.0229
   1  0.0229
   1  0.0229
   7 -0.8750
   6  0.6425
   6  0.2042
   8 -0.4994
   6 -0.5156
   1  0.4200
   1 -0.2646
   1  0.1757
   1  0.1757
   1  0.1757
   7 -0.4352
   6  0.0875
   6  0.5247
   8 -0.5574
   6 -0.1357
   6 -0.2430
   6  0.7080
   8 -0.6615
   8 -0.6615
   1  0.3302
   1  0.0592
   1  0.0683
   1  0.0683
   1  0.0361
   1  0.0361
   7 -0.3593
   6  0.1029
   1  0.0255
   1  0.0255
   1  0.0255
   1  0.3293
  20  1.6110
   8 -0.6383
   1  0.3336
   1  0.3336
 rrms:    0.0478
