   6 -0.7881
   6  1.1563
   8 -0.8184
   1  0.2316
   1  0.2316
   1  0.2316
   7 -1.0947
   6  0.8916
   6 -0.0306
   8 -0.4235
   6 -0.8241
   6  1.1254
   8 -0.8454
   8 -0.8454
   1  0.4271
   1 -0.0640
   1  0.2237
   1  0.2237
   7 -0.4028
   6  0.2665
   6  0.0522
   8 -0.4790
   6 -0.0403
   6  0.0368
   6  0.0023
   6  0.3750
   7 -0.2253
   1  0.2256
   1  0.0713
   1  0.0236
   1  0.0236
   1  0.0008
   1  0.0008
   1  0.0209
   1  0.0209
   1 -0.0532
   1 -0.0532
   1  0.2933
   1  0.2933
   1  0.2933
   7 -0.1098
   6  0.6803
   6  0.1100
   8 -0.5069
   6 -0.9608
   6  1.0509
   8 -0.8487
   8 -0.8487
   1  0.1386
   1 -0.1040
   1  0.2721
   1  0.2721
   7 -0.1367
   6 -0.0773
   6  0.5979
   8 -0.5678
   1  0.1262
   1  0.1103
   1  0.1103
   7 -0.5798
   6  0.3961
   6  0.4558
   8 -0.5326
   6 -0.8223
   6  1.0022
   7 -0.9423
   8 -0.6884
   1  0.2714
   1 -0.0497
   1  0.2407
   1  0.2407
   1  0.4132
   1  0.4132
   7 -0.2185
   6 -0.2054
   6  0.4762
   8 -0.5449
   1  0.3378
   1  0.1313
   1  0.1313
   7 -0.3686
   6  0.2265
   6  0.0109
   8 -0.4787
   6 -0.2088
   6  0.1166
   6 -0.2021
   6 -0.2021
   6 -0.2838
   6 -0.2838
   6  0.4277
   8 -0.5833
   1  0.2640
   1  0.0572
   1  0.0728
   1  0.0728
   1  0.1482
   1  0.1482
   1  0.1579
   1  0.1579
   1  0.4357
   7 -0.0173
   6 -0.1757
   6  0.5417
   8 -0.5916
   6  0.5448
   6 -0.0444
   6 -0.4704
   6 -0.0510
   1  0.1965
   1  0.0236
   1 -0.1384
   1  0.0093
   1  0.0093
   1  0.1079
   1  0.1079
   1  0.1079
   1  0.0162
   1  0.0162
   1  0.0162
   7 -0.0897
   6 -0.2787
   6  0.3015
   8 -0.5155
   6  0.4154
   8 -0.6159
   1  0.2727
   1  0.1719
   1 -0.0235
   1 -0.0235
   1  0.3995
   7 -0.1458
   6  0.0051
   6  0.5932
   8 -0.6091
   6  0.0324
   1  0.2259
   1  0.1126
   1  0.0047
   1  0.0047
   1  0.0047
   7 -0.6357
   6  0.5563
   6  0.0638
   8 -0.4051
   6 -0.3828
   1  0.2163
   1 -0.0755
   1  0.1323
   1  0.1323
   1  0.1323
   7 -0.0893
   6  0.0549
   6  0.2455
   8 -0.5184
   6  0.3380
   6 -0.4386
   6  0.8888
   8 -0.8729
   8 -0.8729
   1  0.2248
   1  0.0727
   1 -0.0927
   1 -0.0927
   1  0.0689
   1  0.0689
   7 -0.1581
   6  0.0229
   1  0.0502
   1  0.0502
   1  0.0502
   1  0.1806
  20  1.9074
   8 -0.5583
   1  0.3052
   1  0.3052
 rrms:    0.0419
