   6 -0.5624
   6  0.6693
   8 -0.6338
   1  0.1741
   1  0.1741
   1  0.1741
   7 -0.3723
   6 -0.0724
   6  0.8398
   8 -0.7142
   6 -0.2245
   6  0.6340
   8 -0.6777
   8 -0.6777
   1  0.2168
   1  0.1119
   1  0.0838
   1  0.0838
   7 -0.9163
   6  0.3813
   6  0.3377
   8 -0.4915
   6 -0.1230
   6  0.1847
   6 -0.2435
   6  0.3573
   7 -0.1891
   1  0.4579
   1  0.0214
   1  0.0675
   1  0.0675
   1 -0.0107
   1 -0.0107
   1  0.0849
   1  0.0849
   1 -0.0226
   1 -0.0226
   1  0.2520
   1  0.2520
   1  0.2520
   7 -0.6137
   6  0.8487
   6  0.4030
   8 -0.6743
   6 -0.5704
   6  0.9845
   8 -0.8372
   8 -0.8372
   1  0.2673
   1 -0.0933
   1  0.1215
   1  0.1215
   7 -0.7643
   6 -0.0545
   6  0.8123
   8 -0.5990
   1  0.2862
   1  0.2165
   1  0.2165
   7 -1.0635
   6  1.3319
   6 -0.1150
   8 -0.4283
   6 -0.9328
   6  1.3235
   7 -0.9528
   8 -0.7887
   1  0.5120
   1 -0.4661
   1  0.2063
   1  0.2063
   1  0.4316
   1  0.4316
   7 -0.2083
   6  0.0644
   6  0.4350
   8 -0.5817
   1  0.3151
   1  0.0081
   1  0.0081
   7 -0.4823
   6  0.3007
   6  0.7526
   8 -0.5942
   6 -0.5670
   6  0.5560
   6 -0.4809
   6 -0.4809
   6 -0.0710
   6 -0.0710
   6  0.1843
   8 -0.5493
   1  0.2794
   1  0.0457
   1  0.1448
   1  0.1448
   1  0.2181
   1  0.2181
   1  0.1360
   1  0.1360
   1  0.4143
   7 -0.6096
   6 -0.6062
   6  1.4587
   8 -0.8192
   6  0.2394
   6 -0.0080
   6 -0.8846
   6  0.0041
   1  0.3423
   1  0.0921
   1 -0.0460
   1  0.0611
   1  0.0611
   1  0.2613
   1  0.2613
   1  0.2613
   1  0.0245
   1  0.0245
   1  0.0245
   7 -0.8992
   6  0.0717
   6  0.5762
   8 -0.6112
   6  0.3238
   8 -0.5490
   1  0.5104
   1  0.1096
   1 -0.0283
   1 -0.0283
   1  0.4050
   7 -0.5491
   6  0.3756
   6  0.2989
   8 -0.4267
   6 -0.3214
   1  0.2505
   1 -0.0222
   1  0.1065
   1  0.1065
   1  0.1065
   7 -0.2170
   6  0.0645
   6  0.4153
   8 -0.5485
   6 -0.1425
   1  0.2504
   1  0.0914
   1  0.0521
   1  0.0521
   1  0.0521
   7 -0.3306
   6 -0.0987
   6  0.5694
   8 -0.5718
   6  0.1893
   6 -0.4286
   6  0.5773
   8 -0.7534
   8 -0.7534
   1  0.1508
   1  0.0800
   1 -0.0583
   1 -0.0583
   1  0.0768
   1  0.0768
   7 -0.4693
   6  0.1800
   1  0.0084
   1  0.0084
   1  0.0084
   1  0.4162
  20  1.9006
   8 -0.5731
   1  0.3161
   1  0.3161
 rrms:    0.0476
