   6 -0.6897
   6  0.7554
   8 -0.6882
   1  0.2046
   1  0.2046
   1  0.2046
   7 -0.5322
   6 -0.0300
   6  0.5130
   8 -0.5267
   6 -0.4415
   6  0.6752
   8 -0.6659
   8 -0.6659
   1  0.3459
   1  0.1489
   1  0.0902
   1  0.0902
   7 -0.4828
   6  0.2471
   6  0.0922
   8 -0.5052
   6 -0.0897
   6  0.1113
   6 -0.0149
   6  0.3193
   7 -0.1533
   1  0.4077
   1  0.0293
   1  0.0656
   1  0.0656
   1 -0.0082
   1 -0.0082
   1  0.0162
   1  0.0162
   1 -0.0527
   1 -0.0527
   1  0.2370
   1  0.2370
   1  0.2370
   7 -0.0116
   6  0.0561
   6  0.4505
   8 -0.4427
   6 -0.2651
   6  0.6965
   8 -0.8003
   8 -0.8003
   1  0.1867
   1  0.0028
   1  0.0811
   1  0.0811
   7 -0.3488
   6 -0.2603
   6  0.9900
   8 -0.6545
   1  0.2761
   1  0.1630
   1  0.1630
   7 -1.1231
   6  0.6045
   6  0.3606
   8 -0.5516
   6 -0.8631
   6  0.9958
   7 -0.8519
   8 -0.7166
   1  0.4615
   1 -0.0955
   1  0.2502
   1  0.2502
   1  0.4010
   1  0.4010
   7 -0.0726
   6 -0.3542
   6  0.7850
   8 -0.6595
   1  0.2676
   1  0.1565
   1  0.1565
   7 -0.8560
   6  0.4089
   6  0.2144
   8 -0.5425
   6 -0.5957
   6  0.4679
   6 -0.3685
   6 -0.3685
   6 -0.2046
   6 -0.2046
   6  0.3286
   8 -0.5364
   1  0.4226
   1  0.0474
   1  0.1437
   1  0.1437
   1  0.2029
   1  0.2029
   1  0.1546
   1  0.1546
   1  0.4103
   7 -0.0737
   6 -0.5496
   6  0.7488
   8 -0.5499
   6  0.5442
   6 -0.4555
   6 -0.5783
   6  0.0747
   1  0.2419
   1  0.2995
   1 -0.1391
   1  0.1801
   1  0.1801
   1  0.1258
   1  0.1258
   1  0.1258
   1 -0.0008
   1 -0.0008
   1 -0.0008
   7 -0.0703
   6 -0.4711
   6  0.6120
   8 -0.5930
   6  0.4891
   8 -0.6161
   1  0.2975
   1  0.1672
   1 -0.0299
   1 -0.0299
   1  0.4167
   7 -0.4112
   6  0.4833
   6  0.1484
   8 -0.5143
   6 -0.5856
   1  0.2227
   1  0.0369
   1  0.1728
   1  0.1728
   1  0.1728
   7 -0.2179
   6  0.2903
   6  0.3524
   8 -0.5549
   6 -0.3057
   1 -0.0325
   1 -0.0031
   1  0.1011
   1  0.1011
   1  0.1011
   7 -0.3671
   6 -0.4899
   6  0.6177
   8 -0.5588
   6  1.0992
   6 -0.6589
   6  0.7499
   8 -0.7629
   8 -0.7629
   1  0.3367
   1  0.2123
   1 -0.2905
   1 -0.2905
   1  0.0879
   1  0.0879
   7 -0.3602
   6  0.0816
   1  0.0306
   1  0.0306
   1  0.0306
   1  0.3554
  20  1.9292
   8 -0.6528
   1  0.3231
   1  0.3231
 rrms:    0.0571
