   6 -0.6403
   6  0.6812
   8 -0.6375
   1  0.1976
   1  0.1976
   1  0.1976
   7 -0.4847
   6  0.4787
   6  0.2980
   8 -0.5363
   6 -0.7889
   6  0.7038
   8 -0.7117
   8 -0.7117
   1  0.2993
   1 -0.0825
   1  0.2554
   1  0.2554
   7 -0.2027
   6  0.0386
   6  0.5127
   8 -0.5478
   6 -0.0350
   6  0.1719
   6 -0.1512
   6  0.2284
   7  0.0536
   1  0.1448
   1  0.0416
   1 -0.0105
   1 -0.0105
   1 -0.0270
   1 -0.0270
   1  0.0736
   1  0.0736
   1  0.0001
   1  0.0001
   1  0.2202
   1  0.2202
   1  0.2202
   7 -0.4522
   6  0.0906
   6  0.2958
   8 -0.5412
   6 -0.3274
   6  0.7917
   8 -0.7666
   8 -0.7666
   1  0.2731
   1  0.0820
   1  0.1115
   1  0.1115
   7 -0.0398
   6 -0.5769
   6  0.7402
   8 -0.6883
   1  0.1796
   1  0.2613
   1  0.2613
   7 -0.6223
   6  0.5962
   6  0.1557
   8 -0.4402
   6 -0.5924
   6  0.8628
   7 -0.8935
   8 -0.6504
   1  0.3914
   1 -0.0682
   1  0.1764
   1  0.1764
   1  0.3939
   1  0.3939
   7 -0.0100
   6 -0.4765
   6  0.7746
   8 -0.6267
   1  0.1464
   1  0.2419
   1  0.2419
   7 -1.0024
   6  0.6793
   6  0.0021
   8 -0.5803
   6 -0.6742
   6  0.4050
   6 -0.3541
   6 -0.3541
   6 -0.2427
   6 -0.2427
   6  0.3710
   8 -0.5413
   1  0.4535
   1 -0.0238
   1  0.2562
   1  0.2562
   1  0.1768
   1  0.1768
   1  0.1595
   1  0.1595
   1  0.4010
   7 -0.1883
   6 -0.0588
   6  0.5294
   8 -0.5729
   6  0.4904
   6 -0.1094
   6 -0.4374
   6 -0.0977
   1  0.2787
   1  0.0707
   1 -0.1912
   1  0.0611
   1  0.0611
   1  0.0998
   1  0.0998
   1  0.0998
   1  0.0043
   1  0.0043
   1  0.0043
   7  0.0415
   6 -0.4655
   6  0.7725
   8 -0.6562
   6  0.4947
   8 -0.6787
   1  0.3416
   1  0.1917
   1 -0.0967
   1 -0.0967
   1  0.4366
   7 -0.3818
   6  0.1134
   6  0.3983
   8 -0.5951
   6 -0.2323
   1  0.2520
   1  0.1116
   1  0.0808
   1  0.0808
   1  0.0808
   7 -0.3409
   6  0.2786
   6  0.5505
   8 -0.6022
   6 -0.1850
   1  0.1183
   1  0.0219
   1  0.0926
   1  0.0926
   1  0.0926
   7 -0.7212
   6  0.1820
   6  0.1006
   8 -0.4609
   6  0.2211
   6 -0.4894
   6  0.9650
   8 -0.8604
   8 -0.8604
   1  0.3591
   1  0.1520
   1 -0.0404
   1 -0.0404
   1  0.0911
   1  0.0911
   7 -0.1142
   6  0.0828
   1  0.0334
   1  0.0334
   1  0.0334
   1  0.2367
  20  1.8960
   8 -0.6503
   1  0.3242
   1  0.3242
 rrms:    0.0613
