   6 -0.6154
   6  0.7211
   8 -0.5788
   1  0.1878
   1  0.1878
   1  0.1878
   7 -0.6173
   6  0.1469
   6  0.5821
   8 -0.5277
   6 -0.0253
   6  0.1843
   8 -0.6527
   8 -0.6527
   1  0.4004
   1  0.0526
   1  0.0911
   1  0.0911
   7  0.0273
   6  0.0973
   6  0.2418
   8 -0.5237
   6 -0.0905
   6 -0.0054
   6 -0.0589
   6  0.4550
   7 -0.4060
   1 -0.1516
   1  0.0273
   1  0.0755
   1  0.0755
   1  0.0361
   1  0.0361
   1  0.0728
   1  0.0728
   1 -0.0612
   1 -0.0612
   1  0.3521
   1  0.3521
   1  0.3521
   7 -0.1994
   6  0.5444
   6  0.0718
   8 -0.4786
   6 -0.6674
   6  0.7821
   8 -0.7187
   8 -0.7187
   1 -0.0755
   1 -0.0027
   1  0.1930
   1  0.1930
   7  0.1126
   6 -0.0631
   6  0.2986
   8 -0.5245
   1 -0.1468
   1  0.1195
   1  0.1195
   7  0.0245
   6 -0.3702
   6  0.5112
   8 -0.5358
   6 -0.0056
   6  0.1136
   7 -0.5911
   8  0.0242
   1 -0.0732
   1  0.2004
   1  0.0925
   1  0.0925
   1  0.3608
   1  0.3608
   7 -0.2034
   6 -0.1575
   6  0.4203
   8 -0.5884
   1  0.3247
   1  0.1328
   1  0.1328
   7 -0.2487
   6  0.0310
   6  0.3177
   8 -0.3182
   6 -0.2384
   6  0.2734
   6 -0.2779
   6 -0.2779
   6 -0.2371
   6 -0.2371
   6  0.3942
   8 -0.5755
   1  0.1303
   1  0.0282
   1  0.0793
   1  0.0793
   1  0.1567
   1  0.1567
   1  0.1485
   1  0.1485
   1  0.4326
   7 -0.2753
   6 -0.1505
   6  0.7107
   8 -0.5981
   6  0.0978
   6  0.1772
   6 -0.2432
   6 -0.1379
   1  0.2701
   1  0.0500
   1 -0.0210
   1 -0.0184
   1 -0.0184
   1  0.0373
   1  0.0373
   1  0.0373
   1  0.0373
   1  0.0373
   1  0.0373
   7 -0.3390
   6 -0.0132
   6  0.2576
   8 -0.3396
   6  0.0797
   8 -0.2672
   1  0.2748
   1  0.0953
   1 -0.0041
   1 -0.0041
   1  0.3160
   7 -0.1924
   6  0.1273
   6  0.6741
   8 -0.6486
   6 -0.3958
   1  0.3015
   1  0.0422
   1  0.1244
   1  0.1244
   1  0.1244
   7 -0.6664
   6  0.6439
   6 -0.3566
   8 -0.3920
   6 -0.4740
   1  0.3205
   1 -0.0496
   1  0.1597
   1  0.1597
   1  0.1597
   7  0.8114
   6 -0.4855
   6  0.5159
   8 -0.5909
   6  0.8786
   6 -1.1148
   6  1.0716
   8 -0.8443
   8 -0.8443
   1 -0.2451
   1  0.2020
   1 -0.2909
   1 -0.2909
   1  0.2612
   1  0.2612
   7 -0.1241
   6 -0.0555
   1  0.0637
   1  0.0637
   1  0.0637
   1 -0.0444
  20  1.7163
   8 -0.8203
   1  0.3917
   1  0.3917
 rrms:    0.0381
