   6 -0.7476
   6  1.0308
   8 -0.7438
   1  0.2212
   1  0.2212
   1  0.2212
   7 -1.1134
   6  1.1433
   6 -0.1892
   8 -0.3848
   6 -1.0515
   6  1.0390
   8 -0.8144
   8 -0.8144
   1  0.5066
   1 -0.1750
   1  0.3071
   1  0.3071
   7 -0.0401
   6 -0.1942
   6  0.4879
   8 -0.5923
   6  0.2215
   6 -0.0479
   6 -0.0174
   6  0.1833
   7 -0.1357
   1  0.0492
   1  0.1508
   1 -0.0318
   1 -0.0318
   1  0.0540
   1  0.0540
   1  0.0204
   1  0.0204
   1  0.0352
   1  0.0352
   1  0.2571
   1  0.2571
   1  0.2571
   7 -0.5203
   6  0.7398
   6 -0.0682
   8 -0.4457
   6 -0.8215
   6  0.9847
   8 -0.7750
   8 -0.7750
   1  0.1813
   1 -0.0927
   1  0.2203
   1  0.2203
   7  0.2079
   6 -0.4531
   6  0.5961
   8 -0.5696
   1 -0.0873
   1  0.2075
   1  0.2075
   7 -0.0065
   6 -0.4069
   6  0.7809
   8 -0.5163
   6 -0.0671
   6  0.6610
   7 -0.8653
   8 -0.5800
   1  0.0041
   1  0.1124
   1  0.0020
   1  0.0020
   1  0.4207
   1  0.4207
   7 -0.2725
   6 -0.3520
   6  0.5787
   8 -0.6227
   1  0.3441
   1  0.1634
   1  0.1634
   7 -0.2255
   6 -0.0589
   6  0.4683
   8 -0.6214
   6 -0.0227
   6 -0.0701
   6 -0.0296
   6 -0.0296
   6 -0.4204
   6 -0.4204
   6  0.5286
   8 -0.5595
   1  0.2392
   1  0.0812
   1  0.0696
   1  0.0696
   1  0.1188
   1  0.1188
   1  0.1681
   1  0.1681
   1  0.4265
   7 -0.2760
   6 -0.1437
   6  0.4954
   8 -0.5308
   6  0.1541
   6  0.0573
   6 -0.1139
   6 -0.3409
   1  0.2256
   1  0.1848
   1  0.0086
   1  0.0143
   1  0.0143
   1  0.0269
   1  0.0269
   1  0.0269
   1  0.0666
   1  0.0666
   1  0.0666
   7 -0.0265
   6 -0.6077
   6  0.9061
   8 -0.6127
   6  0.2177
   8 -0.4385
   1 -0.0223
   1  0.1967
   1 -0.0158
   1 -0.0158
   1  0.3722
   7 -0.4217
   6  0.0527
   6  0.7555
   8 -0.6275
   6 -0.2133
   1  0.4955
   1  0.0896
   1  0.0614
   1  0.0614
   1  0.0614
   7 -0.8931
   6  0.6528
   6  0.0171
   8 -0.4905
   6 -0.4201
   1  0.4273
   1 -0.0851
   1  0.1438
   1  0.1438
   1  0.1438
   7 -0.1971
   6  0.0266
   6  0.4563
   8 -0.5075
   6  0.0816
   6 -0.3330
   6  0.6941
   8 -0.7083
   8 -0.7083
   1  0.2979
   1  0.0024
   1 -0.0448
   1 -0.0448
   1  0.0719
   1  0.0719
   7 -0.3400
   6  0.1024
   1  0.0212
   1  0.0212
   1  0.0212
   1  0.3049
  20  1.8985
   8 -0.6159
   1  0.3071
   1  0.3071
 rrms:    0.0463
