   6 -0.5896
   6  0.8203
   8 -0.6729
   1  0.1703
   1  0.1703
   1  0.1703
   7 -0.6587
   6  0.6002
   6  0.1117
   8 -0.4475
   6 -0.6412
   6  1.0436
   8 -0.8288
   8 -0.8288
   1  0.4009
   1 -0.0420
   1  0.2027
   1  0.2027
   7 -0.0871
   6  0.0309
   6  0.0172
   8 -0.4587
   6  0.0808
   6  0.0581
   6 -0.1480
   6  0.3741
   7 -0.2448
   1  0.1384
   1  0.0905
   1  0.0432
   1  0.0432
   1  0.0468
   1  0.0468
   1  0.0535
   1  0.0535
   1 -0.0362
   1 -0.0362
   1  0.2822
   1  0.2822
   1  0.2822
   7 -0.0598
   6  0.1073
   6  0.0592
   8 -0.4173
   6 -0.1701
   6  0.8166
   8 -0.7508
   8 -0.7508
   1 -0.3372
   1  0.1182
   1  0.0750
   1  0.0750
   7  0.2578
   6 -0.4300
   6  0.5756
   8 -0.5808
   1 -0.1219
   1  0.2286
   1  0.2286
   7 -0.4634
   6  0.7544
   6 -0.2159
   8 -0.2042
   6 -0.9875
   6  1.0797
   7 -0.9696
   8 -0.6953
   1  0.1931
   1 -0.1992
   1  0.2872
   1  0.2872
   1  0.4126
   1  0.4126
   7 -0.0239
   6 -0.2956
   6  0.6372
   8 -0.6112
   1  0.2816
   1  0.1423
   1  0.1423
   7 -0.2000
   6  0.0176
   6  0.3554
   8 -0.6391
   6 -0.3398
   6  0.2014
   6 -0.2190
   6 -0.2190
   6 -0.2713
   6 -0.2713
   6  0.3854
   8 -0.4697
   1  0.1557
   1  0.0579
   1  0.2038
   1  0.2038
   1  0.1452
   1  0.1452
   1  0.1540
   1  0.1540
   1  0.3804
   7 -0.4438
   6 -0.0641
   6  0.3778
   8 -0.4432
   6  0.1296
   6  0.0123
   6 -0.2583
   6 -0.0144
   1  0.2898
   1  0.2082
   1  0.0277
   1  0.0321
   1  0.0321
   1  0.0809
   1  0.0809
   1  0.0809
   1 -0.0064
   1 -0.0064
   1 -0.0064
   7 -0.1122
   6 -0.4175
   6  0.6995
   8 -0.5804
   6  0.1514
   8 -0.5131
   1  0.0027
   1  0.1877
   1 -0.0104
   1 -0.0104
   1  0.3481
   7 -0.1730
   6  0.0461
   6  0.7069
   8 -0.6024
   6 -0.1112
   1  0.4938
   1  0.0689
   1  0.0332
   1  0.0332
   1  0.0332
   7 -0.8855
   6  0.5676
   6  0.2080
   8 -0.5110
   6 -0.3497
   1  0.4482
   1 -0.1553
   1  0.1281
   1  0.1281
   1  0.1281
   7 -0.2752
   6  0.0343
   6  0.5723
   8 -0.5482
   6 -0.0037
   6 -0.1179
   6  0.7066
   8 -0.7760
   8 -0.7760
   1  0.2537
   1 -0.1200
   1 -0.0373
   1 -0.0373
   1 -0.0040
   1 -0.0040
   7 -0.3078
   6 -0.0499
   1  0.0688
   1  0.0688
   1  0.0688
   1  0.3178
  20  1.9150
   8 -0.5767
   1  0.3117
   1  0.3117
 rrms:    0.0433
