   6 -0.4734
   6  0.7669
   8 -0.6646
   1  0.1497
   1  0.1497
   1  0.1497
   7 -0.7221
   6  0.5981
   6  0.1274
   8 -0.4297
   6 -0.6138
   6  0.6675
   8 -0.7098
   8 -0.7098
   1  0.3555
   1 -0.0990
   1  0.1867
   1  0.1867
   7  0.0205
   6 -0.4893
   6  0.8450
   8 -0.6113
   6  0.1072
   6  0.0432
   6 -0.1569
   6  0.6641
   7 -0.4056
   1  0.1026
   1  0.2068
   1  0.0273
   1  0.0273
   1 -0.0018
   1 -0.0018
   1  0.0252
   1  0.0252
   1 -0.1069
   1 -0.1069
   1  0.3417
   1  0.3417
   1  0.3417
   7 -1.1995
   6  0.8940
   6  0.2307
   8 -0.6835
   6 -0.5850
   6  1.1606
   8 -0.8540
   8 -0.8540
   1  0.4129
   1 -0.0876
   1  0.1455
   1  0.1455
   7 -0.3584
   6  0.1242
   6  0.2467
   8 -0.5068
   1  0.3200
   1  0.0683
   1  0.0683
   7 -0.2287
   6  0.1079
   6  0.3600
   8 -0.4478
   6 -0.5236
   6  0.8336
   7 -0.7772
   8 -0.6441
   1  0.2727
   1  0.0067
   1  0.1953
   1  0.1953
   1  0.3862
   1  0.3862
   7 -0.2055
   6  0.0227
   6  0.5579
   8 -0.6022
   1  0.2506
   1  0.0657
   1  0.0657
   7 -0.6867
   6  0.5489
   6  0.1261
   8 -0.5500
   6 -0.9309
   6  0.3891
   6 -0.2361
   6 -0.2361
   6 -0.3618
   6 -0.3618
   6  0.4301
   8 -0.5094
   1  0.3664
   1 -0.0324
   1  0.3387
   1  0.3387
   1  0.1609
   1  0.1609
   1  0.1774
   1  0.1774
   1  0.3697
   7 -0.3427
   6 -0.4229
   6  0.8648
   8 -0.6327
   6  0.3608
   6 -0.2073
   6 -0.8075
   6  0.2332
   1  0.3141
   1  0.2023
   1 -0.0310
   1  0.0785
   1  0.0785
   1  0.1984
   1  0.1984
   1  0.1984
   1 -0.0609
   1 -0.0609
   1 -0.0609
   7 -0.2986
   6 -0.2784
   6  0.5737
   8 -0.6001
   6  0.4001
   8 -0.7041
   1  0.4810
   1  0.1528
   1 -0.0554
   1 -0.0554
   1  0.4493
   7 -0.1936
   6  0.0581
   6  0.4224
   8 -0.5636
   6 -0.4265
   1  0.2050
   1  0.1357
   1  0.1316
   1  0.1316
   1  0.1316
   7 -0.3613
   6  0.2514
   6  0.4166
   8 -0.5361
   6 -0.0488
   1  0.2331
   1 -0.0078
   1  0.0342
   1  0.0342
   1  0.0342
   7 -0.5957
   6 -0.0748
   6  0.3164
   8 -0.5452
   6  0.1364
   6 -0.2540
   6  0.8284
   8 -0.8341
   8 -0.8341
   1  0.3941
   1  0.1781
   1 -0.0182
   1 -0.0182
   1  0.0572
   1  0.0572
   7 -0.1962
   6  0.0612
   1  0.0451
   1  0.0451
   1  0.0451
   1  0.2621
  20  1.8518
   8 -0.5602
   1  0.3032
   1  0.3032
 rrms:    0.0525
