   6 -0.5659
   6  1.0004
   8 -0.7446
   1  0.1737
   1  0.1737
   1  0.1737
   7 -1.1382
   6  0.9285
   6  0.1111
   8 -0.5039
   6 -0.9398
   6  0.9595
   8 -0.7622
   8 -0.7622
   1  0.4262
   1 -0.1092
   1  0.2657
   1  0.2657
   7 -0.3590
   6 -0.0045
   6  0.6053
   8 -0.6270
   6 -0.0112
   6  0.0945
   6 -0.3187
   6  0.4016
   7 -0.1032
   1  0.2364
   1  0.0523
   1  0.0426
   1  0.0426
   1 -0.0071
   1 -0.0071
   1  0.1265
   1  0.1265
   1 -0.0393
   1 -0.0393
   1  0.2399
   1  0.2399
   1  0.2399
   7 -0.8277
   6  1.0740
   6 -0.2558
   8 -0.3382
   6 -1.1229
   6  1.3880
   8 -0.9511
   8 -0.9511
   1  0.5346
   1 -0.1737
   1  0.3304
   1  0.3304
   7 -0.0874
   6 -0.2409
   6  0.4914
   8 -0.5171
   1  0.1523
   1  0.1577
   1  0.1577
   7 -0.4828
   6  0.1224
   6  0.7067
   8 -0.6596
   6 -0.5220
   6  0.8093
   7 -0.8526
   8 -0.6400
   1  0.3203
   1  0.0143
   1  0.1876
   1  0.1876
   1  0.3937
   1  0.3937
   7 -0.4914
   6  0.0688
   6  0.3648
   8 -0.5386
   1  0.3349
   1  0.0777
   1  0.0777
   7 -0.2962
   6  0.1247
   6  0.0713
   8 -0.4311
   6 -0.3994
   6 -0.0507
   6  0.0690
   6  0.0690
   6 -0.5774
   6 -0.5774
   6  0.6548
   8 -0.5720
   1  0.2818
   1  0.0984
   1  0.1668
   1  0.1668
   1  0.0905
   1  0.0905
   1  0.2221
   1  0.2221
   1  0.4156
   7  0.0299
   6 -0.4948
   6  0.7440
   8 -0.5732
   6  0.6958
   6 -0.3971
   6 -0.3147
   6  0.0052
   1  0.1736
   1  0.1313
   1 -0.1635
   1  0.1270
   1  0.1270
   1  0.0667
   1  0.0667
   1  0.0667
   1  0.0161
   1  0.0161
   1  0.0161
   7 -0.4731
   6  0.1164
   6  0.0913
   8 -0.5158
   6  0.3943
   8 -0.5933
   1  0.3160
   1  0.0778
   1 -0.0285
   1 -0.0285
   1  0.4006
   7  0.0152
   6  0.0131
   6  0.6130
   8 -0.5734
   6 -0.0904
   1  0.0934
   1  0.1026
   1  0.0432
   1  0.0432
   1  0.0432
   7 -0.6264
   6  0.5436
   6  0.2127
   8 -0.4153
   6 -0.4622
   1  0.1832
   1 -0.0881
   1  0.1412
   1  0.1412
   1  0.1412
   7 -0.2685
   6  0.1447
   6  0.2386
   8 -0.4973
   6  0.1872
   6 -0.3106
   6  0.8812
   8 -0.8305
   8 -0.8305
   1  0.2778
   1  0.0811
   1 -0.0850
   1 -0.0850
   1  0.0418
   1  0.0418
   7 -0.1955
   6  0.0593
   1  0.0352
   1  0.0352
   1  0.0352
   1  0.2114
  20  1.8905
   8 -0.5962
   1  0.3107
   1  0.3107
 rrms:    0.0501
