   6 -0.6349
   6  0.7703
   8 -0.5768
   1  0.1888
   1  0.1888
   1  0.1888
   7 -0.6436
   6  0.1780
   6  0.3767
   8 -0.5015
   6 -0.0233
   6  0.3277
   8 -0.6400
   8 -0.6400
   1  0.3887
   1  0.0958
   1  0.0420
   1  0.0420
   7 -0.0280
   6 -0.7672
   6  1.0113
   8 -0.6845
   6  0.4502
   6 -0.1196
   6 -0.0492
   6  0.4051
   7 -0.2763
   1 -0.3272
   1  0.2514
   1 -0.0813
   1 -0.0813
   1  0.0248
   1  0.0248
   1  0.0459
   1  0.0459
   1 -0.0557
   1 -0.0557
   1  0.3318
   1  0.3318
   1  0.3318
   7 -1.1711
   6  0.6572
   6 -0.0545
   8 -0.4831
   6 -0.9642
   6  0.9467
   8 -0.7814
   8 -0.7814
   1  0.8316
   1  0.0002
   1  0.2628
   1  0.2628
   7  0.0549
   6 -0.3238
   6  0.4063
   8 -0.5424
   1  0.0680
   1  0.1612
   1  0.1612
   7 -0.2711
   6 -0.3669
   6  0.5934
   8 -0.5931
   6  0.0167
   6  0.2714
   7 -0.6884
   8 -0.0159
   1  0.5471
   1  0.2075
   1  0.0503
   1  0.0503
   1  0.3394
   1  0.3394
   7 -0.2093
   6 -0.1136
   6  0.4462
   8 -0.6133
   1  0.2733
   1  0.0926
   1  0.0926
   7  0.0483
   6 -0.2865
   6  0.5728
   8 -0.5018
   6  0.1652
   6  0.0103
   6 -0.1846
   6 -0.1846
   6 -0.1273
   6 -0.1273
   6  0.2243
   8 -0.5054
   1 -0.2612
   1  0.1426
   1 -0.0244
   1 -0.0244
   1  0.1176
   1  0.1176
   1  0.1189
   1  0.1189
   1  0.4175
   7 -0.3390
   6  0.0046
   6  0.4882
   8 -0.5468
   6  0.0743
   6  0.0647
   6 -0.1998
   6 -0.0731
   1  0.2905
   1  0.0907
   1 -0.0154
   1  0.0161
   1  0.0161
   1  0.0409
   1  0.0409
   1  0.0409
   1  0.0220
   1  0.0220
   1  0.0220
   7 -0.0661
   6 -0.1922
   6  0.2123
   8 -0.2683
   6  0.2844
   8 -0.4528
   1 -0.1518
   1  0.0993
   1 -0.0315
   1 -0.0315
   1  0.4588
   7 -0.0477
   6 -0.0693
   6  0.7921
   8 -0.6915
   6 -0.2421
   1  0.2636
   1  0.0872
   1  0.0824
   1  0.0824
   1  0.0824
   7 -0.7208
   6  0.5888
   6 -0.2799
   8 -0.4151
   6 -0.4985
   1  0.3997
   1 -0.0463
   1  0.1571
   1  0.1571
   1  0.1571
   7  0.7169
   6 -0.7562
   6  0.7309
   8 -0.6264
   6  0.4038
   6 -0.0382
   6  0.1743
   8 -0.4340
   8 -0.4340
   1 -0.2443
   1  0.2694
   1 -0.0560
   1 -0.0560
   1  0.0589
   1  0.0589
   7 -0.3662
   6  0.0484
   1  0.0293
   1  0.0293
   1  0.0293
   1  0.1313
  20  1.7457
   8 -0.6439
   1  0.3137
   1  0.3137
 rrms:    0.0457
