   6 -0.5182
   6  0.7689
   8 -0.6682
   1  0.1656
   1  0.1656
   1  0.1656
   7 -0.7454
   6  0.8354
   6 -0.1002
   8 -0.4003
   6 -0.8039
   6  0.7790
   8 -0.6702
   8 -0.6702
   1  0.3701
   1 -0.1890
   1  0.2356
   1  0.2356
   7  0.3637
   6 -0.5352
   6  0.8575
   8 -0.6647
   6  0.0189
   6 -0.1714
   6  0.0021
   6  0.2600
   7 -0.1780
   1 -0.0006
   1  0.2245
   1  0.0206
   1  0.0206
   1  0.0425
   1  0.0425
   1  0.0576
   1  0.0576
   1  0.0081
   1  0.0081
   1  0.2817
   1  0.2817
   1  0.2817
   7 -0.8864
   6  1.1589
   6 -0.3209
   8 -0.4092
   6 -1.1556
   6  1.2096
   8 -0.8382
   8 -0.8382
   1  0.3280
   1 -0.1543
   1  0.3065
   1  0.3065
   7  0.1936
   6 -0.6098
   6  0.9877
   8 -0.7726
   1  0.1340
   1  0.2413
   1  0.2413
   7 -0.7836
   6  0.3878
   6  0.8307
   8 -0.6186
   6 -0.6825
   6  0.7186
   7 -0.7678
   8 -0.6464
   1  0.3930
   1 -0.0388
   1  0.2698
   1  0.2698
   1  0.3706
   1  0.3706
   7 -0.7408
   6  0.4912
   6  0.1633
   8 -0.4994
   1  0.3734
   1 -0.0219
   1 -0.0219
   7 -0.6732
   6  0.4355
   6  0.3616
   8 -0.5008
   6 -0.8785
   6  0.8614
   6 -0.6384
   6 -0.6384
   6 -0.0467
   6 -0.0467
   6  0.1557
   8 -0.5034
   1  0.3892
   1 -0.0127
   1  0.2416
   1  0.2416
   1  0.2572
   1  0.2572
   1  0.1402
   1  0.1402
   1  0.3927
   7 -0.4794
   6  0.0878
   6  0.4024
   8 -0.4823
   6  0.1664
   6 -0.0757
   6 -0.1696
   6 -0.1032
   1  0.3798
   1 -0.0047
   1  0.0164
   1  0.0849
   1  0.0849
   1  0.0205
   1  0.0205
   1  0.0205
   1  0.0324
   1  0.0324
   1  0.0324
   7 -0.0768
   6 -0.1964
   6  0.3986
   8 -0.5397
   6  0.2566
   8 -0.5770
   1  0.1780
   1  0.1680
   1  0.0030
   1  0.0030
   1  0.4075
   7 -0.2750
   6  0.1423
   6  0.3548
   8 -0.5340
   6 -0.1561
   1  0.2631
   1  0.0877
   1  0.0599
   1  0.0599
   1  0.0599
   7 -0.2802
   6  0.1925
   6  0.5619
   8 -0.5159
   6 -0.1691
   1  0.0387
   1  0.0119
   1  0.0697
   1  0.0697
   1  0.0697
   7 -0.7202
   6  0.2019
   6  0.1809
   8 -0.5129
   6  0.0784
   6 -0.5869
   6  0.8909
   8 -0.7516
   8 -0.7516
   1  0.4594
   1  0.1136
   1 -0.0256
   1 -0.0256
   1  0.1403
   1  0.1403
   7 -0.0708
   6 -0.1035
   1  0.0869
   1  0.0869
   1  0.0869
   1  0.1968
  20  1.5577
   8 -0.6450
   1  0.3300
   1  0.3300
 rrms:    0.0460
