   6 -0.5503
   6  0.8046
   8 -0.6809
   1  0.1646
   1  0.1646
   1  0.1646
   7 -0.6335
   6  0.0186
   6  0.6639
   8 -0.5499
   6 -0.1952
   6  0.7078
   8 -0.6993
   8 -0.6993
   1  0.3423
   1  0.0335
   1  0.0357
   1  0.0357
   7 -0.7883
   6  0.0617
   6  0.2501
   8 -0.5111
   6  0.1045
   6 -0.2068
   6 -0.0011
   6  0.2478
   7 -0.0682
   1  0.4107
   1  0.1442
   1 -0.0039
   1 -0.0039
   1  0.1249
   1  0.1249
   1  0.0300
   1  0.0300
   1 -0.0067
   1 -0.0067
   1  0.2373
   1  0.2373
   1  0.2373
   7 -0.0529
   6 -0.0163
   6  0.4544
   8 -0.4911
   6 -0.3581
   6  0.8146
   8 -0.8083
   8 -0.8083
   1  0.1937
   1  0.0603
   1  0.1197
   1  0.1197
   7 -0.2114
   6 -0.1682
   6  0.6653
   8 -0.5967
   1  0.2216
   1  0.1229
   1  0.1229
   7 -0.6809
   6  0.3234
   6  0.5363
   8 -0.5789
   6 -0.7439
   6  0.9648
   7 -0.9302
   8 -0.7210
   1  0.3810
   1 -0.0117
   1  0.2381
   1  0.2381
   1  0.4067
   1  0.4067
   7 -0.3667
   6 -0.0929
   6  0.4880
   8 -0.5555
   1  0.3239
   1  0.1076
   1  0.1076
   7 -0.7294
   6  0.2882
   6  0.1022
   8 -0.4478
   6 -0.5894
   6  0.4527
   6 -0.3295
   6 -0.3295
   6 -0.2585
   6 -0.2585
   6  0.3727
   8 -0.5430
   1  0.3706
   1  0.0445
   1  0.1820
   1  0.1820
   1  0.1901
   1  0.1901
   1  0.1739
   1  0.1739
   1  0.4108
   7  0.1521
   6 -0.9851
   6  0.8876
   8 -0.5627
   6  0.7237
   6 -0.3887
   6 -0.8276
   6 -0.1735
   1  0.2976
   1  0.3060
   1 -0.1286
   1  0.1616
   1  0.1616
   1  0.2195
   1  0.2195
   1  0.2195
   1  0.0561
   1  0.0561
   1  0.0561
   7 -0.4122
   6 -0.0141
   6  0.2024
   8 -0.5062
   6  0.2310
   8 -0.5720
   1  0.3871
   1  0.1154
   1  0.0067
   1  0.0067
   1  0.4062
   7 -0.1608
   6  0.0698
   6  0.3811
   8 -0.5626
   6 -0.0362
   1  0.2485
   1  0.0763
   1  0.0336
   1  0.0336
   1  0.0336
   7 -0.2263
   6  0.1005
   6  0.4482
   8 -0.4959
   6  0.1201
   1 -0.0151
   1  0.0703
   1 -0.0024
   1 -0.0024
   1 -0.0024
   7 -0.6570
   6  0.4806
   6  0.1108
   8 -0.4881
   6  0.1598
   6 -0.4864
   6  0.8953
   8 -0.8233
   8 -0.8233
   1  0.3732
   1 -0.0206
   1 -0.0800
   1 -0.0800
   1  0.1211
   1  0.1211
   7 -0.1433
   6 -0.0026
   1  0.0550
   1  0.0550
   1  0.0550
   1  0.2268
  20  1.8976
   8 -0.6253
   1  0.3106
   1  0.3106
 rrms:    0.0526
