   6 -0.7521
   6  0.9830
   8 -0.7696
   1  0.2276
   1  0.2276
   1  0.2276
   7 -1.0130
   6  0.7225
   6  0.2660
   8 -0.4857
   6 -0.3403
   6  0.3858
   8 -0.7005
   8 -0.7005
   1  0.4990
   1 -0.1245
   1  0.1485
   1  0.1485
   7  0.2037
   6 -0.0926
   6  0.5489
   8 -0.6271
   6 -0.0432
   6 -0.0259
   6 -0.0097
   6  0.3817
   7 -0.3287
   1 -0.1894
   1  0.0807
   1  0.0167
   1  0.0167
   1  0.0495
   1  0.0495
   1  0.0439
   1  0.0439
   1 -0.0456
   1 -0.0456
   1  0.3412
   1  0.3412
   1  0.3412
   7 -0.3960
   6  0.5771
   6 -0.1782
   8 -0.4005
   6 -0.6500
   6  0.8000
   8 -0.7242
   8 -0.7242
   1  0.1098
   1 -0.0107
   1  0.1935
   1  0.1935
   7  0.3112
   6 -0.4532
   6  0.5728
   8 -0.6044
   1 -0.2302
   1  0.2209
   1  0.2209
   7 -0.0744
   6  0.1205
   6 -0.0106
   8 -0.4363
   6 -0.5682
   6  0.7334
   7 -0.6030
   8 -0.0975
   1 -0.0462
   1  0.0632
   1  0.2242
   1  0.2242
   1  0.3209
   1  0.3209
   7  0.0934
   6 -0.2142
   6  0.5597
   8 -0.5758
   1  0.0869
   1  0.1198
   1  0.1198
   7 -0.0888
   6 -0.3240
   6  0.8169
   8 -0.5592
   6  0.0462
   6 -0.5698
   6  0.2606
   6  0.2606
   6 -0.7351
   6 -0.7351
   6  0.6285
   8 -0.5409
   1  0.0378
   1  0.1270
   1  0.0229
   1  0.0229
   1  0.0955
   1  0.0955
   1  0.2291
   1  0.2291
   1  0.4089
   7 -0.5574
   6 -0.4403
   6  1.0671
   8 -0.7048
   6  0.3311
   6 -0.2741
   6 -0.5043
   6 -0.2670
   1  0.4012
   1  0.2422
   1 -0.0280
   1  0.1643
   1  0.1643
   1  0.1126
   1  0.1126
   1  0.1126
   1  0.0867
   1  0.0867
   1  0.0867
   7 -0.4560
   6  0.0416
   6  0.3283
   8 -0.1959
   6  0.0988
   8 -0.4534
   1 -0.0734
   1  0.0646
   1  0.0363
   1  0.0363
   1  0.3830
   7 -0.2387
   6  0.0385
   6  0.7053
   8 -0.6375
   6 -0.0847
   1  0.3007
   1  0.0550
   1  0.0444
   1  0.0444
   1  0.0444
   7 -0.5306
   6  0.5225
   6 -0.1703
   8 -0.4346
   6 -0.3609
   1  0.2895
   1 -0.0140
   1  0.1268
   1  0.1268
   1  0.1268
   7  0.6599
   6 -0.6027
   6  0.6294
   8 -0.6423
   6  0.8559
   6 -1.2799
   6  1.3969
   8 -0.8798
   8 -0.8798
   1 -0.5081
   1  0.2698
   1 -0.2496
   1 -0.2496
   1  0.3291
   1  0.3291
   7 -0.2819
   6  0.0306
   1  0.0511
   1  0.0511
   1  0.0511
   1  0.0215
  20  1.7874
   8 -0.4207
   1  0.3285
   1  0.3285
 rrms:    0.0513
