   6 -0.4365
   6  0.8142
   8 -0.6832
   1  0.1317
   1  0.1317
   1  0.1317
   7 -0.7221
   6  0.5141
   6  0.2519
   8 -0.4888
   6 -0.7100
   6  0.7814
   8 -0.7654
   8 -0.7654
   1  0.4006
   1 -0.0644
   1  0.2222
   1  0.2222
   7 -0.3742
   6 -0.0091
   6  0.4445
   8 -0.5679
   6  0.0214
   6 -0.0164
   6 -0.0913
   6  0.2351
   7 -0.1258
   1  0.2213
   1  0.1187
   1  0.0202
   1  0.0202
   1  0.0212
   1  0.0212
   1  0.0726
   1  0.0726
   1  0.0136
   1  0.0136
   1  0.2740
   1  0.2740
   1  0.2740
   7 -0.3902
   6  0.1514
   6  0.4160
   8 -0.4760
   6 -0.5265
   6  0.5828
   8 -0.6973
   8 -0.6973
   1  0.3095
   1  0.0833
   1  0.1970
   1  0.1970
   7 -0.4686
   6  0.0493
   6  0.2856
   8 -0.3957
   1  0.3290
   1  0.0882
   1  0.0882
   7 -0.1789
   6 -0.1293
   6  0.7391
   8 -0.5794
   6 -0.5135
   6  0.6891
   7 -0.7752
   8 -0.6512
   1  0.1722
   1  0.0724
   1  0.2105
   1  0.2105
   1  0.3873
   1  0.3873
   7 -0.3787
   6 -0.2914
   6  0.5741
   8 -0.6326
   1  0.3862
   1  0.1737
   1  0.1737
   7 -0.8343
   6  0.5285
   6 -0.0718
   8 -0.5479
   6 -0.2489
   6  0.4300
   6 -0.4935
   6 -0.4935
   6  0.0068
   6  0.0068
   6  0.1143
   8 -0.4779
   1  0.4195
   1  0.0216
   1  0.1284
   1  0.1284
   1  0.1773
   1  0.1773
   1  0.1044
   1  0.1044
   1  0.3872
   7 -0.0253
   6 -0.7571
   6  0.8105
   8 -0.4979
   6  0.6061
   6 -0.1695
   6 -0.7316
   6 -0.2836
   1  0.3914
   1  0.2388
   1 -0.0680
   1  0.0828
   1  0.0828
   1  0.1729
   1  0.1729
   1  0.1729
   1  0.0855
   1  0.0855
   1  0.0855
   7 -0.2516
   6 -0.3107
   6  0.3376
   8 -0.5257
   6  0.5357
   8 -0.6304
   1  0.4110
   1  0.1759
   1 -0.0507
   1 -0.0507
   1  0.4182
   7 -0.3295
   6  0.2546
   6  0.1566
   8 -0.4913
   6 -0.0429
   1  0.2734
   1  0.0500
   1  0.0348
   1  0.0348
   1  0.0348
   7  0.0798
   6  0.0148
   6  0.5323
   8 -0.5035
   6  0.0971
   1 -0.2642
   1  0.0397
   1 -0.0119
   1 -0.0119
   1 -0.0119
   7 -0.5436
   6 -0.0466
   6  0.3767
   8 -0.5247
   6  0.2218
   6 -0.6644
   6  0.9908
   8 -0.8667
   8 -0.8667
   1  0.4153
   1  0.1670
   1 -0.0680
   1 -0.0680
   1  0.1757
   1  0.1757
   7 -0.2859
   6  0.0851
   1  0.0288
   1  0.0288
   1  0.0288
   1  0.2793
  20  1.8840
   8 -0.7100
   1  0.3496
   1  0.3496
 rrms:    0.0484
