   6 -0.6271
   6  0.7357
   8 -0.6338
   1  0.1973
   1  0.1973
   1  0.1973
   7 -0.5864
   6  0.4925
   6  0.2422
   8 -0.4500
   6 -0.6593
   6  0.7393
   8 -0.7327
   8 -0.7327
   1  0.2712
   1 -0.0939
   1  0.2074
   1  0.2074
   7 -0.3334
   6 -0.1886
   6  0.9850
   8 -0.6465
   6 -0.0325
   6  0.1773
   6 -0.0614
   6  0.3629
   7 -0.3065
   1  0.1963
   1  0.1603
   1  0.0102
   1  0.0102
   1 -0.0306
   1 -0.0306
   1  0.0673
   1  0.0673
   1 -0.0392
   1 -0.0392
   1  0.3243
   1  0.3243
   1  0.3243
   7 -1.3645
   6  1.0179
   6 -0.0133
   8 -0.3831
   6 -0.6253
   6  0.8901
   8 -0.7636
   8 -0.7636
   1  0.5196
   1 -0.1173
   1  0.1489
   1  0.1489
   7 -0.1565
   6 -0.3667
   6  0.6711
   8 -0.5625
   1  0.2140
   1  0.2024
   1  0.2024
   7 -0.8280
   6  0.5380
   6  0.4213
   8 -0.4891
   6 -0.7571
   6  1.0261
   7 -0.8829
   8 -0.7665
   1  0.3613
   1 -0.0659
   1  0.2195
   1  0.2195
   1  0.3995
   1  0.3995
   7 -0.4571
   6  0.0085
   6  0.3867
   8 -0.5222
   1  0.3401
   1  0.0862
   1  0.0862
   7 -0.5652
   6  0.2399
   6  0.3426
   8 -0.5753
   6 -0.2946
   6  0.2536
   6 -0.3238
   6 -0.3238
   6 -0.2028
   6 -0.2028
   6  0.3305
   8 -0.5265
   1  0.3358
   1  0.0529
   1  0.1393
   1  0.1393
   1  0.1633
   1  0.1633
   1  0.1525
   1  0.1525
   1  0.3965
   7 -0.3074
   6 -0.6887
   6  0.7283
   8 -0.5975
   6  0.3665
   6 -0.0340
   6 -0.6355
   6 -0.1718
   1  0.3998
   1  0.3196
   1 -0.0598
   1  0.0071
   1  0.0071
   1  0.1564
   1  0.1564
   1  0.1564
   1  0.0774
   1  0.0774
   1  0.0774
   7  0.1885
   6 -0.7346
   6  0.8651
   8 -0.6301
   6  0.5083
   8 -0.6820
   1  0.2608
   1  0.2233
   1 -0.0763
   1 -0.0763
   1  0.4361
   7 -0.2243
   6 -0.0469
   6  0.5869
   8 -0.6059
   6 -0.1896
   1  0.2576
   1  0.1408
   1  0.0602
   1  0.0602
   1  0.0602
   7 -0.6059
   6  0.3786
   6  0.4890
   8 -0.5277
   6 -0.2323
   1  0.1552
   1 -0.0234
   1  0.1010
   1  0.1010
   1  0.1010
   7 -0.7283
   6  0.2578
   6  0.1858
   8 -0.5118
   6  0.0442
   6 -0.2845
   6  0.9612
   8 -0.8913
   8 -0.8913
   1  0.4175
   1  0.1019
   1 -0.0245
   1 -0.0245
   1  0.0334
   1  0.0334
   7 -0.1794
   6  0.1170
   1  0.0254
   1  0.0254
   1  0.0254
   1  0.2399
  20  1.9767
   8 -0.7098
   1  0.3519
   1  0.3519
 rrms:    0.0499
