   6 -0.7775
   6  0.8848
   8 -0.6551
   1  0.2295
   1  0.2295
   1  0.2295
   7 -0.9709
   6  0.7424
   6  0.3347
   8 -0.5145
   6 -0.7256
   6  0.6500
   8 -0.6517
   8 -0.6517
   1  0.5133
   1 -0.1409
   1  0.2127
   1  0.2127
   7  0.1176
   6 -0.1718
   6  0.8750
   8 -0.6914
   6  0.1383
   6 -0.0715
   6 -0.1005
   6  0.4239
   7 -0.2698
   1 -0.1847
   1  0.0530
   1 -0.0192
   1 -0.0192
   1  0.0782
   1  0.0782
   1  0.0728
   1  0.0728
   1 -0.0739
   1 -0.0739
   1  0.3248
   1  0.3248
   1  0.3248
   7 -1.0191
   6  1.3736
   6 -0.7234
   8 -0.3407
   6 -1.1473
   6  1.1421
   8 -0.8764
   8 -0.8764
   1  0.4324
   1 -0.1761
   1  0.2898
   1  0.2898
   7  0.5155
   6 -0.5063
   6  0.5788
   8 -0.6005
   1 -0.5312
   1  0.2238
   1  0.2238
   7 -0.2895
   6  0.2195
   6  0.2199
   8 -0.4953
   6 -0.3427
   6  0.5021
   7 -0.6532
   8 -0.4212
   1  0.2425
   1  0.0299
   1  0.1630
   1  0.1630
   1  0.3607
   1  0.3607
   7  0.1001
   6 -0.3644
   6  0.6714
   8 -0.6011
   1  0.1197
   1  0.1596
   1  0.1596
   7 -0.2227
   6 -0.3877
   6  0.9209
   8 -0.8412
   6 -0.0686
   6 -0.0752
   6 -0.0454
   6 -0.0454
   6 -0.4067
   6 -0.4067
   6  0.4876
   8 -0.5744
   1 -0.0556
   1  0.1986
   1  0.0623
   1  0.0623
   1  0.1339
   1  0.1339
   1  0.1963
   1  0.1963
   1  0.4352
   7 -0.5231
   6 -0.1483
   6  0.5966
   8 -0.5590
   6  0.2319
   6 -0.0412
   6 -0.3637
   6 -0.2551
   1  0.2789
   1  0.2048
   1 -0.0031
   1  0.0779
   1  0.0779
   1  0.0787
   1  0.0787
   1  0.0787
   1  0.0738
   1  0.0738
   1  0.0738
   7 -0.2959
   6 -0.0337
   6  0.3125
   8 -0.2598
   6  0.2014
   8 -0.4842
   1  0.1763
   1  0.0551
   1 -0.0031
   1 -0.0031
   1  0.2539
   7 -0.2440
   6  0.0812
   6  0.5573
   8 -0.6257
   6 -0.2041
   1  0.3235
   1  0.0652
   1  0.0648
   1  0.0648
   1  0.0648
   7 -0.4477
   6  0.3455
   6  0.0151
   8 -0.4659
   6 -0.3752
   1  0.2789
   1 -0.0106
   1  0.1210
   1  0.1210
   1  0.1210
   7  0.4043
   6 -0.5517
   6  0.5970
   8 -0.6069
   6  0.7206
   6 -0.5799
   6  0.6410
   8 -0.6405
   8 -0.6405
   1  0.0149
   1  0.2412
   1 -0.2920
   1 -0.2920
   1  0.1580
   1  0.1580
   7 -0.2053
   6 -0.0685
   1  0.0675
   1  0.0675
   1  0.0675
   1  0.0166
  20  2.4459
   8 -0.9993
   1  0.4208
   1  0.4208
 rrms:    0.0478
