   6 -0.6027
   6  0.9344
   8 -0.7083
   1  0.1802
   1  0.1802
   1  0.1802
   7 -0.8894
   6  0.6485
   6  0.1504
   8 -0.5671
   6 -0.6461
   6  0.8039
   8 -0.7235
   8 -0.7235
   1  0.3696
   1 -0.0255
   1  0.1912
   1  0.1912
   7 -0.4889
   6  0.0396
   6  0.3991
   8 -0.5254
   6  0.0635
   6 -0.1140
   6  0.0937
   6  0.2374
   7 -0.1441
   1  0.3104
   1  0.1220
   1  0.0472
   1  0.0472
   1  0.0606
   1  0.0606
   1 -0.0343
   1 -0.0343
   1 -0.0087
   1 -0.0087
   1  0.2594
   1  0.2594
   1  0.2594
   7 -0.3472
   6 -0.0229
   6  0.4387
   8 -0.5195
   6 -0.1098
   6  0.6747
   8 -0.7418
   8 -0.7418
   1  0.3514
   1  0.0352
   1  0.0747
   1  0.0747
   7 -0.2871
   6 -0.2334
   6  0.6159
   8 -0.6025
   1  0.3028
   1  0.1445
   1  0.1445
   7 -0.4068
   6  0.1467
   6  0.5377
   8 -0.6053
   6 -0.5084
   6  0.8546
   7 -0.9406
   8 -0.6747
   1  0.2820
   1 -0.0364
   1  0.1826
   1  0.1826
   1  0.4352
   1  0.4352
   7 -0.2587
   6 -0.3022
   6  0.6516
   8 -0.6031
   1  0.2988
   1  0.1846
   1  0.1846
   7 -0.5971
   6  0.4147
   6 -0.0062
   8 -0.4631
   6 -0.6128
   6  0.4817
   6 -0.3608
   6 -0.3608
   6 -0.2669
   6 -0.2669
   6  0.3935
   8 -0.5456
   1  0.3029
   1 -0.0581
   1  0.1693
   1  0.1693
   1  0.2142
   1  0.2142
   1  0.1748
   1  0.1748
   1  0.3999
   7  0.0579
   6 -0.3876
   6  0.7074
   8 -0.5775
   6  0.4125
   6 -0.0278
   6 -0.3681
   6 -0.1790
   1  0.1655
   1  0.1214
   1 -0.0602
   1  0.0358
   1  0.0358
   1  0.0708
   1  0.0708
   1  0.0708
   1  0.0451
   1  0.0451
   1  0.0451
   7 -0.4395
   6  0.1468
   6  0.0438
   8 -0.4712
   6  0.2213
   8 -0.5242
   1  0.4408
   1  0.0633
   1 -0.0031
   1 -0.0031
   1  0.3850
   7  0.0683
   6 -0.0316
   6  0.5192
   8 -0.5691
   6  0.0136
   1  0.1536
   1  0.1192
   1  0.0185
   1  0.0185
   1  0.0185
   7 -0.4779
   6  0.5962
   6  0.0153
   8 -0.4027
   6 -0.5271
   1  0.0422
   1 -0.0828
   1  0.1523
   1  0.1523
   1  0.1523
   7  0.1736
   6 -0.4317
   6  0.5656
   8 -0.5768
   6  0.9457
   6 -1.0539
   6  1.1611
   8 -0.8519
   8 -0.8519
   1  0.1619
   1  0.1885
   1 -0.3186
   1 -0.3186
   1  0.2359
   1  0.2359
   7 -0.2201
   6 -0.1714
   1  0.0974
   1  0.0974
   1  0.0974
   1  0.2447
  20  1.8000
   8 -0.7007
   1  0.3457
   1  0.3457
 rrms:    0.0472
