   6 -0.7130
   6  0.9773
   8 -0.7221
   1  0.2151
   1  0.2151
   1  0.2151
   7 -1.2725
   6  1.3687
   6 -0.1184
   8 -0.3623
   6 -1.2827
   6  1.0587
   8 -0.8284
   8 -0.8284
   1  0.5683
   1 -0.2400
   1  0.3462
   1  0.3462
   7 -0.2165
   6  0.0169
   6  0.5055
   8 -0.5402
   6 -0.1569
   6  0.1066
   6 -0.0071
   6  0.1754
   7 -0.0553
   1  0.1619
   1  0.0696
   1  0.0678
   1  0.0678
   1 -0.0252
   1 -0.0252
   1  0.0467
   1  0.0467
   1  0.0249
   1  0.0249
   1  0.2660
   1  0.2660
   1  0.2660
   7 -0.3356
   6  0.0200
   6  0.4747
   8 -0.4877
   6 -0.6037
   6  0.7487
   8 -0.7428
   8 -0.7428
   1  0.2180
   1  0.0832
   1  0.1691
   1  0.1691
   7 -0.3603
   6 -0.1447
   6  0.7823
   8 -0.5569
   1  0.2892
   1  0.1346
   1  0.1346
   7 -1.0576
   6  0.8411
   6  0.0489
   8 -0.4528
   6 -1.0178
   6  1.2626
   7 -0.9954
   8 -0.8146
   1  0.4179
   1 -0.1493
   1  0.2651
   1  0.2651
   1  0.4690
   1  0.4690
   7  0.0588
   6 -0.4489
   6  0.7939
   8 -0.7171
   1  0.2147
   1  0.1780
   1  0.1780
   7 -0.9438
   6  0.6535
   6  0.0129
   8 -0.5594
   6 -0.2709
   6  0.2039
   6 -0.2083
   6 -0.2083
   6 -0.3338
   6 -0.3338
   6  0.4639
   8 -0.5782
   1  0.4340
   1 -0.0558
   1  0.1017
   1  0.1017
   1  0.1369
   1  0.1369
   1  0.1767
   1  0.1767
   1  0.4314
   7  0.0199
   6 -0.7471
   6  0.6421
   8 -0.4497
   6  0.2945
   6 -0.3044
   6 -0.3492
   6 -0.0153
   1  0.3936
   1  0.3551
   1  0.0216
   1  0.1186
   1  0.1186
   1  0.1160
   1  0.1160
   1  0.1160
   1  0.0147
   1  0.0147
   1  0.0147
   7 -0.3394
   6 -0.0717
   6  0.0845
   8 -0.5005
   6  0.4349
   8 -0.6382
   1  0.4187
   1  0.1437
   1 -0.0583
   1 -0.0583
   1  0.4455
   7  0.0040
   6  0.1479
   6  0.4595
   8 -0.5587
   6  0.0494
   1  0.1567
   1  0.0289
   1 -0.0066
   1 -0.0066
   1 -0.0066
   7 -0.4056
   6  0.3411
   6  0.3271
   8 -0.4899
   6 -0.2180
   1  0.0901
   1 -0.0167
   1  0.0762
   1  0.0762
   1  0.0762
   7 -0.4849
   6  0.2318
   6  0.2393
   8 -0.5021
   6  0.1035
   6 -0.2593
   6  0.6683
   8 -0.7347
   8 -0.7347
   1  0.3424
   1  0.0401
   1 -0.0458
   1 -0.0458
   1  0.0739
   1  0.0739
   7 -0.2173
   6  0.0756
   1  0.0335
   1  0.0335
   1  0.0335
   1  0.2415
  20  1.6832
   8 -0.5726
   1  0.3114
   1  0.3114
 rrms:    0.0451
