   6 -0.4110
   6  0.7113
   8 -0.6899
   1  0.1380
   1  0.1380
   1  0.1380
   7 -0.5743
   6  0.1708
   6  0.6238
   8 -0.5592
   6 -0.2271
   6  0.6766
   8 -0.7348
   8 -0.7348
   1  0.2195
   1  0.1718
   1  0.0368
   1  0.0368
   7 -0.5881
   6  0.4327
   6  0.3971
   8 -0.5134
   6 -0.4025
   6  0.3344
   6  0.0280
   6  0.1597
   7 -0.1129
   1  0.3987
   1 -0.0583
   1  0.1155
   1  0.1155
   1 -0.1000
   1 -0.1000
   1  0.0079
   1  0.0079
   1  0.0249
   1  0.0249
   1  0.2826
   1  0.2826
   1  0.2826
   7 -0.5873
   6  0.7525
   6  0.1522
   8 -0.4849
   6 -0.7758
   6  0.9732
   8 -0.7833
   8 -0.7833
   1  0.0689
   1 -0.0752
   1  0.1974
   1  0.1974
   7 -0.1213
   6  0.0337
   6  0.6849
   8 -0.6223
   1  0.0026
   1  0.0958
   1  0.0958
   7 -0.5513
   6  0.1600
   6  0.3393
   8 -0.5057
   6 -0.6051
   6  0.7177
   7 -0.8307
   8 -0.6354
   1  0.3888
   1  0.0234
   1  0.2410
   1  0.2410
   1  0.4015
   1  0.4015
   7 -0.2986
   6  0.0766
   6  0.5725
   8 -0.5848
   1  0.2838
   1  0.0788
   1  0.0788
   7 -0.7074
   6  0.2127
   6  0.4318
   8 -0.5226
   6 -0.1106
   6  0.3491
   6 -0.3382
   6 -0.3382
   6 -0.1852
   6 -0.1852
   6  0.2895
   8 -0.5281
   1  0.3261
   1  0.0323
   1  0.0412
   1  0.0412
   1  0.1666
   1  0.1666
   1  0.1554
   1  0.1554
   1  0.4027
   7 -0.2175
   6 -0.2445
   6  0.2708
   8 -0.5253
   6  0.3832
   6 -0.0602
   6 -0.5407
   6 -0.3480
   1  0.0775
   1  0.1580
   1 -0.0261
   1  0.1817
   1  0.1817
   1  0.1511
   1  0.1511
   1  0.1511
   1  0.0750
   1  0.0750
   1  0.0750
   7  0.2972
   6 -0.6787
   6  0.7845
   8 -0.6307
   6  0.5679
   8 -0.5468
   1 -0.0238
   1  0.2440
   1 -0.0836
   1 -0.0836
   1  0.3962
   7 -0.3575
   6  0.0940
   6  0.6067
   8 -0.5124
   6 -0.0583
   1  0.0910
   1  0.0297
   1  0.0350
   1  0.0350
   1  0.0350
   7 -0.7165
   6  0.4776
   6 -0.0015
   8 -0.4512
   6 -0.3278
   1  0.3883
   1  0.0073
   1  0.1018
   1  0.1018
   1  0.1018
   7 -0.0276
   6 -0.3845
   6  0.6240
   8 -0.6152
   6  0.1883
   6 -0.0129
   6  0.6103
   8 -0.7114
   8 -0.7114
   1  0.1652
   1  0.1770
   1  0.0053
   1  0.0053
   1 -0.0932
   1 -0.0932
   7 -0.3377
   6  0.0234
   1  0.0441
   1  0.0441
   1  0.0441
   1  0.3142
  20  1.8227
   8 -0.5162
   1  0.2624
   1  0.2624
 rrms:    0.0418
