   6 -0.5188
   6  0.6008
   8 -0.5724
   1  0.1649
   1  0.1649
   1  0.1649
   7 -0.3636
   6  0.1850
   6  0.7155
   8 -0.6633
   6 -0.7533
   6  0.8616
   8 -0.7890
   8 -0.7890
   1  0.2408
   1  0.0584
   1  0.1920
   1  0.1920
   7 -0.6592
   6  0.1268
   6  0.6510
   8 -0.6393
   6 -0.1583
   6 -0.0870
   6  0.2858
   6  0.3205
   7 -0.2646
   1  0.3085
   1  0.1508
   1  0.1100
   1  0.1100
   1  0.0151
   1  0.0151
   1 -0.0886
   1 -0.0886
   1 -0.0441
   1 -0.0441
   1  0.3216
   1  0.3216
   1  0.3216
   7 -0.8123
   6  0.8610
   6  0.0149
   8 -0.4340
   6 -0.9009
   6  1.0109
   8 -0.7716
   8 -0.7716
   1  0.2294
   1 -0.0834
   1  0.2596
   1  0.2596
   7 -0.0163
   6 -0.3633
   6  0.7160
   8 -0.6223
   1  0.1419
   1  0.1768
   1  0.1768
   7 -0.6930
   6  0.7014
   6 -0.0181
   8 -0.4399
   6 -0.8376
   6  0.7698
   7 -0.6234
   8 -0.6154
   1  0.4124
   1 -0.0338
   1  0.2928
   1  0.2928
   1  0.2476
   1  0.2476
   7 -0.0421
   6  0.0445
   6  0.3109
   8 -0.5598
   1  0.2179
   1  0.0166
   1  0.0166
   7  0.0649
   6 -0.2163
   6  0.8936
   8 -0.7416
   6 -0.3200
   6  0.3798
   6 -0.3949
   6 -0.3949
   6 -0.1151
   6 -0.1151
   6  0.2176
   8 -0.5413
   1  0.0259
   1  0.1545
   1  0.1213
   1  0.1213
   1  0.2156
   1  0.2156
   1  0.1472
   1  0.1472
   1  0.3960
   7 -0.8508
   6  0.3148
   6  0.1251
   8 -0.4450
   6 -0.2054
   6  0.4789
   6 -0.3678
   6 -0.5058
   1  0.4608
   1  0.0660
   1  0.1045
   1 -0.1249
   1 -0.1249
   1  0.1096
   1  0.1096
   1  0.1096
   1  0.1430
   1  0.1430
   1  0.1430
   7 -0.5922
   6  0.3907
   6  0.3067
   8 -0.1812
   6  0.5653
   8 -0.7427
   1  0.5355
   1 -0.1189
   1 -0.0801
   1 -0.0801
   1  0.4645
   7 -0.4585
   6  0.4575
   6  0.4217
   8 -0.4459
   6 -0.1969
   1  0.2872
   1 -0.1089
   1  0.0815
   1  0.0815
   1  0.0815
   7 -0.3668
   6  0.2559
   6  0.0268
   8 -0.4306
   6 -0.0771
   1  0.3110
   1  0.0369
   1  0.0435
   1  0.0435
   1  0.0435
   7  0.5380
   6 -0.9813
   6  0.8770
   8 -0.6326
   6  1.0433
   6 -1.5982
   6  1.1739
   8 -0.8621
   8 -0.8621
   1 -0.8275
   1  0.3328
   1 -0.3140
   1 -0.3140
   1  0.5468
   1  0.5468
   7 -0.3869
   6 -0.0364
   1  0.0677
   1  0.0677
   1  0.0677
   1  0.2679
  20  1.8890
   8 -0.6769
   1  0.3595
   1  0.3595
 rrms:    0.0548
