   6 -0.5816
   6  0.7764
   8 -0.6351
   1  0.1728
   1  0.1728
   1  0.1728
   7 -0.7084
   6  0.3035
   6  0.2867
   8 -0.4293
   6 -0.2456
   6  0.6619
   8 -0.8421
   8 -0.8421
   1  0.4266
   1  0.0066
   1  0.1298
   1  0.1298
   7  0.5359
   6 -1.0334
   6  0.9446
   8 -0.6935
   6  0.7976
   6 -0.4356
   6 -0.0190
   6  0.4459
   7 -0.5107
   1 -0.2850
   1  0.3159
   1 -0.0920
   1 -0.0920
   1  0.1776
   1  0.1776
   1  0.0390
   1  0.0390
   1 -0.0818
   1 -0.0818
   1  0.3834
   1  0.3834
   1  0.3834
   7 -0.6655
   6  0.8338
   6 -0.4272
   8 -0.3937
   6 -0.6495
   6  0.9606
   8 -0.7715
   8 -0.7715
   1  0.4285
   1 -0.0923
   1  0.1793
   1  0.1793
   7  0.5212
   6 -0.5706
   6  0.6619
   8 -0.5955
   1 -0.6707
   1  0.2429
   1  0.2429
   7 -0.3790
   6  0.2087
   6  0.0674
   8 -0.4529
   6 -0.2258
   6  0.3584
   7 -0.6778
   8 -0.3682
   1  0.3080
   1  0.0551
   1  0.1250
   1  0.1250
   1  0.4169
   1  0.4169
   7  0.2733
   6 -0.4020
   6  0.6888
   8 -0.6163
   1  0.0500
   1  0.1672
   1  0.1672
   7 -0.2930
   6  0.0066
   6  0.2411
   8 -0.4131
   6  0.0624
   6  0.0287
   6 -0.0968
   6 -0.0968
   6 -0.4821
   6 -0.4821
   6  0.4738
   8 -0.6216
   1  0.2007
   1  0.0164
   1  0.0140
   1  0.0140
   1  0.1415
   1  0.1415
   1  0.2286
   1  0.2286
   1  0.4720
   7 -0.1089
   6 -0.5006
   6  0.9995
   8 -0.6474
   6  0.2695
   6 -0.1106
   6 -0.2050
   6 -0.1227
   1  0.2273
   1  0.2105
   1 -0.0642
   1  0.0760
   1  0.0760
   1  0.0186
   1  0.0186
   1  0.0186
   1  0.0423
   1  0.0423
   1  0.0423
   7 -0.6322
   6  0.1919
   6  0.1241
   8 -0.1543
   6 -0.1520
   8 -0.2505
   1  0.3268
   1  0.0336
   1  0.1156
   1  0.1156
   1  0.3529
   7 -0.3835
   6  0.1535
   6  0.5214
   8 -0.6248
   6 -0.1182
   1  0.3520
   1  0.0593
   1  0.0452
   1  0.0452
   1  0.0452
   7 -0.5430
   6  0.5349
   6 -0.1437
   8 -0.4189
   6 -0.4132
   1  0.3361
   1 -0.0557
   1  0.1230
   1  0.1230
   1  0.1230
   7  0.5046
   6 -0.3523
   6  0.6287
   8 -0.6385
   6  0.8050
   6 -1.6418
   6  1.3720
   8 -0.9048
   8 -0.9048
   1 -0.1229
   1  0.1893
   1 -0.2225
   1 -0.2225
   1  0.3774
   1  0.3774
   7 -0.3141
   6 -0.0529
   1  0.0586
   1  0.0586
   1  0.0586
   1  0.0761
  20  1.7651
   8 -0.5526
   1  0.2784
   1  0.2784
 rrms:    0.0438
