   6 -0.5179
   6  0.7928
   8 -0.6774
   1  0.1616
   1  0.1616
   1  0.1616
   7 -0.8140
   6  0.9110
   6 -0.0411
   8 -0.5722
   6 -0.8808
   6  0.9494
   8 -0.7919
   8 -0.7919
   1  0.4214
   1 -0.0966
   1  0.1915
   1  0.1915
   7  0.3656
   6 -0.4875
   6  0.6205
   8 -0.6302
   6  0.6240
   6 -0.4862
   6  0.0854
   6  0.1671
   7 -0.1856
   1 -0.1425
   1  0.2168
   1 -0.1278
   1 -0.1278
   1  0.1588
   1  0.1588
   1  0.0114
   1  0.0114
   1  0.0509
   1  0.0509
   1  0.2838
   1  0.2838
   1  0.2838
   7 -0.4644
   6  0.4016
   6  0.1547
   8 -0.4944
   6 -0.5091
   6  0.7001
   8 -0.7193
   8 -0.7193
   1  0.3283
   1  0.0357
   1  0.1474
   1  0.1474
   7 -0.1490
   6 -0.1355
   6  0.8045
   8 -0.6784
   1  0.1887
   1  0.0830
   1  0.0830
   7 -0.7085
   6  0.4798
   6  0.1430
   8 -0.4683
   6 -0.8065
   6  0.8631
   7 -0.8560
   8 -0.6813
   1  0.4190
   1  0.0470
   1  0.2784
   1  0.2784
   1  0.4093
   1  0.4093
   7 -0.2220
   6 -0.0244
   6  0.8653
   8 -0.8091
   1  0.2800
   1  0.0588
   1  0.0588
   7 -0.8125
   6  0.3534
   6  0.3677
   8 -0.4710
   6 -0.1882
   6  0.1137
   6 -0.0895
   6 -0.0895
   6 -0.4337
   6 -0.4337
   6  0.4654
   8 -0.5337
   1  0.2894
   1  0.0520
   1  0.1008
   1  0.1008
   1  0.1221
   1  0.1221
   1  0.2027
   1  0.2027
   1  0.4073
   7 -0.4545
   6  0.0170
   6  0.3644
   8 -0.5271
   6  0.1540
   6 -0.1097
   6 -0.2444
   6 -0.2428
   1  0.1691
   1  0.0473
   1  0.0029
   1  0.1081
   1  0.1081
   1  0.0607
   1  0.0607
   1  0.0607
   1  0.0625
   1  0.0625
   1  0.0625
   7  0.0422
   6 -0.3135
   6  0.4994
   8 -0.5918
   6  0.4165
   8 -0.6160
   1  0.2650
   1  0.1961
   1 -0.0667
   1 -0.0667
   1  0.4105
   7 -0.1609
   6 -0.0227
   6  0.4603
   8 -0.3858
   6  0.0702
   1 -0.0458
   1  0.0891
   1  0.0086
   1  0.0086
   1  0.0086
   7 -0.5587
   6  0.4288
   6  0.1115
   8 -0.4668
   6 -0.4319
   1  0.3632
   1  0.0355
   1  0.1315
   1  0.1315
   1  0.1315
   7 -0.2022
   6 -0.1816
   6  0.5733
   8 -0.5830
   6  0.4398
   6 -1.0278
   6  0.8025
   8 -0.7298
   8 -0.7298
   1  0.1729
   1  0.1220
   1 -0.0857
   1 -0.0857
   1  0.2943
   1  0.2943
   7 -0.2832
   6 -0.0878
   1  0.0695
   1  0.0695
   1  0.0695
   1  0.3047
  20  1.8212
   8 -0.5544
   1  0.3317
   1  0.3317
 rrms:    0.0483
