   6 -0.5869
   6  0.6891
   8 -0.6130
   1  0.1824
   1  0.1824
   1  0.1824
   7 -0.4196
   6  0.2105
   6  0.3926
   8 -0.4709
   6 -0.6205
   6  0.6935
   8 -0.7177
   8 -0.7177
   1  0.2385
   1 -0.0428
   1  0.1941
   1  0.1941
   7 -0.1889
   6 -0.2688
   6  0.9520
   8 -0.6393
   6  0.1869
   6 -0.1440
   6 -0.3143
   6  0.6601
   7 -0.2710
   1  0.1227
   1  0.1426
   1 -0.0479
   1 -0.0479
   1  0.0590
   1  0.0590
   1  0.1345
   1  0.1345
   1 -0.1102
   1 -0.1102
   1  0.3144
   1  0.3144
   1  0.3144
   7 -1.1225
   6  0.8518
   6  0.0719
   8 -0.4758
   6 -0.9935
   6  0.9988
   8 -0.8049
   8 -0.8049
   1  0.5677
   1 -0.0778
   1  0.2887
   1  0.2887
   7 -0.2192
   6 -0.1007
   6  0.4045
   8 -0.5643
   1  0.2198
   1  0.1434
   1  0.1434
   7 -0.4255
   6  0.2779
   6  0.5304
   8 -0.4833
   6 -0.1707
   6  0.8079
   7 -0.8300
   8 -0.6688
   1  0.2014
   1 -0.0946
   1  0.0445
   1  0.0445
   1  0.4094
   1  0.4094
   7 -0.2892
   6 -0.3169
   6  0.5823
   8 -0.6027
   1  0.3117
   1  0.1893
   1  0.1893
   7 -0.8735
   6  0.3951
   6  0.0032
   8 -0.5546
   6 -0.2689
   6  0.1409
   6 -0.1408
   6 -0.1408
   6 -0.4413
   6 -0.4413
   6  0.5904
   8 -0.6248
   1  0.4489
   1  0.0162
   1  0.1857
   1  0.1857
   1  0.1235
   1  0.1235
   1  0.2027
   1  0.2027
   1  0.4368
   7  0.2682
   6 -0.8940
   6  0.9497
   8 -0.5683
   6  0.4724
   6 -0.2656
   6 -0.7792
   6 -0.5092
   1  0.1656
   1  0.3410
   1 -0.0828
   1  0.0983
   1  0.0983
   1  0.2058
   1  0.2058
   1  0.2058
   1  0.1579
   1  0.1579
   1  0.1579
   7 -0.4854
   6 -0.0831
   6  0.3858
   8 -0.5249
   6  0.2329
   8 -0.6207
   1  0.5314
   1  0.0870
   1 -0.0238
   1 -0.0238
   1  0.4266
   7 -0.0538
   6 -0.0605
   6  0.5782
   8 -0.6005
   6  0.0096
   1  0.2087
   1  0.1215
   1  0.0082
   1  0.0082
   1  0.0082
   7 -0.5470
   6  0.3511
   6  0.4717
   8 -0.5257
   6 -0.1425
   1  0.1434
   1 -0.0254
   1  0.0677
   1  0.0677
   1  0.0677
   7 -0.4497
   6  0.0018
   6  0.3282
   8 -0.5466
   6  0.0658
   6 -0.8430
   6  1.0167
   8 -0.8024
   8 -0.8024
   1  0.2950
   1  0.1559
   1 -0.0010
   1 -0.0010
   1  0.2433
   1  0.2433
   7 -0.2105
   6  0.0821
   1  0.0384
   1  0.0384
   1  0.0384
   1  0.2286
  20  1.6800
   8 -0.5886
   1  0.3112
   1  0.3112
 rrms:    0.0540
