   6 -0.3594
   6  0.9178
   8 -0.6652
   1  0.1179
   1  0.1179
   1  0.1179
   7 -0.9490
   6  0.8034
   6  0.0368
   8 -0.4706
   6 -0.2423
   6  0.5876
   8 -0.7691
   8 -0.7691
   1  0.4625
   1 -0.0599
   1  0.1017
   1  0.1017
   7  0.5860
   6 -0.1398
   6  0.5658
   8 -0.6471
   6  0.0962
   6 -0.0172
   6 -0.0653
   6  0.3474
   7 -0.3090
   1 -1.1125
   1  0.0523
   1  0.0859
   1  0.0859
   1  0.0387
   1  0.0387
   1  0.0611
   1  0.0611
   1 -0.0248
   1 -0.0248
   1  0.3340
   1  0.3340
   1  0.3340
   7 -0.4799
   6  0.7022
   6 -0.2709
   8 -0.4132
   6 -0.7435
   6  1.0798
   8 -0.8334
   8 -0.8334
   1  0.3701
   1 -0.0313
   1  0.2117
   1  0.2117
   7  0.2610
   6  0.0176
   6  0.3184
   8 -0.5747
   1 -0.3346
   1  0.0781
   1  0.0781
   7 -0.0076
   6  0.0511
   6  0.2002
   8 -0.5160
   6 -0.6568
   6  0.8593
   7 -0.8630
   8 -0.6073
   1  0.0605
   1  0.1264
   1  0.2243
   1  0.2243
   1  0.4161
   1  0.4161
   7 -0.0005
   6 -0.4199
   6  0.4675
   8 -0.5374
   1  0.1844
   1  0.2044
   1  0.2044
   7  0.1313
   6 -0.8947
   6  1.2531
   8 -0.9371
   6  0.7895
   6 -0.4266
   6  0.1262
   6  0.1262
   6 -0.4938
   6 -0.4938
   6  0.5774
   8 -0.5655
   1  0.1259
   1  0.3042
   1 -0.2230
   1 -0.2230
   1  0.0812
   1  0.0812
   1  0.2091
   1  0.2091
   1  0.3980
   7 -0.7512
   6 -0.0416
   6  1.0028
   8 -0.6660
   6  0.3625
   6 -0.1048
   6 -0.5706
   6 -0.0639
   1  0.3309
   1  0.0458
   1 -0.0482
   1  0.0559
   1  0.0559
   1  0.1040
   1  0.1040
   1  0.1040
   1  0.0293
   1  0.0293
   1  0.0293
   7 -0.7924
   6  0.1625
   6 -0.0951
   8 -0.5596
   6 -0.0179
   8 -0.2497
   1  0.4666
   1 -0.1042
   1 -0.0075
   1 -0.0075
   1  0.0587
   7 -0.4555
   6 -0.4010
   6  0.2506
   8 -0.7194
   6 -0.5165
   1  0.4152
   1  0.2389
   1  0.1285
   1  0.1285
   1  0.1285
   7 -1.7829
   6  0.3141
   6  0.8159
   8 -0.7076
   6 -1.5792
   1  0.4615
   1 -0.3008
   1  0.2215
   1  0.2215
   1  0.2215
   7 -1.1837
   6  0.8372
   6 -0.1503
   8 -0.5910
   6  0.5120
   6 -1.2775
   6  1.4387
   8 -0.9272
   8 -0.9272
   1  6.9148
   1 -0.0660
   1 -0.5847
   1 -0.5847
   1  0.0053
   1  0.0053
   7 -0.0536
   6 -0.5193
   1  0.1637
   1  0.1637
   1  0.1637
   1 -0.1858
  20  2.2183
   8 -0.7213
   1  0.3226
   1  0.3226
 rrms:    0.0586
