   6 -0.4855
   6  0.7587
   8 -0.6691
   1  0.1623
   1  0.1623
   1  0.1623
   7 -0.5987
   6  0.8645
   6 -0.4366
   8 -0.3675
   6 -0.9415
   6  0.8336
   8 -0.7264
   8 -0.7264
   1  0.1892
   1 -0.1638
   1  0.3034
   1  0.3034
   7  0.4155
   6 -0.0484
   6  0.3425
   8 -0.5361
   6  0.1343
   6  0.0154
   6  0.1873
   6  0.3210
   7 -0.1302
   1  0.1038
   1  0.1318
   1 -0.0179
   1 -0.0179
   1 -0.0569
   1 -0.0569
   1 -0.0236
   1 -0.0236
   1 -0.0787
   1 -0.0787
   1  0.2871
   1  0.2871
   1  0.2871
   7 -0.5172
   6  0.6770
   6  0.1027
   8 -0.4552
   6 -0.6050
   6  1.0538
   8 -0.8657
   8 -0.8657
   1  0.0996
   1 -0.0563
   1  0.1490
   1  0.1490
   7 -0.1220
   6 -0.5189
   6  1.1206
   8 -0.6946
   1  0.1796
   1  0.1964
   1  0.1964
   7 -1.1018
   6  0.7637
   6  0.3259
   8 -0.5425
   6 -0.8018
   6  1.0144
   7 -1.0340
   8 -0.6762
   1  0.5101
   1 -0.0593
   1  0.2234
   1  0.2234
   1  0.4603
   1  0.4603
   7 -0.2768
   6 -0.2431
   6  0.8145
   8 -0.5573
   1  0.2310
   1  0.0993
   1  0.0993
   7 -0.7020
   6  0.0208
   6  1.0106
   8 -0.6549
   6  0.1290
   6  0.0663
   6 -0.1761
   6 -0.1761
   6 -0.2675
   6 -0.2675
   6  0.3439
   8 -0.4835
   1  0.2976
   1  0.0481
   1 -0.0656
   1 -0.0656
   1  0.1288
   1  0.1288
   1  0.1766
   1  0.1766
   1  0.3733
   7 -0.8780
   6  0.6050
   6 -0.1967
   8 -0.4686
   6  0.0827
   6  0.0572
   6 -0.2601
   6  0.0181
   1  0.3218
   1 -0.0678
   1  0.0788
   1 -0.0131
   1 -0.0131
   1  0.0695
   1  0.0695
   1  0.0695
   1 -0.0037
   1 -0.0037
   1 -0.0037
   7  0.5069
   6 -0.5266
   6  0.8218
   8 -0.6055
   6  0.6240
   8 -0.6271
   1 -0.3724
   1  0.2261
   1 -0.1030
   1 -0.1030
   1  0.3735
   7 -0.5975
   6  0.2993
   6  0.4882
   8 -0.4557
   6 -0.1179
   1  0.1923
   1 -0.0367
   1  0.0559
   1  0.0559
   1  0.0559
   7 -0.6339
   6  0.3154
   6  0.1952
   8 -0.4803
   6 -0.1923
   1  0.3847
   1  0.0395
   1  0.0648
   1  0.0648
   1  0.0648
   7 -0.0669
   6 -0.3346
   6  0.7314
   8 -0.6061
   6  0.4143
   6 -0.5006
   6  0.7126
   8 -0.6888
   8 -0.6888
   1  0.0799
   1  0.1368
   1 -0.0906
   1 -0.0906
   1  0.1522
   1  0.1522
   7 -0.5031
   6  0.1175
   1  0.0217
   1  0.0217
   1  0.0217
   1  0.3882
  20  1.8898
   8 -0.5818
   1  0.3025
   1  0.3025
 rrms:    0.0608
