   6 -0.6019
   6  0.8166
   8 -0.6769
   1  0.1790
   1  0.1790
   1  0.1790
   7 -0.7050
   6  0.4462
   6  0.2927
   8 -0.4229
   6 -0.3688
   6  0.6790
   8 -0.7591
   8 -0.7591
   1  0.4036
   1 -0.0272
   1  0.1915
   1  0.1915
   7  0.2986
   6 -0.5065
   6  0.6515
   8 -0.6529
   6  0.6346
   6 -0.4554
   6 -0.0288
   6  0.4202
   7 -0.4456
   1 -0.0200
   1  0.1554
   1 -0.0919
   1 -0.0919
   1  0.1407
   1  0.1407
   1  0.0186
   1  0.0186
   1 -0.0255
   1 -0.0255
   1  0.3752
   1  0.3752
   1  0.3752
   7 -0.3293
   6  0.9967
   6 -0.7950
   8 -0.3185
   6 -0.6732
   6  0.8048
   8 -0.7189
   8 -0.7189
   1  0.2918
   1 -0.1260
   1  0.2170
   1  0.2170
   7  1.0555
   6 -0.8212
   6  0.8488
   8 -0.6180
   1 -1.7235
   1  0.3228
   1  0.3228
   7 -0.6198
   6  0.6062
   6 -0.0834
   8 -0.4195
   6 -0.6726
   6  1.0286
   7 -1.0030
   8 -0.7629
   1  0.4639
   1 -0.0387
   1  0.1981
   1  0.1981
   1  0.4608
   1  0.4608
   7  0.2471
   6 -0.4011
   6  0.6657
   8 -0.6266
   1  0.0843
   1  0.1627
   1  0.1627
   7 -0.2350
   6 -0.4263
   6  0.6012
   8 -0.3092
   6  0.0871
   6 -0.1251
   6  0.0268
   6  0.0268
   6 -0.4762
   6 -0.4762
   6  0.6099
   8 -0.6008
   1  0.1796
   1  0.1731
   1  0.0117
   1  0.0117
   1  0.1100
   1  0.1100
   1  0.2009
   1  0.2009
   1  0.4308
   7 -0.4039
   6 -0.1555
   6  0.6945
   8 -0.6040
   6  0.1779
   6  0.0701
   6 -0.1754
   6 -0.2730
   1  0.2893
   1  0.1104
   1 -0.0091
   1  0.0335
   1  0.0335
   1  0.0280
   1  0.0280
   1  0.0280
   1  0.0757
   1  0.0757
   1  0.0757
   7 -0.4832
   6  0.2215
   6  0.1714
   8 -0.2937
   6  0.0270
   8 -0.6024
   1  0.0325
   1  0.0422
   1  0.1402
   1  0.1402
   1  0.3977
   7 -0.2936
   6  0.2513
   6  0.3763
   8 -0.5758
   6 -0.4215
   1  0.2773
   1  0.0301
   1  0.1323
   1  0.1323
   1  0.1323
   7 -0.2198
   6  0.2297
   6 -0.0121
   8 -0.4300
   6 -0.2804
   1  0.2224
   1  0.0220
   1  0.1027
   1  0.1027
   1  0.1027
   7  0.5821
   6 -0.6382
   6  0.5193
   8 -0.5680
   6  1.1586
   6 -1.2951
   6  1.0485
   8 -0.7918
   8 -0.7918
   1 -0.0356
   1  0.2190
   1 -0.2988
   1 -0.2988
   1  0.2755
   1  0.2755
   7 -0.2521
   6 -0.0332
   1  0.0577
   1  0.0577
   1  0.0577
   1  0.0340
  20  2.0239
   8 -0.7925
   1  0.3686
   1  0.3686
 rrms:    0.0379
