   6 -0.5902
   6  0.8420
   8 -0.6868
   1  0.1756
   1  0.1756
   1  0.1756
   7 -0.7508
   6  0.5466
   6  0.2385
   8 -0.4629
   6 -0.7701
   6  1.0789
   8 -0.8516
   8 -0.8516
   1  0.3821
   1 -0.0202
   1  0.2447
   1  0.2447
   7 -0.3013
   6 -0.1020
   6  0.3577
   8 -0.5784
   6  0.2328
   6 -0.0313
   6  0.0534
   6  0.2880
   7 -0.1674
   1  0.2056
   1  0.1317
   1 -0.0221
   1 -0.0221
   1  0.0006
   1  0.0006
   1  0.0016
   1  0.0016
   1 -0.0258
   1 -0.0258
   1  0.2329
   1  0.2329
   1  0.2329
   7 -0.2610
   6  0.5169
   6 -0.2573
   8 -0.3931
   6 -0.7239
   6  0.8123
   8 -0.7461
   8 -0.7461
   1  0.2575
   1  0.0428
   1  0.2222
   1  0.2222
   7  0.3217
   6 -0.4870
   6  0.5801
   8 -0.5531
   1 -0.3312
   1  0.2221
   1  0.2221
   7 -0.4535
   6  0.6228
   6  0.2214
   8 -0.4874
   6 -0.6951
   6  0.7865
   7 -0.8374
   8 -0.6401
   1  0.3178
   1 -0.1901
   1  0.2245
   1  0.2245
   1  0.4124
   1  0.4124
   7 -0.1524
   6 -0.2454
   6  0.5426
   8 -0.5841
   1  0.2752
   1  0.1285
   1  0.1285
   7 -0.1744
   6  0.0164
   6  0.4829
   8 -0.5641
   6 -0.0722
   6 -0.0005
   6 -0.0726
   6 -0.0726
   6 -0.4024
   6 -0.4024
   6  0.5246
   8 -0.5792
   1  0.2402
   1  0.0502
   1  0.0500
   1  0.0500
   1  0.1129
   1  0.1129
   1  0.1815
   1  0.1815
   1  0.4342
   7 -0.4469
   6 -0.1669
   6  0.4625
   8 -0.4450
   6  0.1899
   6  0.0413
   6 -0.5404
   6 -0.0757
   1  0.3608
   1  0.1329
   1 -0.0082
   1 -0.0027
   1 -0.0027
   1  0.1322
   1  0.1322
   1  0.1322
   1  0.0155
   1  0.0155
   1  0.0155
   7 -0.0082
   6 -0.6070
   6  0.7414
   8 -0.6105
   6  0.5413
   8 -0.5773
   1  0.1774
   1  0.2054
   1 -0.0768
   1 -0.0768
   1  0.3985
   7 -0.2545
   6  0.2990
   6  0.3249
   8 -0.5537
   6 -0.3734
   1  0.2290
   1  0.0617
   1  0.1099
   1  0.1099
   1  0.1099
   7 -0.3968
   6  0.1510
   6  0.3075
   8 -0.5463
   6 -0.1263
   1  0.3170
   1 -0.0688
   1  0.0566
   1  0.0566
   1  0.0566
   7 -0.1324
   6 -0.1472
   6  0.5864
   8 -0.5856
   6  0.3244
   6 -0.6153
   6  0.7102
   8 -0.6881
   8 -0.6881
   1  0.1353
   1  0.0209
   1 -0.0442
   1 -0.0442
   1  0.1517
   1  0.1517
   7 -0.2499
   6  0.0451
   1  0.0385
   1  0.0385
   1  0.0385
   1  0.2352
  20  1.8214
   8 -0.4720
   1  0.3019
   1  0.3019
 rrms:    0.0402
