   6 -0.4677
   6  0.7686
   8 -0.6445
   1  0.1462
   1  0.1462
   1  0.1462
   7 -0.6537
   6  0.2370
   6  0.5740
   8 -0.5546
   6 -0.4829
   6  0.7617
   8 -0.7123
   8 -0.7123
   1  0.3506
   1 -0.0607
   1  0.1324
   1  0.1324
   7 -0.3749
   6  0.1889
   6  0.5070
   8 -0.5646
   6 -0.3880
   6  0.3193
   6 -0.3053
   6  0.3707
   7 -0.2353
   1  0.2732
   1  0.0697
   1  0.1003
   1  0.1003
   1 -0.0609
   1 -0.0609
   1  0.1337
   1  0.1337
   1 -0.0431
   1 -0.0431
   1  0.2806
   1  0.2806
   1  0.2806
   7 -0.6962
   6  0.8865
   6 -0.0497
   8 -0.2690
   6 -1.2003
   6  1.0582
   8 -0.8404
   8 -0.8404
   1  0.2516
   1 -0.1567
   1  0.3393
   1  0.3393
   7 -0.0485
   6 -0.3973
   6  0.5301
   8 -0.5011
   1  0.2062
   1  0.1891
   1  0.1891
   7 -0.4487
   6  0.1931
   6  0.6836
   8 -0.5907
   6 -0.6008
   6  0.9774
   7 -0.8869
   8 -0.7491
   1  0.2439
   1 -0.0341
   1  0.1651
   1  0.1651
   1  0.4002
   1  0.4002
   7 -0.4500
   6 -0.0823
   6  0.3670
   8 -0.5693
   1  0.4136
   1  0.1048
   1  0.1048
   7 -0.4019
   6  0.0929
   6  0.0935
   8 -0.4321
   6 -0.4064
   6  0.2708
   6 -0.2755
   6 -0.2755
   6 -0.2369
   6 -0.2369
   6  0.2953
   8 -0.5080
   1  0.3027
   1  0.0488
   1  0.1459
   1  0.1459
   1  0.1531
   1  0.1531
   1  0.1639
   1  0.1639
   1  0.4033
   7  0.0835
   6 -1.3427
   6  1.4327
   8 -0.6646
   6  0.9845
   6 -0.4499
   6 -0.7005
   6 -0.0258
   1  0.4560
   1  0.3377
   1 -0.2691
   1  0.1685
   1  0.1685
   1  0.1496
   1  0.1496
   1  0.1496
   1  0.0150
   1  0.0150
   1  0.0150
   7 -0.7805
   6  0.0044
   6  0.1930
   8 -0.5132
   6  0.1683
   8 -0.5420
   1  0.5974
   1  0.0915
   1  0.0471
   1  0.0471
   1  0.4005
   7 -0.0533
   6  0.0173
   6  0.3627
   8 -0.5566
   6  0.0332
   1  0.1743
   1  0.1169
   1  0.0128
   1  0.0128
   1  0.0128
   7 -0.1530
   6  0.0535
   6  0.5403
   8 -0.5165
   6  0.1089
   1 -0.0228
   1  0.0530
   1 -0.0175
   1 -0.0175
   1 -0.0175
   7 -0.6424
   6  0.3713
   6  0.1332
   8 -0.4957
   6  0.1464
   6 -0.2518
   6  0.6962
   8 -0.7557
   8 -0.7557
   1  0.3931
   1  0.0202
   1 -0.0600
   1 -0.0600
   1  0.0327
   1  0.0327
   7 -0.1467
   6  0.0307
   1  0.0472
   1  0.0472
   1  0.0472
   1  0.2110
  20  1.9465
   8 -0.7444
   1  0.3510
   1  0.3510
 rrms:    0.0540
