   6 -0.7037
   6  0.8032
   8 -0.6906
   1  0.2115
   1  0.2115
   1  0.2115
   7 -0.7868
   6  0.2375
   6  0.6833
   8 -0.5987
   6 -0.3165
   6  0.4477
   8 -0.6747
   8 -0.6747
   1  0.4497
   1  0.0892
   1  0.1394
   1  0.1394
   7 -0.1906
   6  0.0088
   6  0.3290
   8 -0.5634
   6 -0.1216
   6  0.1343
   6 -0.1223
   6  0.4059
   7 -0.2480
   1  0.0554
   1  0.0197
   1  0.0655
   1  0.0655
   1 -0.0314
   1 -0.0314
   1  0.0755
   1  0.0755
   1 -0.0426
   1 -0.0426
   1  0.3143
   1  0.3143
   1  0.3143
   7 -0.2600
   6  0.5219
   6 -0.0731
   8 -0.4402
   6 -0.6358
   6  0.7444
   8 -0.7087
   8 -0.7087
   1  0.2029
   1  0.0026
   1  0.1723
   1  0.1723
   7  0.1663
   6 -0.3998
   6  0.5985
   8 -0.6279
   1 -0.1476
   1  0.1828
   1  0.1828
   7 -0.3333
   6  0.2005
   6  0.0906
   8 -0.4646
   6 -0.3573
   6  0.5120
   7 -0.6441
   8 -0.3707
   1  0.3601
   1  0.0734
   1  0.1505
   1  0.1505
   1  0.3517
   1  0.3517
   7  0.0219
   6 -0.3999
   6  0.5730
   8 -0.5985
   1  0.0236
   1  0.1968
   1  0.1968
   7 -0.2367
   6 -0.1830
   6  0.7213
   8 -0.6471
   6 -0.1140
   6  0.4103
   6 -0.4300
   6 -0.4300
   6 -0.1213
   6 -0.1213
   6  0.2557
   8 -0.4891
   1  0.1750
   1  0.1145
   1  0.0405
   1  0.0405
   1  0.2028
   1  0.2028
   1  0.1289
   1  0.1289
   1  0.3684
   7 -0.5323
   6 -0.0315
   6  0.7423
   8 -0.5828
   6 -0.1152
   6  0.1904
   6  0.1258
   6 -0.5135
   1  0.3391
   1  0.0976
   1  0.0839
   1  0.0169
   1  0.0169
   1 -0.0685
   1 -0.0685
   1 -0.0685
   1  0.1493
   1  0.1493
   1  0.1493
   7 -0.4039
   6 -0.0167
   6  0.3701
   8 -0.3816
   6  0.0558
   8 -0.4031
   1  0.2180
   1  0.0692
   1  0.0454
   1  0.0454
   1  0.3563
   7 -0.4582
   6  0.2633
   6  0.5410
   8 -0.6368
   6 -0.3806
   1  0.3886
   1  0.0092
   1  0.1189
   1  0.1189
   1  0.1189
   7 -0.5801
   6  0.4387
   6 -0.0737
   8 -0.4451
   6 -0.3786
   1  0.3788
   1 -0.0008
   1  0.1286
   1  0.1286
   1  0.1286
   7  0.3765
   6 -0.2991
   6  0.3877
   8 -0.5766
   6  0.1517
   6 -0.2940
   6  0.4357
   8 -0.6515
   8 -0.6515
   1 -0.0563
   1  0.1818
   1  0.0133
   1  0.0133
   1  0.1165
   1  0.1165
   7 -0.0839
   6 -0.0341
   1  0.0602
   1  0.0602
   1  0.0602
   1 -0.0226
  20  1.8518
   8 -0.7026
   1  0.3473
   1  0.3473
 rrms:    0.0391
