   6 -0.7032
   6  0.9995
   8 -0.8095
   1  0.2027
   1  0.2027
   1  0.2027
   7 -1.0081
   6  0.6707
   6  0.4676
   8 -0.5814
   6 -0.6720
   6  0.7561
   8 -0.7521
   8 -0.7521
   1  0.4900
   1  0.0374
   1  0.1917
   1  0.1917
   7 -0.4246
   6  0.1694
   6  0.2688
   8 -0.5835
   6 -0.2632
   6  0.2129
   6 -0.2055
   6  0.4902
   7 -0.2798
   1  0.2054
   1 -0.0163
   1  0.1222
   1  0.1222
   1  0.0336
   1  0.0336
   1  0.0806
   1  0.0806
   1 -0.0943
   1 -0.0943
   1  0.2694
   1  0.2694
   1  0.2694
   7 -0.2174
   6  0.5257
   6 -0.1931
   8 -0.3822
   6 -0.9451
   6  0.8754
   8 -0.7115
   8 -0.7115
   1  0.2338
   1  0.0411
   1  0.2866
   1  0.2866
   7  0.0908
   6 -0.3544
   6  0.5774
   8 -0.5951
   1 -0.0166
   1  0.1718
   1  0.1718
   7 -0.4024
   6  0.3058
   6  0.3304
   8 -0.4389
   6 -0.4879
   6  0.9400
   7 -1.0227
   8 -0.6976
   1  0.2897
   1 -0.0006
   1  0.1498
   1  0.1498
   1  0.4408
   1  0.4408
   7  0.0275
   6 -0.6983
   6  0.9388
   8 -0.6200
   1  0.0223
   1  0.2311
   1  0.2311
   7 -0.5216
   6  0.0858
   6  0.1254
   8 -0.4854
   6 -0.1966
   6  0.2193
   6 -0.2802
   6 -0.2802
   6 -0.1670
   6 -0.1670
   6  0.2612
   8 -0.5080
   1  0.4649
   1  0.0463
   1  0.1139
   1  0.1139
   1  0.1574
   1  0.1574
   1  0.1426
   1  0.1426
   1  0.3911
   7 -0.1790
   6 -0.3500
   6  0.6264
   8 -0.4646
   6  0.4926
   6 -0.1415
   6 -0.5403
   6  0.0138
   1  0.2390
   1  0.1386
   1 -0.1050
   1  0.0197
   1  0.0197
   1  0.1380
   1  0.1380
   1  0.1380
   1  0.0031
   1  0.0031
   1  0.0031
   7 -0.0350
   6 -0.9257
   6  0.9893
   8 -0.6311
   6  0.6261
   8 -0.6339
   1  0.1632
   1  0.2607
   1 -0.1110
   1 -0.1110
   1  0.4317
   7 -0.4267
   6  0.0794
   6  0.4180
   8 -0.5381
   6 -0.2560
   1  0.3698
   1  0.1470
   1  0.0740
   1  0.0740
   1  0.0740
   7 -0.3898
   6  0.1642
   6  0.4892
   8 -0.5612
   6 -0.3570
   1  0.2553
   1 -0.0158
   1  0.1172
   1  0.1172
   1  0.1172
   7 -0.5277
   6 -0.0191
   6  0.4962
   8 -0.5390
   6  0.0054
   6 -0.3167
   6  0.7032
   8 -0.6509
   8 -0.6509
   1  0.3311
   1  0.1560
   1  0.0353
   1  0.0353
   1  0.0585
   1  0.0585
   7 -0.3993
   6  0.2678
   1 -0.0209
   1 -0.0209
   1 -0.0209
   1  0.3513
  20  1.5783
   8 -0.6208
   1  0.3314
   1  0.3314
 rrms:    0.0428
