   6 -0.6284
   6  0.9699
   8 -0.6957
   1  0.1874
   1  0.1874
   1  0.1874
   7 -0.9135
   6  0.5043
   6  0.4856
   8 -0.4882
   6 -0.1607
   6  0.3002
   8 -0.6542
   8 -0.6542
   1  0.4616
   1 -0.0127
   1  0.0815
   1  0.0815
   7  0.1431
   6 -0.2586
   6  0.7780
   8 -0.7175
   6  0.1952
   6  0.2021
   6 -0.2595
   6  0.6002
   7 -0.4785
   1 -0.0513
   1  0.0625
   1 -0.0173
   1 -0.0173
   1 -0.0270
   1 -0.0270
   1  0.0642
   1  0.0642
   1 -0.0976
   1 -0.0976
   1  0.3789
   1  0.3789
   1  0.3789
   7 -0.7089
   6  1.0498
   6 -0.5708
   8 -0.3516
   6 -0.8688
   6  1.0186
   8 -0.7619
   8 -0.7619
   1  0.2081
   1 -0.0885
   1  0.2341
   1  0.2341
   7  0.7279
   6 -0.6577
   6  0.7093
   8 -0.6280
   1 -0.6106
   1  0.2584
   1  0.2584
   7 -0.2372
   6  0.0046
   6  0.1762
   8 -0.5260
   6 -0.3148
   6  0.6715
   7 -0.7709
   8 -0.5979
   1  0.0090
   1  0.1298
   1  0.1776
   1  0.1776
   1  0.3995
   1  0.3995
   7  0.0703
   6 -0.4101
   6  0.6232
   8 -0.5906
   1  0.0825
   1  0.1843
   1  0.1843
   7 -0.2976
   6 -0.4578
   6  1.0748
   8 -0.5944
   6 -0.1271
   6 -0.0333
   6  0.1176
   6  0.1176
   6 -0.7202
   6 -0.7202
   6  0.8500
   8 -0.6705
   1  0.2601
   1  0.2155
   1  0.0341
   1  0.0341
   1  0.1181
   1  0.1181
   1  0.2562
   1  0.2562
   1  0.4813
   7 -0.8277
   6  0.0838
   6  0.2999
   8 -0.4566
   6  0.0469
   6  0.1998
   6 -0.2577
   6 -0.2764
   1  0.4096
   1  0.0368
   1  0.0648
   1  0.0056
   1  0.0056
   1  0.0660
   1  0.0660
   1  0.0660
   1  0.0716
   1  0.0716
   1  0.0716
   7  0.0128
   6 -0.3743
   6  0.5034
   8 -0.3095
   6  0.6596
   8 -0.6107
   1 -0.0884
   1  0.1461
   1 -0.1126
   1 -0.1126
   1  0.3817
   7 -0.5070
   6  0.2772
   6  0.4793
   8 -0.6080
   6 -0.2331
   1  0.4016
   1 -0.0024
   1  0.0765
   1  0.0765
   1  0.0765
   7 -0.5068
   6  0.3632
   6 -0.0257
   8 -0.4592
   6 -0.3199
   1  0.3384
   1 -0.0013
   1  0.1114
   1  0.1114
   1  0.1114
   7  0.3829
   6 -0.3728
   6  0.4465
   8 -0.5976
   6  0.6464
   6 -0.8531
   6  0.9685
   8 -0.8744
   8 -0.8744
   1 -0.0739
   1  0.2117
   1 -0.2101
   1 -0.2101
   1  0.2384
   1  0.2384
   7 -0.0186
   6 -0.2096
   1  0.1009
   1  0.1009
   1  0.1009
   1 -0.0862
  20  2.0630
   8 -0.6649
   1  0.3315
   1  0.3315
 rrms:    0.0419
