   6 -0.5695
   6  0.7917
   8 -0.6573
   1  0.1705
   1  0.1705
   1  0.1705
   7 -0.7536
   6  0.7262
   6 -0.0214
   8 -0.4476
   6 -0.8903
   6  0.9067
   8 -0.7735
   8 -0.7735
   1  0.3496
   1 -0.1045
   1  0.2561
   1  0.2561
   7  0.2771
   6 -1.1119
   6  1.3311
   8 -0.7597
   6  0.6431
   6 -0.3139
   6 -0.1112
   6  0.4729
   7 -0.2535
   1  0.0596
   1  0.3866
   1 -0.0979
   1 -0.0979
   1  0.1313
   1  0.1313
   1  0.0491
   1  0.0491
   1 -0.0870
   1 -0.0870
   1  0.3120
   1  0.3120
   1  0.3120
   7 -1.3175
   6  1.1277
   6 -0.1926
   8 -0.4484
   6 -0.9461
   6  1.0710
   8 -0.7962
   8 -0.7962
   1  0.5725
   1 -0.1533
   1  0.2325
   1  0.2325
   7 -0.1692
   6  0.0499
   6  0.4997
   8 -0.5806
   1  0.1481
   1  0.1032
   1  0.1032
   7 -0.4740
   6  0.3992
   6 -0.1204
   8 -0.4404
   6 -0.6782
   6  0.8320
   7 -0.7755
   8 -0.6339
   1  0.3988
   1 -0.0388
   1  0.2552
   1  0.2552
   1  0.3764
   1  0.3764
   7  0.2143
   6 -0.4777
   6  0.6948
   8 -0.6571
   1  0.1492
   1  0.1894
   1  0.1894
   7 -0.3981
   6  0.1523
   6  0.8492
   8 -0.7216
   6 -0.0974
   6  0.0672
   6 -0.1200
   6 -0.1200
   6 -0.3593
   6 -0.3593
   6  0.4619
   8 -0.5476
   1  0.1593
   1  0.0502
   1  0.0037
   1  0.0037
   1  0.1469
   1  0.1469
   1  0.1854
   1  0.1854
   1  0.4056
   7 -0.7190
   6  0.1038
   6  0.5291
   8 -0.5632
   6  0.1127
   6 -0.1142
   6 -0.3220
   6  0.0126
   1  0.3576
   1  0.1109
   1 -0.0574
   1  0.0350
   1  0.0350
   1  0.1026
   1  0.1026
   1  0.1026
   1 -0.0030
   1 -0.0030
   1 -0.0030
   7 -0.4251
   6 -0.0579
   6  0.5958
   8 -0.5281
   6  0.3305
   8 -0.5983
   1  0.1860
   1  0.0070
   1 -0.0197
   1 -0.0197
   1  0.4039
   7 -0.4320
   6 -0.0102
   6  0.6335
   8 -0.5750
   6 -0.1345
   1  0.2993
   1  0.0879
   1  0.0632
   1  0.0632
   1  0.0632
   7 -0.5712
   6  0.4369
   6  0.1821
   8 -0.4990
   6 -0.3249
   1  0.3009
   1 -0.0100
   1  0.0929
   1  0.0929
   1  0.0929
   7 -0.1177
   6 -0.0074
   6  0.4352
   8 -0.5424
   6  0.1075
   6 -0.4155
   6  0.5953
   8 -0.6426
   8 -0.6426
   1  0.1877
   1  0.0693
   1 -0.0325
   1 -0.0325
   1  0.1256
   1  0.1256
   7 -0.2531
   6 -0.1190
   1  0.0797
   1  0.0797
   1  0.0797
   1  0.2729
  20  1.6903
   8 -0.4066
   1  0.2968
   1  0.2968
 rrms:    0.0461
