   6 -0.6317
   6  0.7001
   8 -0.5932
   1  0.1901
   1  0.1901
   1  0.1901
   7 -0.5636
   6  0.4443
   6  0.0209
   8 -0.4345
   6 -0.3650
   6  0.6591
   8 -0.7456
   8 -0.7456
   1  0.3767
   1 -0.0619
   1  0.1217
   1  0.1217
   7  0.5461
   6 -1.0353
   6  1.0343
   8 -0.6909
   6  0.5683
   6  0.0092
   6 -0.2125
   6  0.4338
   7 -0.2692
   1 -0.3919
   1  0.2973
   1 -0.0964
   1 -0.0964
   1  0.0369
   1  0.0369
   1  0.0548
   1  0.0548
   1 -0.0551
   1 -0.0551
   1  0.3295
   1  0.3295
   1  0.3295
   7 -0.8535
   6  0.6786
   6 -0.0697
   8 -0.4698
   6 -0.4591
   6  0.7664
   8 -0.7197
   8 -0.7197
   1  0.5461
   1 -0.0803
   1  0.1382
   1  0.1382
   7  0.1161
   6 -0.3042
   6  0.4039
   8 -0.5656
   1 -0.0172
   1  0.1713
   1  0.1713
   7 -0.0430
   6 -0.2121
   6  0.4619
   8 -0.5464
   6 -0.1708
   6  0.4121
   7 -0.9071
   8 -0.2883
   1  0.0121
   1  0.1815
   1  0.1193
   1  0.1193
   1  0.4377
   1  0.4377
   7 -0.2125
   6  0.0965
   6  0.2943
   8 -0.5271
   1  0.2695
   1  0.0381
   1  0.0381
   7 -0.0156
   6 -0.3251
   6  0.8826
   8 -0.5937
   6  0.0880
   6  0.1042
   6 -0.3491
   6 -0.3491
   6  0.0753
   6  0.0753
   6  0.0442
   8 -0.5107
   1  0.0161
   1  0.2152
   1 -0.0066
   1 -0.0066
   1  0.1404
   1  0.1404
   1  0.0686
   1  0.0686
   1  0.4287
   7 -0.8061
   6  0.0861
   6  0.6598
   8 -0.5755
   6  0.3954
   6 -0.0284
   6 -0.4614
   6 -0.0919
   1  0.3915
   1  0.1043
   1 -0.0876
   1  0.0355
   1  0.0355
   1  0.0944
   1  0.0944
   1  0.0944
   1  0.0333
   1  0.0333
   1  0.0333
   7 -0.0737
   6 -0.2275
   6  0.3555
   8 -0.1846
   6  0.2662
   8 -0.5503
   1 -0.2783
   1  0.1265
   1 -0.0172
   1 -0.0172
   1  0.4357
   7 -0.3165
   6  0.1163
   6  0.5118
   8 -0.6171
   6 -0.2728
   1  0.3204
   1  0.0406
   1  0.0946
   1  0.0946
   1  0.0946
   7 -0.4466
   6  0.2618
   6  0.0582
   8 -0.4728
   6 -0.2993
   1  0.3095
   1  0.0214
   1  0.1070
   1  0.1070
   1  0.1070
   7  0.2663
   6  0.0057
   6  0.2331
   8 -0.5303
   6  0.3189
   6 -0.6699
   6  1.0781
   8 -0.7785
   8 -0.7785
   1  0.1489
   1  0.0857
   1 -0.1709
   1 -0.1709
   1  0.1435
   1  0.1435
   7 -0.0269
   6 -0.1291
   1  0.0858
   1  0.0858
   1  0.0858
   1 -0.0411
  20  1.7519
   8 -0.5138
   1  0.2878
   1  0.2878
 rrms:    0.0414
