   6 -0.5181
   6  0.7011
   8 -0.5966
   1  0.1755
   1  0.1755
   1  0.1755
   7 -0.7214
   6  0.7546
   6 -0.1095
   8 -0.3941
   6 -0.4088
   6  0.6755
   8 -0.7534
   8 -0.7534
   1  0.4047
   1 -0.1835
   1  0.1397
   1  0.1397
   7  0.6843
   6 -0.9120
   6  0.9679
   8 -0.6728
   6  0.6594
   6 -0.0078
   6  0.0615
   6  0.3002
   7 -0.2506
   1 -0.7888
   1  0.2600
   1 -0.1379
   1 -0.1379
   1  0.0412
   1  0.0412
   1  0.0184
   1  0.0184
   1 -0.0012
   1 -0.0012
   1  0.3185
   1  0.3185
   1  0.3185
   7 -0.8357
   6  0.6373
   6  0.0537
   8 -0.4749
   6 -0.8031
   6  0.9772
   8 -0.8127
   8 -0.8127
   1  0.3186
   1 -0.0389
   1  0.2161
   1  0.2161
   7 -0.0163
   6 -0.2694
   6  0.3977
   8 -0.5386
   1  0.0991
   1  0.1588
   1  0.1588
   7 -0.1588
   6  0.0582
   6  0.2384
   8 -0.5140
   6 -0.0851
   6  0.4497
   7 -0.7386
   8 -0.4289
   1  0.1687
   1  0.0798
   1  0.0799
   1  0.0799
   1  0.4037
   1  0.4037
   7  0.0770
   6 -0.2214
   6  0.5031
   8 -0.5926
   1  0.1044
   1  0.1326
   1  0.1326
   7 -0.0470
   6 -0.2153
   6  0.5832
   8 -0.6158
   6  0.0105
   6  0.0143
   6 -0.1511
   6 -0.1511
   6 -0.3795
   6 -0.3795
   6  0.5030
   8 -0.6032
   1  0.0876
   1  0.0848
   1  0.0115
   1  0.0115
   1  0.1522
   1  0.1522
   1  0.2071
   1  0.2071
   1  0.4395
   7 -0.4308
   6  0.0733
   6  0.4041
   8 -0.5122
   6 -0.0536
   6  0.1638
   6 -0.0386
   6 -0.3589
   1  0.3356
   1  0.0526
   1  0.0814
   1  0.0135
   1  0.0135
   1  0.0111
   1  0.0111
   1  0.0111
   1  0.1030
   1  0.1030
   1  0.1030
   7 -0.0210
   6 -0.1057
   6  0.4169
   8 -0.3029
   6  0.3290
   8 -0.4310
   1 -0.1752
   1  0.0927
   1 -0.0396
   1 -0.0396
   1  0.1082
   7 -0.5081
   6  0.3816
   6  0.2256
   8 -0.5662
   6 -0.2277
   1  0.3719
   1 -0.0206
   1  0.0784
   1  0.0784
   1  0.0784
   7 -0.1488
   6  0.1445
   6  0.0741
   8 -0.4641
   6 -0.1536
   1  0.2505
   1  0.0420
   1  0.0598
   1  0.0598
   1  0.0598
   7  0.3539
   6 -0.4737
   6  0.6858
   8 -0.6379
   6  0.3654
   6 -0.4081
   6  0.6418
   8 -0.4193
   8 -0.4193
   1 -0.0675
   1  0.2173
   1 -0.1513
   1 -0.1513
   1  0.1402
   1  0.1402
   7 -0.2088
   6 -0.1537
   1  0.0853
   1  0.0853
   1  0.0853
   1  0.0656
  20  1.7905
   8 -0.5985
   1  0.2867
   1  0.2867
 rrms:    0.0428
