   6 -0.4822
   6  0.6366
   8 -0.5886
   1  0.1470
   1  0.1470
   1  0.1470
   7 -0.5646
   6  0.4705
   6  0.2890
   8 -0.4654
   6 -0.6461
   6  0.8492
   8 -0.7523
   8 -0.7523
   1  0.4192
   1  0.0161
   1  0.1507
   1  0.1507
   7 -0.2828
   6  0.0379
   6  0.3138
   8 -0.4725
   6 -0.4400
   6  0.4293
   6 -0.3816
   6  0.6013
   7 -0.3129
   1  0.0864
   1  0.0813
   1  0.1647
   1  0.1647
   1 -0.0713
   1 -0.0713
   1  0.1031
   1  0.1031
   1 -0.0986
   1 -0.0986
   1  0.3252
   1  0.3252
   1  0.3252
   7 -0.0598
   6 -0.1761
   6  0.5265
   8 -0.5693
   6 -0.0320
   6  0.5772
   8 -0.6615
   8 -0.6615
   1  0.1630
   1  0.0259
   1  0.0564
   1  0.0564
   7  0.0027
   6 -0.5953
   6  0.8661
   8 -0.6770
   1  0.1244
   1  0.2645
   1  0.2645
   7 -0.7246
   6  0.7808
   6  0.3518
   8 -0.5474
   6 -0.9340
   6  0.8596
   7 -0.8830
   8 -0.6469
   1  0.3477
   1 -0.3003
   1  0.3065
   1  0.3065
   1  0.4087
   1  0.4087
   7 -0.3265
   6  0.1335
   6  0.3976
   8 -0.6008
   1  0.3115
   1  0.0111
   1  0.0111
   7 -0.2090
   6  0.0675
   6  0.5893
   8 -0.5469
   6 -0.0452
   6  0.2641
   6 -0.3501
   6 -0.3501
   6 -0.1228
   6 -0.1228
   6  0.2028
   8 -0.4826
   1  0.1410
   1  0.0751
   1  0.0157
   1  0.0157
   1  0.1981
   1  0.1981
   1  0.1373
   1  0.1373
   1  0.3785
   7 -0.4859
   6  0.0589
   6  0.7155
   8 -0.5843
   6 -0.0229
   6  0.3413
   6 -0.1036
   6 -0.5611
   1  0.2469
   1 -0.0721
   1  0.0277
   1 -0.0904
   1 -0.0904
   1  0.0403
   1  0.0403
   1  0.0403
   1  0.1416
   1  0.1416
   1  0.1416
   7 -0.4515
   6  0.0016
   6  0.5238
   8 -0.5169
   6  0.2578
   8 -0.5867
   1  0.3186
   1  0.0047
   1  0.0203
   1  0.0203
   1  0.3682
   7 -0.6121
   6  0.3561
   6  0.3798
   8 -0.4818
   6 -0.2825
   1  0.3463
   1 -0.0364
   1  0.0954
   1  0.0954
   1  0.0954
   7 -0.3645
   6  0.2497
   6  0.1248
   8 -0.4487
   6 -0.2903
   1  0.2812
   1  0.0613
   1  0.0850
   1  0.0850
   1  0.0850
   7  0.1066
   6 -0.3267
   6  0.8142
   8 -0.6006
   6  0.5311
   6 -0.8338
   6  0.9492
   8 -0.7774
   8 -0.7774
   1  0.0428
   1  0.1215
   1 -0.1587
   1 -0.1587
   1  0.1782
   1  0.1782
   7 -0.5668
   6 -0.0281
   1  0.0577
   1  0.0577
   1  0.0577
   1  0.3978
  20  1.5797
   8 -0.5970
   1  0.3413
   1  0.3413
 rrms:    0.0503
