   6 -0.4732
   6  0.6463
   8 -0.6189
   1  0.1395
   1  0.1395
   1  0.1395
   7 -0.6524
   6  0.0324
   6  0.3745
   8 -0.6120
   6 -0.1721
   6  0.1708
   8 -0.5927
   8 -0.5927
   1  0.3961
   1  0.0813
   1  0.1141
   1  0.1141
   7 -0.6756
   6  0.0940
   6  0.4942
   8 -0.6258
   6 -0.2565
   6 -0.0787
   6 -0.0341
   6  0.4992
   7 -0.1965
   1 -0.1757
   1 -0.0657
   1 -0.0176
   1 -0.0176
   1  0.0271
   1  0.0271
   1  0.0268
   1  0.0268
   1 -0.0999
   1 -0.0999
   1  0.2956
   1  0.2956
   1  0.2956
   7 -0.8039
   6  1.0319
   6 -0.5278
   8 -0.4743
   6 -0.7944
   6  0.3695
   8 -0.9227
   8 -0.9227
   1  3.6757
   1 -0.1518
   1  0.0654
   1  0.0654
   7 -0.1804
   6 -0.1531
   6  0.4342
   8 -0.6359
   1 -0.2699
   1  0.0709
   1  0.0709
   7 -0.1972
   6  0.0314
   6  0.2965
   8 -0.5056
   6 -0.4050
   6  0.4917
   7 -0.7246
   8 -0.3615
   1  0.8875
   1  0.0942
   1  0.1411
   1  0.1411
   1  0.3739
   1  0.3739
   7 -0.1513
   6 -0.1642
   6  0.4117
   8 -0.5520
   1  0.2215
   1  0.1142
   1  0.1142
   7  0.1766
   6 -0.6398
   6  0.8939
   8 -0.5852
   6  0.4131
   6 -0.4732
   6  0.2679
   6  0.2679
   6 -0.6655
   6 -0.6655
   6  0.7742
   8 -0.6348
   1 -0.1661
   1  0.2524
   1 -0.0868
   1 -0.0868
   1  0.0572
   1  0.0572
   1  0.2251
   1  0.2251
   1  0.4639
   7 -0.7176
   6  0.3325
   6  0.4338
   8 -0.5359
   6 -0.1924
   6  0.3480
   6  0.2324
   6 -0.3299
   1  0.3974
   1 -0.1241
   1  0.1071
   1 -0.0508
   1 -0.0508
   1 -0.0763
   1 -0.0763
   1 -0.0763
   1  0.1068
   1  0.1068
   1  0.1068
   7 -0.0267
   6 -0.1558
   6  0.2709
   8 -0.3358
   6  0.3241
   8 -0.5009
   1 -0.3981
   1  0.0732
   1 -0.0207
   1 -0.0207
   1  0.2792
   7 -0.2208
   6 -0.0335
   6  0.6491
   8 -0.6321
   6 -0.1286
   1  0.3172
   1  0.1076
   1  0.0527
   1  0.0527
   1  0.0527
   7 -0.4069
   6  0.2604
   6  0.1715
   8 -0.4864
   6 -0.0830
   1  0.3018
   1 -0.0127
   1  0.0394
   1  0.0394
   1  0.0394
   7  0.2143
   6 -0.7481
   6  0.7335
   8 -0.6123
   6  0.5425
   6 -0.5000
   6  0.5277
   8 -0.3512
   8 -0.3512
   1 -0.0185
   1  0.2991
   1 -0.1339
   1 -0.1339
   1  0.2472
   1  0.2472
   7 -0.3806
   6  0.0664
   1  0.0306
   1  0.0306
   1  0.0306
   1  0.1279
  20  1.5601
   8 -0.5794
   1  0.3097
   1  0.3097
 rrms:    0.0415
