   6 -0.6190
   6  0.7883
   8 -0.6620
   1  0.1844
   1  0.1844
   1  0.1844
   7 -0.4594
   6  0.1627
   6  0.5963
   8 -0.5989
   6 -0.4456
   6  0.7903
   8 -0.7003
   8 -0.7003
   1  0.2514
   1  0.0324
   1  0.1231
   1  0.1231
   7 -0.6977
   6  0.3789
   6  0.1833
   8 -0.5078
   6 -0.3659
   6  0.3996
   6 -0.3074
   6  0.3604
   7 -0.1370
   1  0.3583
   1  0.0018
   1  0.1213
   1  0.1213
   1 -0.0778
   1 -0.0778
   1  0.1104
   1  0.1104
   1 -0.0388
   1 -0.0388
   1  0.2433
   1  0.2433
   1  0.2433
   7 -0.0886
   6  0.3337
   6 -0.0547
   8 -0.4518
   6 -0.1943
   6  0.7120
   8 -0.6927
   8 -0.6927
   1  0.0887
   1  0.0532
   1  0.0643
   1  0.0643
   7 -0.1426
   6  0.0796
   6  0.4895
   8 -0.5504
   1  0.0409
   1  0.0739
   1  0.0739
   7 -0.5268
   6  0.3357
   6  0.4954
   8 -0.5273
   6 -0.6536
   6  0.9774
   7 -0.9647
   8 -0.6622
   1  0.3499
   1 -0.0868
   1  0.1607
   1  0.1607
   1  0.4211
   1  0.4211
   7 -0.4437
   6  0.0400
   6  0.2609
   8 -0.5797
   1  0.3190
   1  0.1029
   1  0.1029
   7 -0.2165
   6  0.3981
   6  0.3563
   8 -0.4559
   6 -0.4021
   6  0.2766
   6 -0.1820
   6 -0.1820
   6 -0.4060
   6 -0.4060
   6  0.5289
   8 -0.5875
   1  0.1732
   1  0.0357
   1  0.0898
   1  0.0898
   1  0.1550
   1  0.1550
   1  0.2041
   1  0.2041
   1  0.4240
   7 -0.2102
   6 -0.3720
   6  0.8675
   8 -0.6748
   6  0.0566
   6 -0.1577
   6 -0.1877
   6 -0.0684
   1  0.2914
   1  0.1622
   1 -0.0146
   1  0.0281
   1  0.0281
   1  0.0472
   1  0.0472
   1  0.0472
   1  0.0589
   1  0.0589
   1  0.0589
   7 -0.5054
   6 -0.0070
   6  0.5626
   8 -0.5502
   6  0.4958
   8 -0.6462
   1  0.3139
   1  0.1130
   1 -0.0766
   1 -0.0766
   1  0.4330
   7 -0.7920
   6  0.4119
   6  0.4567
   8 -0.5299
   6 -0.1415
   1  0.3696
   1  0.0082
   1  0.0660
   1  0.0660
   1  0.0660
   7 -0.7940
   6  0.5527
   6  0.1052
   8 -0.5001
   6 -0.5853
   1  0.4108
   1  0.0236
   1  0.1735
   1  0.1735
   1  0.1735
   7 -0.1636
   6 -0.0795
   6  0.6154
   8 -0.5633
   6  0.3290
   6 -0.9815
   6  1.2068
   8 -0.8845
   8 -0.8845
   1  0.1327
   1  0.1383
   1 -0.0825
   1 -0.0825
   1  0.2482
   1  0.2482
   7 -0.3427
   6 -0.0626
   1  0.0687
   1  0.0687
   1  0.0687
   1  0.3323
  20  1.8264
   8 -0.6831
   1  0.3330
   1  0.3330
 rrms:    0.0391
