   6 -0.6319
   6  0.7278
   8 -0.5852
   1  0.2029
   1  0.2029
   1  0.2029
   7 -0.6489
   6  0.4947
   6  0.1596
   8 -0.4795
   6 -0.1124
   6  0.2960
   8 -0.6661
   8 -0.6661
   1  0.4363
   1 -0.0951
   1  0.1031
   1  0.1031
   7  0.6686
   6 -0.2740
   6  0.7124
   8 -0.6659
   6  0.2585
   6 -0.1053
   6  0.1640
   6  0.1304
   7 -0.1602
   1 -1.1723
   1  0.0810
   1 -0.0153
   1 -0.0153
   1  0.0780
   1  0.0780
   1  0.0058
   1  0.0058
   1  0.0471
   1  0.0471
   1  0.2972
   1  0.2972
   1  0.2972
   7 -0.5955
   6  0.8937
   6 -0.3744
   8 -0.3864
   6 -0.7685
   6  0.8782
   8 -0.7534
   8 -0.7534
   1  0.2695
   1 -0.0644
   1  0.2244
   1  0.2244
   7  0.6168
   6 -0.3662
   6  0.5392
   8 -0.5626
   1 -0.5334
   1  0.1931
   1  0.1931
   7  0.0184
   6 -0.0128
   6  0.2177
   8 -0.4622
   6 -0.2865
   6  0.4630
   7 -0.6331
   8 -0.1944
   1 -0.3045
   1  0.1082
   1  0.1500
   1  0.1500
   1  0.3317
   1  0.3317
   7 -0.0958
   6  0.0096
   6  0.4157
   8 -0.5540
   1  0.1847
   1  0.0693
   1  0.0693
   7  0.0098
   6 -0.2114
   6  0.5908
   8 -0.6139
   6  0.1921
   6 -0.3845
   6  0.1509
   6  0.1509
   6 -0.5388
   6 -0.5388
   6  0.4781
   8 -0.5226
   1  0.0668
   1  0.1178
   1 -0.0309
   1 -0.0309
   1  0.0552
   1  0.0552
   1  0.1996
   1  0.1996
   1  0.4186
   7 -0.4435
   6 -0.0184
   6  0.7758
   8 -0.6899
   6  0.4608
   6  0.1112
   6 -0.5784
   6 -0.2981
   1  0.3256
   1  0.0249
   1 -0.1497
   1 -0.0026
   1 -0.0026
   1  0.1173
   1  0.1173
   1  0.1173
   1  0.0793
   1  0.0793
   1  0.0793
   7 -0.2502
   6  0.1990
   6  0.0505
   8 -0.1804
   6 -0.2156
   8 -0.0599
   1 -0.0472
   1  0.0269
   1  0.1150
   1  0.1150
   1  0.3493
   7 -0.2346
   6  0.0034
   6  0.5691
   8 -0.6112
   6 -0.0750
   1  0.2777
   1  0.0749
   1  0.0433
   1  0.0433
   1  0.0433
   7 -0.3916
   6  0.3023
   6 -0.1317
   8 -0.4112
   6 -0.1671
   1  0.2950
   1  0.0128
   1  0.0627
   1  0.0627
   1  0.0627
   7  0.8367
   6 -0.9886
   6  0.8096
   8 -0.6501
   6  1.0881
   6 -1.4186
   6  1.1295
   8 -0.5960
   8 -0.5960
   1 -0.4010
   1  0.3218
   1 -0.3624
   1 -0.3624
   1  0.3943
   1  0.3943
   7 -0.3004
   6 -0.0720
   1  0.0724
   1  0.0724
   1  0.0724
   1  0.0254
  20  1.8951
   8 -0.6419
   1  0.3858
   1  0.3858
 rrms:    0.0430
