   6 -0.6790
   6  0.6865
   8 -0.6570
   1  0.2160
   1  0.2160
   1  0.2160
   7 -0.4786
   6  0.3603
   6  0.1989
   8 -0.4829
   6 -0.7164
   6  0.8071
   8 -0.7423
   8 -0.7423
   1  0.2103
   1 -0.0110
   1  0.2157
   1  0.2157
   7 -0.2017
   6 -0.0742
   6  0.7587
   8 -0.6033
   6 -0.3663
   6  0.1396
   6 -0.0918
   6  0.6160
   7 -0.4630
   1  0.3077
   1  0.0990
   1  0.1358
   1  0.1358
   1 -0.0330
   1 -0.0330
   1  0.0872
   1  0.0872
   1 -0.1571
   1 -0.1571
   1  0.3636
   1  0.3636
   1  0.3636
   7 -0.8349
   6  0.5539
   6  0.1039
   8 -0.5536
   6 -0.4047
   6  0.8734
   8 -0.7438
   8 -0.7438
   1  0.3750
   1  0.0037
   1  0.1234
   1  0.1234
   7 -0.4204
   6  0.1872
   6  0.2972
   8 -0.4731
   1  0.2601
   1  0.0837
   1  0.0837
   7 -0.3577
   6  0.0717
   6  0.5041
   8 -0.5375
   6 -0.1552
   6  0.6999
   7 -0.8295
   8 -0.6345
   1  0.3244
   1  0.0645
   1  0.0705
   1  0.0705
   1  0.4071
   1  0.4071
   7 -0.6193
   6  0.2390
   6  0.3353
   8 -0.5452
   1  0.4003
   1  0.0363
   1  0.0363
   7 -0.3771
   6  0.0575
   6  0.4851
   8 -0.5318
   6  0.0016
   6  0.0229
   6 -0.1094
   6 -0.1094
   6 -0.3695
   6 -0.3695
   6  0.4862
   8 -0.5681
   1  0.2876
   1  0.1064
   1  0.0146
   1  0.0146
   1  0.1409
   1  0.1409
   1  0.1797
   1  0.1797
   1  0.4114
   7 -0.3122
   6 -0.0398
   6  0.8168
   8 -0.6502
   6  0.2168
   6 -0.2948
   6 -0.3570
   6 -0.0947
   1  0.2422
   1 -0.0852
   1 -0.1781
   1  0.1098
   1  0.1098
   1  0.0890
   1  0.0890
   1  0.0890
   1  0.0579
   1  0.0579
   1  0.0579
   7 -0.5670
   6  0.0382
   6  0.5387
   8 -0.5362
   6  0.3335
   8 -0.5758
   1  0.4114
   1  0.0922
   1 -0.0331
   1 -0.0331
   1  0.4060
   7 -0.8299
   6  0.5069
   6  0.2203
   8 -0.4700
   6 -0.2081
   1  0.4022
   1 -0.0202
   1  0.0811
   1  0.0811
   1  0.0811
   7 -0.2508
   6  0.2254
   6  0.3218
   8 -0.5190
   6 -0.4132
   1  0.2239
   1  0.0746
   1  0.1285
   1  0.1285
   1  0.1285
   7 -0.3084
   6  0.0027
   6  0.5835
   8 -0.5517
   6 -0.0204
   6 -0.2175
   6  0.5372
   8 -0.6818
   8 -0.6818
   1  0.0868
   1  0.0369
   1  0.0438
   1  0.0438
   1  0.1019
   1  0.1019
   7 -0.4088
   6  0.0852
   1  0.0332
   1  0.0332
   1  0.0332
   1  0.3797
  20  1.6962
   8 -0.4563
   1  0.2748
   1  0.2748
 rrms:    0.0455
