   6 -0.5612
   6  0.7082
   8 -0.6306
   1  0.1693
   1  0.1693
   1  0.1693
   7 -0.4487
   6  0.1605
   6  0.5785
   8 -0.5478
   6 -0.6154
   6  0.7301
   8 -0.6996
   8 -0.6996
   1  0.2796
   1  0.0169
   1  0.2005
   1  0.2005
   7 -0.4586
   6  0.2011
   6  0.0914
   8 -0.4723
   6 -0.0173
   6 -0.0804
   6  0.0032
   6  0.2112
   7 -0.1660
   1  0.2702
   1  0.0812
   1  0.0518
   1  0.0518
   1  0.0305
   1  0.0305
   1  0.0244
   1  0.0244
   1  0.0174
   1  0.0174
   1  0.2575
   1  0.2575
   1  0.2575
   7 -0.1491
   6  0.5226
   6 -0.2344
   8 -0.3847
   6 -0.7851
   6  0.9358
   8 -0.7221
   8 -0.7221
   1  0.0551
   1 -0.0218
   1  0.2201
   1  0.2201
   7  0.4365
   6 -0.7240
   6  0.9989
   8 -0.7978
   1  0.0624
   1  0.2384
   1  0.2384
   7 -0.7262
   6  0.2901
   6  0.5789
   8 -0.5111
   6 -0.7212
   6  0.9468
   7 -0.8570
   8 -0.7035
   1  0.3684
   1  0.0505
   1  0.2571
   1  0.2571
   1  0.3808
   1  0.3808
   7 -0.6227
   6  0.3256
   6  0.3379
   8 -0.5888
   1  0.3159
   1  0.0312
   1  0.0312
   7 -0.7766
   6  0.6900
   6 -0.1978
   8 -0.3663
   6 -0.6304
   6  0.2208
   6 -0.1869
   6 -0.1869
   6 -0.3498
   6 -0.3498
   6  0.4240
   8 -0.5317
   1  0.3667
   1 -0.0407
   1  0.2698
   1  0.2698
   1  0.1302
   1  0.1302
   1  0.1789
   1  0.1789
   1  0.3949
   7  0.2965
   6 -0.7114
   6  0.6942
   8 -0.5162
   6  0.7224
   6 -0.3610
   6 -0.7425
   6  0.0435
   1  0.0866
   1  0.2559
   1 -0.2262
   1  0.1130
   1  0.1130
   1  0.1765
   1  0.1765
   1  0.1765
   1  0.0069
   1  0.0069
   1  0.0069
   7 -0.0212
   6 -0.4015
   6  0.7030
   8 -0.6025
   6  0.4322
   8 -0.7140
   1  0.2757
   1  0.1387
   1 -0.0645
   1 -0.0645
   1  0.4717
   7 -0.1677
   6  0.2997
   6  0.1758
   8 -0.4956
   6 -0.4418
   1  0.2145
   1  0.0547
   1  0.1294
   1  0.1294
   1  0.1294
   7 -0.1063
   6  0.0786
   6  0.6494
   8 -0.5854
   6  0.0851
   1 -0.1662
   1  0.0456
   1  0.0060
   1  0.0060
   1  0.0060
   7 -0.8615
   6  0.4311
   6  0.0779
   8 -0.4791
   6 -0.0077
   6 -0.4244
   6  0.6632
   8 -0.6861
   8 -0.6861
   1  0.4328
   1  0.0905
   1 -0.0256
   1 -0.0256
   1  0.1219
   1  0.1219
   7 -0.0540
   6 -0.0453
   1  0.0687
   1  0.0687
   1  0.0687
   1  0.2022
  20  1.6850
   8 -0.5660
   1  0.3001
   1  0.3001
 rrms:    0.0425
