   6 -0.7553
   6  0.8957
   8 -0.7328
   1  0.2273
   1  0.2273
   1  0.2273
   7 -0.6529
   6  0.4166
   6  0.3084
   8 -0.5338
   6 -0.3323
   6  0.8065
   8 -0.7479
   8 -0.7479
   1  0.2431
   1  0.0358
   1  0.0983
   1  0.0983
   7 -0.6182
   6  0.3492
   6  0.4617
   8 -0.6481
   6 -0.2100
   6  0.4805
   6 -0.3572
   6  0.5233
   7 -0.1833
   1  0.3287
   1  0.0414
   1  0.1036
   1  0.1036
   1 -0.1525
   1 -0.1525
   1  0.0946
   1  0.0946
   1 -0.0878
   1 -0.0878
   1  0.2968
   1  0.2968
   1  0.2968
   7 -0.7950
   6  1.0888
   6 -0.1840
   8 -0.3934
   6 -1.1671
   6  0.9662
   8 -0.7660
   8 -0.7660
   1  0.3617
   1 -0.1546
   1  0.3215
   1  0.3215
   7  0.3634
   6 -0.5116
   6  0.9692
   8 -0.6723
   1 -0.1396
   1  0.1951
   1  0.1951
   7 -0.7236
   6  0.3958
   6  0.1341
   8 -0.4914
   6 -0.6269
   6  0.8790
   7 -0.9196
   8 -0.6624
   1  0.3874
   1 -0.0029
   1  0.2486
   1  0.2486
   1  0.4259
   1  0.4259
   7 -0.0841
   6 -0.2566
   6  0.7404
   8 -0.6027
   1  0.2438
   1  0.1172
   1  0.1172
   7 -0.6236
   6 -0.0192
   6  0.5673
   8 -0.5435
   6  0.0013
   6 -0.1175
   6  0.0513
   6  0.0513
   6 -0.4776
   6 -0.4776
   6  0.5217
   8 -0.5506
   1  0.3011
   1  0.0947
   1  0.0194
   1  0.0194
   1  0.0822
   1  0.0822
   1  0.2093
   1  0.2093
   1  0.4230
   7 -0.4998
   6  0.0584
   6  0.0958
   8 -0.4654
   6  0.1278
   6 -0.3713
   6 -0.2881
   6 -0.3303
   1  0.1106
   1  0.0878
   1  0.0851
   1  0.1445
   1  0.1445
   1  0.0900
   1  0.0900
   1  0.0900
   1  0.1137
   1  0.1137
   1  0.1137
   7  0.4210
   6 -0.6769
   6  0.7820
   8 -0.5961
   6  0.5115
   8 -0.6125
   1  0.4207
   1  0.2101
   1 -0.1039
   1 -0.1039
   1  0.3647
   7 -0.2786
   6 -0.0364
   6  0.8477
   8 -0.6040
   6 -0.0162
   1 -0.0081
   1  0.0148
   1  0.0255
   1  0.0255
   1  0.0255
   7 -0.7059
   6  0.3325
   6  0.2120
   8 -0.4820
   6 -0.3663
   1  0.3797
   1  0.1195
   1  0.1089
   1  0.1089
   1  0.1089
   7 -0.5182
   6  0.0653
   6  0.5662
   8 -0.5885
   6 -0.1120
   6 -0.2876
   6  0.8419
   8 -0.7532
   8 -0.7532
   1  0.2738
   1 -0.0756
   1  0.1323
   1  0.1323
   1  0.0416
   1  0.0416
   7 -0.3170
   6 -0.0814
   1  0.0757
   1  0.0757
   1  0.0757
   1  0.3332
  20  1.7234
   8 -0.5178
   1  0.2903
   1  0.2903
 rrms:    0.0463
