   6 -0.6067
   6  0.7694
   8 -0.6376
   1  0.1795
   1  0.1795
   1  0.1795
   7 -0.6026
   6  0.5101
   6  0.0863
   8 -0.4570
   6 -0.7431
   6  0.7784
   8 -0.7255
   8 -0.7255
   1  0.3619
   1 -0.1147
   1  0.2351
   1  0.2351
   7  0.0889
   6 -0.2518
   6  0.6909
   8 -0.6041
   6 -0.0305
   6  0.1268
   6 -0.0145
   6  0.2416
   7 -0.1761
   1  0.0749
   1  0.1470
   1 -0.0067
   1 -0.0067
   1 -0.0208
   1 -0.0208
   1  0.0566
   1  0.0566
   1 -0.0108
   1 -0.0108
   1  0.2524
   1  0.2524
   1  0.2524
   7 -0.8441
   6  0.9365
   6 -0.0698
   8 -0.4315
   6 -0.7712
   6  1.0815
   8 -0.8928
   8 -0.8928
   1  0.4401
   1 -0.1125
   1  0.1706
   1  0.1706
   7 -0.1219
   6 -0.5343
   6  0.8396
   8 -0.6122
   1  0.2547
   1  0.2593
   1  0.2593
   7 -0.8974
   6  0.5498
   6  0.2781
   8 -0.4563
   6 -0.8985
   6  1.1736
   7 -0.9232
   8 -0.7450
   1  0.3875
   1 -0.0886
   1  0.2452
   1  0.2452
   1  0.4027
   1  0.4027
   7 -0.2403
   6 -0.1348
   6  0.4810
   8 -0.5610
   1  0.3097
   1  0.1217
   1  0.1217
   7 -0.6955
   6  0.3915
   6  0.1058
   8 -0.4755
   6 -0.2883
   6  0.0886
   6  0.0004
   6  0.0004
   6 -0.5618
   6 -0.5618
   6  0.6470
   8 -0.5751
   1  0.3889
   1  0.0466
   1  0.0744
   1  0.0744
   1  0.1283
   1  0.1283
   1  0.2219
   1  0.2219
   1  0.4254
   7 -0.0041
   6 -0.4567
   6  0.6456
   8 -0.5475
   6  0.4778
   6 -0.3550
   6 -0.6366
   6 -0.0281
   1  0.1468
   1  0.1734
   1 -0.1149
   1  0.1143
   1  0.1143
   1  0.1534
   1  0.1534
   1  0.1534
   1  0.0616
   1  0.0616
   1  0.0616
   7  0.0530
   6 -0.5677
   6  0.9170
   8 -0.6590
   6  0.3797
   8 -0.6666
   1  0.2104
   1  0.1899
   1 -0.0475
   1 -0.0475
   1  0.4485
   7 -0.4135
   6  0.1022
   6  0.3606
   8 -0.5817
   6 -0.2586
   1  0.2942
   1  0.1167
   1  0.0885
   1  0.0885
   1  0.0885
   7 -0.2260
   6  0.2355
   6  0.6359
   8 -0.6134
   6  0.0202
   1  0.0135
   1 -0.0046
   1  0.0084
   1  0.0084
   1  0.0084
   7 -0.8160
   6  0.3029
   6  0.1671
   8 -0.4807
   6 -0.0013
   6 -0.1660
   6  0.7529
   8 -0.8314
   8 -0.8314
   1  0.4125
   1  0.0737
   1 -0.0324
   1 -0.0324
   1  0.0431
   1  0.0431
   7 -0.0727
   6 -0.0969
   1  0.0792
   1  0.0792
   1  0.0792
   1  0.2305
  20  2.0748
   8 -0.6774
   1  0.3332
   1  0.3332
 rrms:    0.0541
