   6 -0.4995
   6  0.7257
   8 -0.6500
   1  0.1509
   1  0.1509
   1  0.1509
   7 -0.4910
   6  0.0772
   6  0.5357
   8 -0.4998
   6 -0.5415
   6  0.7347
   8 -0.7252
   8 -0.7252
   1  0.3064
   1  0.0509
   1  0.1960
   1  0.1960
   7 -0.3607
   6 -0.0473
   6  0.4320
   8 -0.5405
   6 -0.3052
   6  0.3342
   6 -0.0729
   6  0.1100
   7  0.0291
   1  0.1997
   1  0.0710
   1  0.1105
   1  0.1105
   1 -0.0536
   1 -0.0536
   1  0.0795
   1  0.0795
   1  0.0332
   1  0.0332
   1  0.2153
   1  0.2153
   1  0.2153
   7 -0.4055
   6  0.1940
   6  0.2873
   8 -0.6013
   6 -0.2639
   6  0.8180
   8 -0.7784
   8 -0.7784
   1  0.1624
   1  0.0564
   1  0.1146
   1  0.1146
   7 -0.1257
   6 -0.0019
   6  0.3808
   8 -0.5570
   1  0.2375
   1  0.0691
   1  0.0691
   7 -0.2797
   6  0.5480
   6  0.1648
   8 -0.3252
   6 -0.4171
   6  0.9218
   7 -1.0107
   8 -0.6812
   1  0.0234
   1 -0.1226
   1  0.1406
   1  0.1406
   1  0.4469
   1  0.4469
   7 -0.3116
   6  0.0842
   6  0.4334
   8 -0.5730
   1  0.2883
   1  0.0807
   1  0.0807
   7 -0.7945
   6  0.5992
   6 -0.0322
   8 -0.4055
   6 -0.5619
   6  0.3797
   6 -0.3806
   6 -0.3806
   6 -0.1421
   6 -0.1421
   6  0.2381
   8 -0.5174
   1  0.3956
   1 -0.0201
   1  0.2489
   1  0.2489
   1  0.1746
   1  0.1746
   1  0.1287
   1  0.1287
   1  0.3991
   7 -0.2588
   6 -0.0004
   6  0.4109
   8 -0.5248
   6  0.0318
   6 -0.0127
   6 -0.1721
   6 -0.0210
   1  0.3340
   1  0.0570
   1 -0.0320
   1  0.0227
   1  0.0227
   1  0.0561
   1  0.0561
   1  0.0561
   1  0.0095
   1  0.0095
   1  0.0095
   7  0.1104
   6 -0.3565
   6  0.6790
   8 -0.6085
   6  0.4703
   8 -0.6745
   1  0.1631
   1  0.1285
   1 -0.0875
   1 -0.0875
   1  0.4673
   7 -0.1843
   6  0.1544
   6  0.4080
   8 -0.5472
   6 -0.2130
   1  0.2335
   1  0.0831
   1  0.0660
   1  0.0660
   1  0.0660
   7 -0.5283
   6  0.5864
   6  0.2506
   8 -0.4842
   6 -0.4207
   1  0.0575
   1 -0.0919
   1  0.1257
   1  0.1257
   1  0.1257
   7 -0.2195
   6 -0.1569
   6  0.3024
   8 -0.5040
   6  0.4165
   6 -0.6723
   6  0.9803
   8 -0.8433
   8 -0.8433
   1  0.2543
   1  0.2114
   1 -0.1169
   1 -0.1169
   1  0.1411
   1  0.1411
   7 -0.1744
   6  0.0539
   1  0.0360
   1  0.0360
   1  0.0360
   1  0.2174
  20  1.8950
   8 -0.6932
   1  0.3474
   1  0.3474
 rrms:    0.0448
