   6 -0.5092
   6  0.7151
   8 -0.6361
   1  0.1495
   1  0.1495
   1  0.1495
   7 -0.5232
   6  0.0243
   6  0.5567
   8 -0.5067
   6 -0.2123
   6  0.5264
   8 -0.8338
   8 -0.8338
   1  0.3757
   1  0.0543
   1  0.1511
   1  0.1511
   7  0.1165
   6 -0.3706
   6  0.5287
   8 -0.6286
   6  0.4633
   6 -0.0610
   6 -0.1299
   6  0.4519
   7 -0.3925
   1 -0.0196
   1  0.1592
   1 -0.1042
   1 -0.1042
   1  0.0748
   1  0.0748
   1  0.0506
   1  0.0506
   1 -0.0584
   1 -0.0584
   1  0.3601
   1  0.3601
   1  0.3601
   7 -0.2164
   6  0.7018
   6 -0.5436
   8 -0.3387
   6 -0.4587
   6  0.5644
   8 -0.6152
   8 -0.6152
   1  0.2067
   1 -0.0439
   1  0.1705
   1  0.1705
   7  0.7550
   6 -1.0227
   6  1.1915
   8 -0.6174
   1 -1.6745
   1  0.3514
   1  0.3514
   7 -0.5460
   6  0.0019
   6  0.1548
   8 -0.4749
   6 -0.2544
   6  0.2371
   7 -0.5763
   8 -0.2266
   1  0.8755
   1  0.1445
   1  0.1383
   1  0.1383
   1  0.3351
   1  0.3351
   7 -0.0338
   6 -0.2134
   6  0.7602
   8 -0.7219
   1  0.1313
   1  0.1020
   1  0.1020
   7 -0.7016
   6  0.0469
   6  0.5544
   8 -0.2990
   6 -0.4406
   6  0.5591
   6 -0.4691
   6 -0.4691
   6  0.0111
   6  0.0111
   6  0.1304
   8 -0.5012
   1  0.4500
   1  0.1158
   1  0.1255
   1  0.1255
   1  0.1896
   1  0.1896
   1  0.0936
   1  0.0936
   1  0.4031
   7 -0.4895
   6 -0.1071
   6  1.0057
   8 -0.6467
   6  0.0048
   6  0.0097
   6  0.0774
   6 -0.1599
   1  0.2670
   1 -0.1367
   1  0.0378
   1  0.0484
   1  0.0484
   1 -0.0462
   1 -0.0462
   1 -0.0462
   1  0.0598
   1  0.0598
   1  0.0598
   7 -0.7922
   6  0.3784
   6  0.1085
   8 -0.2260
   6 -0.1055
   8 -0.3180
   1  0.5046
   1 -0.0540
   1  0.0952
   1  0.0952
   1  0.3364
   7 -0.2262
   6  0.0856
   6  0.5019
   8 -0.6153
   6 -0.3131
   1  0.3043
   1  0.0831
   1  0.0987
   1  0.0987
   1  0.0987
   7 -0.2394
   6  0.0527
   6  0.2915
   8 -0.5222
   6 -0.0927
   1  0.1090
   1  0.0381
   1  0.0413
   1  0.0413
   1  0.0413
   7  0.0739
   6 -0.0132
   6  0.3371
   8 -0.5730
   6  0.6464
   6 -0.8802
   6  1.0972
   8 -0.9016
   8 -0.9016
   1  0.2759
   1  0.0858
   1 -0.2132
   1 -0.2132
   1  0.1467
   1  0.1467
   7 -0.1284
   6 -0.2012
   1  0.0985
   1  0.0985
   1  0.0985
   1 -0.0479
  20  2.1380
   8 -0.7687
   1  0.3417
   1  0.3417
 rrms:    0.0391
