   6 -0.7773
   6  0.8850
   8 -0.6673
   1  0.2384
   1  0.2384
   1  0.2384
   7 -0.7721
   6  0.9497
   6 -0.3169
   8 -0.4211
   6 -0.8015
   6  0.7941
   8 -0.7305
   8 -0.7305
   1  0.3018
   1 -0.1674
   1  0.2130
   1  0.2130
   7  0.4086
   6 -0.2434
   6  0.5258
   8 -0.5908
   6  0.0205
   6  0.2054
   6 -0.1607
   6  0.4869
   7 -0.1684
   1  0.0920
   1  0.1509
   1 -0.0018
   1 -0.0018
   1 -0.0332
   1 -0.0332
   1  0.0441
   1  0.0441
   1 -0.0840
   1 -0.0840
   1  0.2876
   1  0.2876
   1  0.2876
   7 -0.3672
   6  0.1223
   6  0.5747
   8 -0.6602
   6 -0.2053
   6  0.8739
   8 -0.8326
   8 -0.8326
   1  0.0090
   1  0.0737
   1  0.0881
   1  0.0881
   7 -0.4296
   6 -0.0829
   6  0.6603
   8 -0.5917
   1  0.2804
   1  0.1593
   1  0.1593
   7 -0.6692
   6  0.3643
   6  0.0692
   8 -0.4904
   6 -0.4161
   6  0.8273
   7 -0.8007
   8 -0.6489
   1  0.3777
   1 -0.0416
   1  0.1592
   1  0.1592
   1  0.3972
   1  0.3972
   7 -0.0434
   6 -0.3181
   6  0.7218
   8 -0.6466
   1  0.2309
   1  0.1827
   1  0.1827
   7 -0.8398
   6  0.5573
   6  0.2961
   8 -0.4428
   6 -0.2567
   6  0.0510
   6 -0.0151
   6 -0.0151
   6 -0.4720
   6 -0.4720
   6  0.5546
   8 -0.5833
   1  0.3371
   1 -0.0184
   1  0.0711
   1  0.0711
   1  0.1129
   1  0.1129
   1  0.2031
   1  0.2031
   1  0.4298
   7 -0.0817
   6 -0.6844
   6  0.6791
   8 -0.5981
   6  0.1502
   6 -0.0473
   6 -0.4869
   6 -0.1735
   1  0.0109
   1  0.2739
   1  0.0199
   1  0.0758
   1  0.0758
   1  0.1184
   1  0.1184
   1  0.1184
   1  0.0478
   1  0.0478
   1  0.0478
   7 -0.0556
   6 -0.4435
   6  0.7542
   8 -0.6196
   6  0.4589
   8 -0.6214
   1  0.1962
   1  0.1412
   1 -0.0551
   1 -0.0551
   1  0.3747
   7 -0.6020
   6  0.4328
   6  0.3784
   8 -0.3968
   6 -0.2240
   1  0.3384
   1 -0.0547
   1  0.0770
   1  0.0770
   1  0.0770
   7 -0.6006
   6  0.2948
   6  0.2453
   8 -0.5065
   6 -0.1680
   1  0.3702
   1  0.0412
   1  0.0579
   1  0.0579
   1  0.0579
   7 -0.3039
   6  0.1129
   6  0.6166
   8 -0.6081
   6 -0.1725
   6 -0.0528
   6  0.6701
   8 -0.6939
   8 -0.6939
   1  0.1854
   1  0.0182
   1 -0.0036
   1 -0.0036
   1  0.0222
   1  0.0222
   7 -0.3516
   6 -0.0368
   1  0.0640
   1  0.0640
   1  0.0640
   1  0.3448
  20  1.9197
   8 -0.7039
   1  0.3435
   1  0.3435
 rrms:    0.0502
