   6 -0.6100
   6  0.8176
   8 -0.6710
   1  0.1865
   1  0.1865
   1  0.1865
   7 -0.4509
   6  0.1706
   6  0.7977
   8 -0.6051
   6 -0.7806
   6  0.8229
   8 -0.7485
   8 -0.7485
   1  0.3096
   1 -0.0575
   1  0.2591
   1  0.2591
   7 -0.9528
   6  0.3728
   6  0.6695
   8 -0.5691
   6 -0.1528
   6  0.1697
   6  0.0062
   6  0.0862
   7  0.0100
   1  0.3223
   1 -0.0081
   1  0.0827
   1  0.0827
   1 -0.0243
   1 -0.0243
   1  0.0401
   1  0.0401
   1  0.0405
   1  0.0405
   1  0.2265
   1  0.2265
   1  0.2265
   7 -0.8313
   6  0.8663
   6 -0.0032
   8 -0.5149
   6 -0.5999
   6  0.9830
   8 -0.7804
   8 -0.7804
   1  0.3303
   1 -0.0495
   1  0.1583
   1  0.1583
   7 -0.3760
   6  0.5164
   6  0.1666
   8 -0.4776
   1  0.0106
   1 -0.0423
   1 -0.0423
   7 -0.2298
   6  0.3051
   6  0.2142
   8 -0.4626
   6 -0.5851
   6  0.9352
   7 -0.9161
   8 -0.6678
   1  0.3263
   1 -0.1043
   1  0.1716
   1  0.1716
   1  0.4346
   1  0.4346
   7 -0.2380
   6 -0.2804
   6  0.5605
   8 -0.5763
   1  0.2743
   1  0.1606
   1  0.1606
   7 -0.5818
   6  0.1757
   6  0.8122
   8 -0.5528
   6 -0.2701
   6  0.0635
   6 -0.0227
   6 -0.0227
   6 -0.4773
   6 -0.4773
   6  0.5593
   8 -0.5894
   1  0.4103
   1  0.1359
   1  0.0795
   1  0.0795
   1  0.1119
   1  0.1119
   1  0.2170
   1  0.2170
   1  0.4198
   7 -0.9851
   6  0.4770
   6  0.5479
   8 -0.6075
   6 -0.6661
   6  0.0592
   6  0.6969
   6  0.0095
   1  0.4489
   1 -0.1548
   1  0.2429
   1 -0.0416
   1 -0.0416
   1 -0.1793
   1 -0.1793
   1 -0.1793
   1  0.0434
   1  0.0434
   1  0.0434
   7 -0.3837
   6 -0.2488
   6  0.7847
   8 -0.6562
   6  0.4398
   8 -0.6361
   1  0.3800
   1  0.2405
   1 -0.0807
   1 -0.0807
   1  0.4466
   7 -0.8422
   6  0.5851
   6  0.3024
   8 -0.4074
   6 -0.3268
   1  0.3694
   1 -0.0335
   1  0.1063
   1  0.1063
   1  0.1063
   7 -0.2800
   6  0.0611
   6  0.3461
   8 -0.4616
   6 -0.2709
   1  0.2512
   1  0.1040
   1  0.0834
   1  0.0834
   1  0.0834
   7 -0.1536
   6 -0.6675
   6  0.9026
   8 -0.6640
   6  0.2654
   6 -1.0626
   6  1.1388
   8 -0.8749
   8 -0.8749
   1  0.0502
   1  0.3001
   1  0.0191
   1  0.0191
   1  0.2844
   1  0.2844
   7 -0.5888
   6  0.1574
   1  0.0094
   1  0.0094
   1  0.0094
   1  0.4864
  20  1.7538
   8 -0.5818
   1  0.3068
   1  0.3068
 rrms:    0.0502
