   6 -0.4070
   6  0.7710
   8 -0.6826
   1  0.1240
   1  0.1240
   1  0.1240
   7 -1.0164
   6  0.4136
   6  0.1210
   8 -0.4838
   6  0.0601
   6  1.0623
   8 -0.7354
   8 -0.7354
   1  0.4548
   1 -0.0822
   1 -0.0228
   1 -0.0228
   7  0.1419
   6 -0.7656
   6  1.0713
   8 -0.7751
   6  0.3732
   6 -0.1274
   6 -0.2281
   6  0.5348
   7 -0.4622
   1  0.0648
   1  0.1961
   1 -0.0050
   1 -0.0050
   1  0.0817
   1  0.0817
   1  0.0352
   1  0.0352
   1 -0.0687
   1 -0.0687
   1  0.3816
   1  0.3816
   1  0.3816
   7 -0.5826
   6  0.3933
   6 -0.0870
   8 -0.4406
   6 -0.6283
   6  0.4471
   8 -0.6517
   8 -0.6517
   1  0.3219
   1 -0.0524
   1  0.1676
   1  0.1676
   7 -0.1928
   6 -0.2071
   6  0.4398
   8 -0.6128
   1  0.2688
   1  0.1141
   1  0.1141
   7 -0.3162
   6 -0.3217
   6  0.5238
   8 -0.5966
   6  0.0658
   6  0.4499
   7 -0.8647
   8 -0.3116
   1  0.7689
   1  0.1510
   1  0.0264
   1  0.0264
   1  0.3978
   1  0.3978
   7 -0.2257
   6 -0.0493
   6  0.0514
   8 -0.4311
   1  0.2364
   1  0.1077
   1  0.1077
   7  0.5871
   6 -0.7715
   6  0.6395
   8 -0.5154
   6  0.5811
   6 -0.5100
   6  0.0968
   6  0.0968
   6 -0.4189
   6 -0.4189
   6  0.5347
   8 -0.5558
   1 -0.3568
   1  0.2781
   1 -0.1430
   1 -0.1430
   1  0.0748
   1  0.0748
   1  0.1894
   1  0.1894
   1  0.4265
   7 -0.2958
   6 -0.5575
   6  1.0051
   8 -0.6301
   6  0.2482
   6 -0.0594
   6 -0.3517
   6 -0.4304
   1  0.2803
   1  0.2143
   1  0.0135
   1  0.1185
   1  0.1185
   1  0.0753
   1  0.0753
   1  0.0753
   1  0.1186
   1  0.1186
   1  0.1186
   7 -0.6471
   6  0.1342
   6  0.3252
   8 -0.3546
   6  0.0599
   8 -0.3569
   1  0.4288
   1  0.0326
   1  0.0409
   1  0.0409
   1  0.3853
   7 -0.3122
   6  0.1287
   6  0.5520
   8 -0.6154
   6 -0.2927
   1  0.3366
   1  0.0557
   1  0.0946
   1  0.0946
   1  0.0946
   7 -0.5069
   6  0.4719
   6 -0.1586
   8 -0.4505
   6 -0.4219
   1  0.3261
   1 -0.0050
   1  0.1375
   1  0.1375
   1  0.1375
   7  0.6342
   6 -0.2518
   6  0.3400
   8 -0.5256
   6  0.7476
   6 -0.9688
   6  0.9498
   8 -0.8966
   8 -0.8966
   1 -0.4650
   1  0.1802
   1 -0.1892
   1 -0.1892
   1  0.1837
   1  0.1837
   7 -0.0418
   6 -0.1672
   1  0.0964
   1  0.0964
   1  0.0964
   1 -0.0338
  20  2.2419
   8 -0.7505
   1  0.3494
   1  0.3494
 rrms:    0.0450
