   6 -0.5520
   6  0.7680
   8 -0.6637
   1  0.1673
   1  0.1673
   1  0.1673
   7 -0.7034
   6  0.0968
   6  1.0328
   8 -0.7233
   6  0.6691
   6 -0.1202
   8 -0.5025
   8 -0.5025
   1  0.3373
   1 -0.0233
   1 -0.0842
   1 -0.0842
   7 -0.0314
   6 -0.0746
   6  0.9885
   8 -0.6797
   6  0.0894
   6  0.0004
   6  0.0756
   6  0.1120
   7 -0.0733
   1 -0.0160
   1 -0.0424
   1 -0.0096
   1 -0.0096
   1  0.0055
   1  0.0055
   1  0.0500
   1  0.0500
   1  0.0371
   1  0.0371
   1  0.2719
   1  0.2719
   1  0.2719
   7 -0.5822
   6  1.0409
   6 -1.2199
   8 -0.1795
   6 -0.2000
   6  0.5601
   8 -0.5888
   8 -0.5888
   1  0.4766
   1 -0.0753
   1  0.0971
   1  0.0971
   7  1.8673
   6 -2.3012
   6  1.6822
   8 -0.7081
   1 -2.8748
   1  0.6569
   1  0.6569
   7 -1.0520
   6  0.4338
   6 -0.1143
   8 -0.4431
   6 -0.4620
   6  0.8674
   7 -0.9831
   8 -0.5097
   1  0.9405
   1  0.0120
   1  0.1471
   1  0.1471
   1  0.4219
   1  0.4219
   7  0.0694
   6 -0.5310
   6  0.8030
   8 -0.6482
   1  0.0135
   1  0.1648
   1  0.1648
   7 -0.5270
   6 -0.3676
   6  0.7473
   8 -0.7362
   6 -0.0585
   6  0.0381
   6  0.0294
   6  0.0294
   6 -0.5887
   6 -0.5887
   6  0.6998
   8 -0.6078
   1  0.9735
   1  0.1421
   1  0.0124
   1  0.0124
   1  0.1192
   1  0.1192
   1  0.2333
   1  0.2333
   1  0.4180
   7 -0.5027
   6  0.0660
   6  0.5733
   8 -0.5528
   6  0.0147
   6  0.1475
   6 -0.1548
   6  0.0162
   1  0.3096
   1  0.0531
   1  0.0389
   1 -0.0290
   1 -0.0290
   1  0.0030
   1  0.0030
   1  0.0030
   1  0.0027
   1  0.0027
   1  0.0027
   7 -0.0273
   6 -0.3264
   6  0.3757
   8 -0.2197
   6  0.0838
   8 -0.5255
   1 -0.0143
   1  0.1345
   1  0.0678
   1  0.0678
   1  0.4330
   7 -0.4458
   6  0.2389
   6  0.3853
   8 -0.5998
   6 -0.4474
   1  0.4018
   1  0.0319
   1  0.1386
   1  0.1386
   1  0.1386
   7 -0.2515
   6  0.2229
   6 -0.0041
   8 -0.4109
   6 -0.1970
   1  0.2863
   1  0.0153
   1  0.0713
   1  0.0713
   1  0.0713
   7  0.7773
   6 -0.7817
   6  0.6275
   8 -0.6241
   6  0.6700
   6 -1.3952
   6  1.0454
   8 -0.6369
   8 -0.6369
   1 -0.3110
   1  0.2758
   1 -0.1489
   1 -0.1489
   1  0.4317
   1  0.4317
   7 -0.1890
   6 -0.1285
   1  0.0813
   1  0.0813
   1  0.0813
   1 -0.0776
  20  1.9131
   8 -0.7038
   1  0.3515
   1  0.3515
 rrms:    0.0459
