   6 -0.4902
   6  0.7771
   8 -0.6672
   1  0.1514
   1  0.1514
   1  0.1514
   7 -0.8143
   6  0.3023
   6  0.4162
   8 -0.4754
   6 -0.2203
   6  0.3491
   8 -0.6858
   8 -0.6858
   1  0.4329
   1  0.0521
   1  0.1274
   1  0.1274
   7  0.3431
   6 -1.1328
   6  1.0539
   8 -0.7317
   6  1.0622
   6 -0.3961
   6 -0.1723
   6  0.3837
   7 -0.2355
   1 -0.3693
   1  0.3489
   1 -0.2320
   1 -0.2320
   1  0.1578
   1  0.1578
   1  0.0350
   1  0.0350
   1 -0.0034
   1 -0.0034
   1  0.3130
   1  0.3130
   1  0.3130
   7 -0.5791
   6  0.8458
   6 -0.2035
   8 -0.4364
   6 -0.8811
   6  0.9448
   8 -0.8103
   8 -0.8103
   1  0.2087
   1 -0.0932
   1  0.2401
   1  0.2401
   7  0.1803
   6 -0.1713
   6  0.4103
   8 -0.5518
   1 -0.2136
   1  0.1457
   1  0.1457
   7 -0.0450
   6 -0.2010
   6  0.4850
   8 -0.5807
   6 -0.2213
   6  0.4145
   7 -0.6917
   8 -0.2581
   1  0.0675
   1  0.1827
   1  0.1467
   1  0.1467
   1  0.3597
   1  0.3597
   7 -0.2547
   6  0.0481
   6  0.2137
   8 -0.4839
   1  0.1449
   1  0.0679
   1  0.0679
   7  0.0471
   6 -0.5937
   6  0.9597
   8 -0.8429
   6  0.2142
   6  0.0567
   6 -0.2953
   6 -0.2953
   6 -0.0778
   6 -0.0778
   6  0.2048
   8 -0.4913
   1  0.1896
   1  0.2455
   1 -0.0360
   1 -0.0360
   1  0.1507
   1  0.1507
   1  0.1201
   1  0.1201
   1  0.4086
   7 -0.4777
   6 -0.1433
   6  0.7638
   8 -0.6409
   6  0.6182
   6 -0.0658
   6 -0.9772
   6  0.0181
   1  0.2582
   1  0.1555
   1 -0.1629
   1  0.0513
   1  0.0513
   1  0.2249
   1  0.2249
   1  0.2249
   1 -0.0141
   1 -0.0141
   1 -0.0141
   7 -0.2335
   6  0.0242
   6  0.1602
   8 -0.1432
   6  0.2168
   8 -0.5066
   1 -0.0354
   1  0.0273
   1 -0.0040
   1 -0.0040
   1  0.2887
   7 -0.1237
   6 -0.1508
   6  0.6737
   8 -0.6465
   6 -0.0433
   1  0.2870
   1  0.0932
   1  0.0267
   1  0.0267
   1  0.0267
   7 -0.5501
   6  0.3912
   6 -0.0892
   8 -0.4466
   6 -0.4272
   1  0.4054
   1  0.0103
   1  0.1360
   1  0.1360
   1  0.1360
   7  0.5696
   6 -0.4194
   6  0.4227
   8 -0.5660
   6  0.3690
   6 -0.6334
   6  0.8903
   8 -0.7112
   8 -0.7112
   1 -0.0704
   1  0.2220
   1 -0.1186
   1 -0.1186
   1  0.1467
   1  0.1467
   7 -0.0996
   6 -0.2062
   1  0.1034
   1  0.1034
   1  0.1034
   1  0.0256
  20  2.1000
   8 -0.6955
   1  0.3476
   1  0.3476
 rrms:    0.0449
