   6 -0.6519
   6  0.8490
   8 -0.6884
   1  0.1994
   1  0.1994
   1  0.1994
   7 -0.7300
   6  0.6267
   6  0.1970
   8 -0.4834
   6 -0.6524
   6  0.6970
   8 -0.6743
   8 -0.6743
   1  0.3562
   1 -0.1007
   1  0.2228
   1  0.2228
   7 -0.4246
   6  0.1703
   6  0.4086
   8 -0.4846
   6 -0.1357
   6  0.3234
   6 -0.4516
   6  0.6676
   7 -0.3627
   1  0.2054
   1  0.0227
   1  0.0388
   1  0.0388
   1 -0.0411
   1 -0.0411
   1  0.1500
   1  0.1500
   1 -0.1088
   1 -0.1088
   1  0.3369
   1  0.3369
   1  0.3369
   7 -0.4791
   6  0.0441
   6  0.4484
   8 -0.5265
   6 -0.2486
   6  0.7111
   8 -0.6960
   8 -0.6960
   1  0.2675
   1 -0.0171
   1  0.0742
   1  0.0742
   7 -0.1044
   6 -0.2823
   6  0.9207
   8 -0.7744
   1  0.3056
   1  0.1358
   1  0.1358
   7 -0.9833
   6  0.7762
   6  0.3299
   8 -0.4913
   6 -0.8163
   6  0.9876
   7 -1.0797
   8 -0.6946
   1  0.4817
   1 -0.0571
   1  0.2696
   1  0.2696
   1  0.4406
   1  0.4406
   7 -0.2605
   6 -0.0534
   6  0.3384
   8 -0.5417
   1  0.2105
   1  0.1198
   1  0.1198
   7 -0.3882
   6  0.3533
   6 -0.0888
   8 -0.3720
   6 -0.1893
   6  0.0574
   6 -0.1131
   6 -0.1131
   6 -0.4050
   6 -0.4050
   6  0.5384
   8 -0.6083
   1  0.2750
   1  0.0047
   1  0.0712
   1  0.0712
   1  0.1347
   1  0.1347
   1  0.1804
   1  0.1804
   1  0.4425
   7  0.2572
   6 -0.6042
   6  0.8593
   8 -0.6343
   6  0.6002
   6 -0.3466
   6 -0.4198
   6 -0.0551
   1  0.0530
   1  0.1509
   1 -0.1624
   1  0.1030
   1  0.1030
   1  0.1117
   1  0.1117
   1  0.1117
   1  0.0214
   1  0.0214
   1  0.0214
   7 -0.4003
   6 -0.0492
   6  0.2428
   8 -0.5114
   6  0.2301
   8 -0.5949
   1  0.3378
   1  0.1400
   1  0.0066
   1  0.0066
   1  0.4282
   7 -0.1634
   6  0.0902
   6  0.5547
   8 -0.5890
   6 -0.1070
   1  0.2107
   1  0.0820
   1  0.0454
   1  0.0454
   1  0.0454
   7 -0.6797
   6  0.6018
   6 -0.0039
   8 -0.3436
   6 -0.4591
   1  0.2688
   1 -0.0969
   1  0.1345
   1  0.1345
   1  0.1345
   7  0.2023
   6 -0.4781
   6  0.5487
   8 -0.5701
   6  0.6018
   6 -1.0093
   6  1.2028
   8 -0.8781
   8 -0.8781
   1  0.1706
   1  0.2206
   1 -0.1677
   1 -0.1677
   1  0.2433
   1  0.2433
   7 -0.3213
   6  0.0185
   1  0.0405
   1  0.0405
   1  0.0405
   1  0.2725
  20  1.5535
   8 -0.6610
   1  0.3424
   1  0.3424
 rrms:    0.0512
