   6 -0.6950
   6  0.9915
   8 -0.7344
   1  0.2157
   1  0.2157
   1  0.2157
   7 -1.2676
   6  1.0657
   6  0.0013
   8 -0.4011
   6 -1.4235
   6  1.1691
   8 -0.8976
   8 -0.8976
   1  0.6279
   1 -0.0293
   1  0.3998
   1  0.3998
   7  0.0705
   6 -0.3008
   6  0.4706
   8 -0.5585
   6  0.0547
   6 -0.0592
   6 -0.0158
   6  0.2389
   7 -0.1680
   1  0.0277
   1  0.1941
   1  0.0043
   1  0.0043
   1  0.0257
   1  0.0257
   1  0.0399
   1  0.0399
   1  0.0120
   1  0.0120
   1  0.2931
   1  0.2931
   1  0.2931
   7 -0.2293
   6 -0.0120
   6  0.4189
   8 -0.5410
   6 -0.1930
   6  0.7938
   8 -0.8041
   8 -0.8041
   1 -0.0077
   1  0.0920
   1  0.0678
   1  0.0678
   7 -0.2461
   6 -0.0443
   6  0.3167
   8 -0.5514
   1  0.3427
   1  0.0860
   1  0.0860
   7 -0.0093
   6 -0.3574
   6  0.6768
   8 -0.6206
   6 -0.0910
   6  0.6224
   7 -0.8359
   8 -0.4687
   1  0.0062
   1  0.2070
   1  0.1024
   1  0.1024
   1  0.4172
   1  0.4172
   7 -0.4092
   6  0.0265
   6  0.1475
   8 -0.5065
   1  0.3813
   1  0.0883
   1  0.0883
   7  0.4309
   6 -0.8667
   6  1.2852
   8 -0.8477
   6  0.8545
   6 -0.3361
   6  0.0014
   6  0.0014
   6 -0.2711
   6 -0.2711
   6  0.3642
   8 -0.5695
   1 -0.2164
   1  0.2768
   1 -0.2082
   1 -0.2082
   1  0.0791
   1  0.0791
   1  0.1383
   1  0.1383
   1  0.4627
   7 -0.9848
   6  0.5333
   6  0.1222
   8 -0.4480
   6  0.0526
   6 -0.2655
   6 -0.0483
   6 -0.2017
   1  0.4832
   1  0.0477
   1  0.0250
   1  0.1058
   1  0.1058
   1 -0.0015
   1 -0.0015
   1 -0.0015
   1  0.0547
   1  0.0547
   1  0.0547
   7  0.0429
   6  0.0540
   6  0.2282
   8 -0.3318
   6  0.1626
   8 -0.6171
   1 -0.0203
   1  0.0927
   1  0.0310
   1  0.0310
   1  0.4217
   7 -0.4925
   6  0.3074
   6  0.3936
   8 -0.6144
   6 -0.5734
   1  0.4049
   1  0.0243
   1  0.1639
   1  0.1639
   1  0.1639
   7 -0.3114
   6  0.2203
   6  0.2157
   8 -0.5121
   6 -0.1442
   1  0.2847
   1  0.0133
   1  0.0563
   1  0.0563
   1  0.0563
   7  0.1695
   6 -0.3150
   6  0.5486
   8 -0.6084
   6  0.0694
   6 -0.4804
   6  0.5390
   8 -0.5834
   8 -0.5834
   1  0.0334
   1  0.1675
   1 -0.0127
   1 -0.0127
   1  0.1467
   1  0.1467
   7 -0.1922
   6 -0.1212
   1  0.0813
   1  0.0813
   1  0.0813
   1  0.1414
  20  2.0090
   8 -0.7490
   1  0.3456
   1  0.3456
 rrms:    0.0497
