   6 -0.5147
   6  0.8706
   8 -0.7147
   1  0.1632
   1  0.1632
   1  0.1632
   7 -0.9237
   6  0.8935
   6  0.1403
   8 -0.4990
   6 -0.8308
   6  0.8862
   8 -0.7217
   8 -0.7217
   1  0.3405
   1 -0.0759
   1  0.2214
   1  0.2214
   7 -0.7005
   6  0.3667
   6  0.3307
   8 -0.5860
   6 -0.0594
   6 -0.0033
   6 -0.0572
   6  0.4113
   7 -0.2516
   1  0.3598
   1  0.0452
   1  0.0842
   1  0.0842
   1  0.0057
   1  0.0057
   1  0.0352
   1  0.0352
   1 -0.0694
   1 -0.0694
   1  0.2756
   1  0.2756
   1  0.2756
   7 -0.4173
   6  0.4413
   6  0.2540
   8 -0.5073
   6 -0.7310
   6  0.7556
   8 -0.7503
   8 -0.7503
   1  0.2806
   1 -0.0361
   1  0.2579
   1  0.2579
   7 -0.2925
   6 -0.0533
   6  0.4000
   8 -0.3188
   1  0.2961
   1  0.1158
   1  0.1158
   7 -0.4990
   6  0.1867
   6  0.3381
   8 -0.4982
   6 -0.4500
   6  0.7872
   7 -0.8507
   8 -0.6090
   1  0.3343
   1  0.0166
   1  0.1409
   1  0.1409
   1  0.4024
   1  0.4024
   7 -0.0702
   6 -0.5050
   6  0.9167
   8 -0.6466
   1  0.2774
   1  0.2076
   1  0.2076
   7 -1.0806
   6  0.6157
   6 -0.1616
   8 -0.4049
   6 -1.0045
   6  0.7680
   6 -0.4796
   6 -0.4796
   6 -0.2289
   6 -0.2289
   6  0.3598
   8 -0.5586
   1  0.4739
   1 -0.0117
   1  0.2771
   1  0.2771
   1  0.2371
   1  0.2371
   1  0.1647
   1  0.1647
   1  0.3955
   7  0.3524
   6 -1.1449
   6  1.1880
   8 -0.5965
   6  0.6403
   6 -0.2709
   6 -0.3323
   6 -0.3626
   1  0.1219
   1  0.2778
   1 -0.1636
   1  0.1605
   1  0.1605
   1  0.0826
   1  0.0826
   1  0.0826
   1  0.1007
   1  0.1007
   1  0.1007
   7 -0.7902
   6  0.1370
   6  0.1304
   8 -0.5022
   6  0.1723
   8 -0.5387
   1  0.5868
   1  0.0754
   1  0.0188
   1  0.0188
   1  0.4105
   7 -0.0062
   6  0.0248
   6  0.5709
   8 -0.5696
   6 -0.0776
   1  0.2198
   1  0.1030
   1  0.0394
   1  0.0394
   1  0.0394
   7 -0.6695
   6  0.6095
   6  0.0759
   8 -0.4255
   6 -0.1769
   1  0.1486
   1 -0.1244
   1  0.0587
   1  0.0587
   1  0.0587
   7 -0.0645
   6  0.0267
   6  0.3385
   8 -0.5169
   6  0.0259
   6 -0.4769
   6  0.7602
   8 -0.7165
   8 -0.7165
   1  0.1953
   1  0.1194
   1 -0.0249
   1 -0.0249
   1  0.1292
   1  0.1292
   7 -0.2100
   6 -0.0233
   1  0.0556
   1  0.0556
   1  0.0556
   1  0.2216
  20  1.6867
   8 -0.7032
   1  0.3229
   1  0.3229
 rrms:    0.0489
