   6 -0.7429
   6  0.8100
   8 -0.6632
   1  0.2234
   1  0.2234
   1  0.2234
   7 -0.6550
   6  0.5882
   6  0.1883
   8 -0.4680
   6 -0.7265
   6  0.7027
   8 -0.7024
   8 -0.7024
   1  0.3219
   1 -0.1602
   1  0.2472
   1  0.2472
   7 -0.1312
   6 -0.1826
   6  1.0510
   8 -0.6941
   6  0.1875
   6  0.0764
   6 -0.4056
   6  0.6050
   7 -0.2888
   1  0.1765
   1  0.1698
   1 -0.0988
   1 -0.0988
   1 -0.0045
   1 -0.0045
   1  0.1290
   1  0.1290
   1 -0.0828
   1 -0.0828
   1  0.3162
   1  0.3162
   1  0.3162
   7 -1.4590
   6  1.4971
   6 -0.4167
   8 -0.3233
   6 -1.3099
   6  1.3690
   8 -0.8567
   8 -0.8567
   1  0.6019
   1 -0.1706
   1  0.3219
   1  0.3219
   7  0.0545
   6 -0.3645
   6  0.6226
   8 -0.6234
   1  0.1179
   1  0.1612
   1  0.1612
   7 -0.3903
   6  0.1615
   6  0.5246
   8 -0.5197
   6 -0.4992
   6  0.8411
   7 -0.9546
   8 -0.6788
   1  0.3430
   1  0.0087
   1  0.1647
   1  0.1647
   1  0.4113
   1  0.4113
   7 -0.3605
   6 -0.2007
   6  0.4035
   8 -0.5560
   1  0.2844
   1  0.1586
   1  0.1586
   7 -0.5711
   6  0.2519
   6  0.3009
   8 -0.5316
   6 -0.2656
   6 -0.0398
   6 -0.0225
   6 -0.0225
   6 -0.4904
   6 -0.4904
   6  0.6128
   8 -0.6076
   1  0.3678
   1  0.0532
   1  0.1449
   1  0.1449
   1  0.1165
   1  0.1165
   1  0.1907
   1  0.1907
   1  0.4447
   7 -0.4982
   6 -0.0144
   6  0.5477
   8 -0.5901
   6  0.2380
   6 -0.1382
   6 -0.2923
   6 -0.0281
   1  0.4380
   1  0.0988
   1 -0.0324
   1  0.0403
   1  0.0403
   1  0.0711
   1  0.0711
   1  0.0711
   1  0.0159
   1  0.0159
   1  0.0159
   7 -0.0241
   6 -0.2736
   6  0.5506
   8 -0.5819
   6  0.5459
   8 -0.6939
   1  0.1794
   1  0.1027
   1 -0.0984
   1 -0.0984
   1  0.4599
   7 -0.0922
   6 -0.0648
   6  0.6507
   8 -0.6230
   6 -0.0921
   1  0.1942
   1  0.1305
   1  0.0366
   1  0.0366
   1  0.0366
   7 -0.6152
   6  0.1830
   6  0.7499
   8 -0.5503
   6  0.0046
   1  0.1630
   1  0.0359
   1  0.0330
   1  0.0330
   1  0.0330
   7 -0.8563
   6  0.2249
   6  0.1874
   8 -0.5109
   6  0.1595
   6 -0.3911
   6  1.0228
   8 -0.8537
   8 -0.8537
   1  0.4359
   1  0.1243
   1 -0.0683
   1 -0.0683
   1  0.0712
   1  0.0712
   7 -0.2255
   6  0.1917
   1  0.0068
   1  0.0068
   1  0.0068
   1  0.2328
  20  1.6130
   8 -0.5338
   1  0.3067
   1  0.3067
 rrms:    0.0550
