   6 -0.5656
   6  0.7576
   8 -0.6458
   1  0.1729
   1  0.1729
   1  0.1729
   7 -0.5542
   6  0.3684
   6  0.2280
   8 -0.4054
   6 -0.9001
   6  0.9118
   8 -0.8017
   8 -0.8017
   1  0.3206
   1 -0.0428
   1  0.3198
   1  0.3198
   7 -0.2338
   6  0.0182
   6  0.3060
   8 -0.5506
   6  0.0755
   6 -0.0463
   6  0.0676
   6  0.3163
   7 -0.2673
   1  0.3329
   1  0.0775
   1  0.0274
   1  0.0274
   1  0.0100
   1  0.0100
   1  0.0012
   1  0.0012
   1 -0.0149
   1 -0.0149
   1  0.2734
   1  0.2734
   1  0.2734
   7 -0.3744
   6  1.0162
   6 -0.5008
   8 -0.3265
   6 -1.0674
   6  1.0989
   8 -0.8743
   8 -0.8743
   1  0.3510
   1 -0.0882
   1  0.2936
   1  0.2936
   7  0.7070
   6 -0.8878
   6  0.9639
   8 -0.6470
   1 -0.7280
   1  0.2993
   1  0.2993
   7 -0.8519
   6  0.6679
   6  0.2690
   8 -0.3683
   6 -0.7340
   6  0.9281
   7 -1.0378
   8 -0.6873
   1  0.5885
   1 -0.1222
   1  0.2073
   1  0.2073
   1  0.4900
   1  0.4900
   7 -0.4529
   6  0.1972
   6  0.2957
   8 -0.5401
   1  0.3217
   1  0.0155
   1  0.0155
   7 -0.1645
   6  0.0201
   6  0.2988
   8 -0.4267
   6 -0.2166
   6  0.0767
   6 -0.1095
   6 -0.1095
   6 -0.4025
   6 -0.4025
   6  0.5449
   8 -0.6017
   1  0.2080
   1  0.0807
   1  0.0764
   1  0.0764
   1  0.1446
   1  0.1446
   1  0.1817
   1  0.1817
   1  0.4387
   7 -0.2648
   6 -0.0272
   6  0.3740
   8 -0.4684
   6  0.0562
   6  0.0209
   6 -0.2024
   6 -0.1837
   1  0.2871
   1  0.1201
   1  0.0512
   1  0.0074
   1  0.0074
   1  0.0525
   1  0.0525
   1  0.0525
   1  0.0416
   1  0.0416
   1  0.0416
   7 -0.1278
   6 -0.2189
   6  0.4612
   8 -0.5491
   6  0.2722
   8 -0.4653
   1  0.1692
   1  0.1434
   1 -0.0314
   1 -0.0314
   1  0.3747
   7 -0.0541
   6 -0.0969
   6  0.6852
   8 -0.5993
   6 -0.1061
   1  0.2200
   1  0.1562
   1  0.0425
   1  0.0425
   1  0.0425
   7 -0.6723
   6  0.1312
   6  0.6304
   8 -0.6029
   6 -0.1755
   1  0.3576
   1  0.0252
   1  0.0714
   1  0.0714
   1  0.0714
   7 -0.7138
   6  0.0184
   6  0.6604
   8 -0.5903
   6 -0.0195
   6 -0.4870
   6  0.7056
   8 -0.7207
   8 -0.7207
   1  0.3588
   1  0.0114
   1  0.0639
   1  0.0639
   1  0.1109
   1  0.1109
   7 -0.3944
   6  0.0260
   1  0.0446
   1  0.0446
   1  0.0446
   1  0.3786
  20  1.8331
   8 -0.6235
   1  0.3060
   1  0.3060
 rrms:    0.0472
