   6 -0.4613
   6  0.6988
   8 -0.6334
   1  0.1437
   1  0.1437
   1  0.1437
   7 -0.4884
   6  0.2855
   6  0.3252
   8 -0.5332
   6 -0.4831
   6  0.8584
   8 -0.8032
   8 -0.8032
   1  0.2965
   1 -0.0200
   1  0.1722
   1  0.1722
   7 -0.1768
   6 -0.2524
   6  0.5000
   8 -0.6192
   6  0.1916
   6 -0.0488
   6 -0.0921
   6  0.4244
   7 -0.2219
   1  0.2007
   1  0.1289
   1  0.0378
   1  0.0378
   1  0.0441
   1  0.0441
   1  0.0334
   1  0.0334
   1 -0.0633
   1 -0.0633
   1  0.3044
   1  0.3044
   1  0.3044
   7 -0.7699
   6  0.9771
   6 -0.3786
   8 -0.3808
   6 -1.0660
   6  1.1796
   8 -0.8813
   8 -0.8813
   1  0.4649
   1 -0.0899
   1  0.2907
   1  0.2907
   7  0.3185
   6 -0.6371
   6  0.8030
   8 -0.6382
   1 -0.1831
   1  0.2586
   1  0.2586
   7 -0.5222
   6  0.3400
   6  0.3136
   8 -0.4658
   6 -0.2561
   6  0.7347
   7 -0.8714
   8 -0.6130
   1  0.3427
   1 -0.0309
   1  0.0880
   1  0.0880
   1  0.4267
   1  0.4267
   7 -0.1901
   6 -0.0854
   6  0.3324
   8 -0.5644
   1  0.2461
   1  0.1160
   1  0.1160
   7  0.0259
   6 -0.0215
   6  0.4488
   8 -0.6304
   6 -0.0153
   6  0.1219
   6 -0.2102
   6 -0.2102
   6 -0.2729
   6 -0.2729
   6  0.4326
   8 -0.6086
   1  0.0485
   1  0.0275
   1 -0.0009
   1 -0.0009
   1  0.1584
   1  0.1584
   1  0.1614
   1  0.1614
   1  0.4429
   7 -0.3383
   6 -0.2103
   6  0.6856
   8 -0.5156
   6  0.1478
   6 -0.0097
   6 -0.0128
   6 -0.2187
   1  0.3284
   1  0.1454
   1 -0.0217
   1  0.0345
   1  0.0345
   1  0.0124
   1  0.0124
   1  0.0124
   1  0.0600
   1  0.0600
   1  0.0600
   7 -0.4872
   6 -0.0228
   6  0.5955
   8 -0.5368
   6  0.0224
   8 -0.4520
   1  0.2866
   1  0.0521
   1  0.0004
   1  0.0004
   1  0.3813
   7 -0.3218
   6  0.1004
   6  0.4832
   8 -0.5727
   6 -0.1639
   1  0.3400
   1  0.1010
   1  0.0555
   1  0.0555
   1  0.0555
   7 -0.5738
   6  0.1258
   6  0.6139
   8 -0.5875
   6 -0.0342
   1  0.3476
   1  0.0629
   1  0.0388
   1  0.0388
   1  0.0388
   7 -0.6816
   6  0.2884
   6  0.5050
   8 -0.5436
   6 -0.1522
   6 -0.1846
   6  0.6351
   8 -0.7536
   8 -0.7536
   1  0.3408
   1 -0.1544
   1  0.0734
   1  0.0734
   1  0.0092
   1  0.0092
   7 -0.3087
   6 -0.0987
   1  0.0784
   1  0.0784
   1  0.0784
   1  0.3360
  20  1.9028
   8 -0.5428
   1  0.2697
   1  0.2697
 rrms:    0.0536
