   6 -0.6433
   6  0.8503
   8 -0.6864
   1  0.1963
   1  0.1963
   1  0.1963
   7 -0.8320
   6  0.4731
   6  0.5129
   8 -0.4704
   6 -0.1142
   6  0.3242
   8 -0.6103
   8 -0.6103
   1  0.4339
   1 -0.1085
   1  0.0900
   1  0.0900
   7 -0.1193
   6  0.0103
   6  0.3751
   8 -0.6201
   6 -0.0353
   6  0.0221
   6  0.0247
   6  0.3710
   7 -0.2270
   1  0.2219
   1  0.0623
   1  0.0484
   1  0.0484
   1  0.0158
   1  0.0158
   1  0.0143
   1  0.0143
   1 -0.0423
   1 -0.0423
   1  0.3059
   1  0.3059
   1  0.3059
   7 -0.3169
   6  0.8082
   6 -0.4245
   8 -0.4131
   6 -0.6603
   6  1.1736
   8 -0.9150
   8 -0.9150
   1 -0.0034
   1 -0.0386
   1  0.1982
   1  0.1982
   7  0.4789
   6 -0.0328
   6  0.2449
   8 -0.4910
   1 -0.5337
   1  0.1158
   1  0.1158
   7  0.1674
   6 -0.2937
   6  0.6541
   8 -0.5773
   6  0.0216
   6  0.2286
   7 -0.6214
   8 -0.3301
   1 -0.4297
   1  0.1801
   1  0.0699
   1  0.0699
   1  0.3656
   1  0.3656
   7 -0.3463
   6 -0.1382
   6  0.3760
   8 -0.5397
   1  0.2257
   1  0.1311
   1  0.1311
   7  0.0437
   6 -0.6724
   6  0.9287
   8 -0.7475
   6 -0.7537
   6  0.3522
   6 -0.1593
   6 -0.1593
   6 -0.5142
   6 -0.5142
   6  0.6319
   8 -0.6024
   1  0.3022
   1  0.2449
   1  0.2479
   1  0.2479
   1  0.1885
   1  0.1885
   1  0.2250
   1  0.2250
   1  0.4411
   7 -0.5647
   6 -0.2367
   6  0.7009
   8 -0.5834
   6  0.3188
   6 -0.3511
   6 -0.4571
   6 -0.0803
   1  0.3846
   1  0.1262
   1 -0.0100
   1  0.1710
   1  0.1710
   1  0.1030
   1  0.1030
   1  0.1030
   1  0.0267
   1  0.0267
   1  0.0267
   7 -0.3318
   6 -0.1522
   6  0.4352
   8 -0.3410
   6  0.2594
   8 -0.6974
   1  0.2815
   1  0.0642
   1 -0.0115
   1 -0.0115
   1  0.4438
   7 -0.3879
   6  0.2547
   6  0.3482
   8 -0.5832
   6 -0.2569
   1  0.3747
   1 -0.0038
   1  0.0767
   1  0.0767
   1  0.0767
   7 -0.1219
   6  0.0456
   6  0.1132
   8 -0.4943
   6 -0.2421
   1  0.2104
   1  0.0955
   1  0.0921
   1  0.0921
   1  0.0921
   7  0.3398
   6 -0.2790
   6  0.4464
   8 -0.5924
   6  0.7048
   6 -0.7430
   6  0.9096
   8 -0.7761
   8 -0.7761
   1 -0.0990
   1  0.1481
   1 -0.2127
   1 -0.2127
   1  0.1773
   1  0.1773
   7 -0.1596
   6 -0.0415
   1  0.0585
   1  0.0585
   1  0.0585
   1  0.0726
  20  2.2274
   8 -0.8381
   1  0.3839
   1  0.3839
 rrms:    0.0449
