   6 -0.6623
   6  0.8264
   8 -0.6669
   1  0.1983
   1  0.1983
   1  0.1983
   7 -0.7331
   6  0.6573
   6  0.1493
   8 -0.4750
   6 -0.5942
   6  0.6865
   8 -0.6829
   8 -0.6829
   1  0.3815
   1 -0.1869
   1  0.2020
   1  0.2020
   7  0.1223
   6 -0.0506
   6  0.6619
   8 -0.6305
   6 -0.3742
   6  0.2423
   6 -0.2311
   6  0.4939
   7 -0.3810
   1  0.0224
   1  0.0641
   1  0.1173
   1  0.1173
   1 -0.0545
   1 -0.0545
   1  0.1300
   1  0.1300
   1 -0.0796
   1 -0.0796
   1  0.3441
   1  0.3441
   1  0.3441
   7 -0.8718
   6  1.0006
   6 -0.0417
   8 -0.4954
   6 -1.0034
   6  1.1385
   8 -0.8260
   8 -0.8260
   1  0.3606
   1 -0.0970
   1  0.2442
   1  0.2442
   7 -0.0496
   6 -0.3114
   6  0.9873
   8 -0.7169
   1  0.1836
   1  0.1635
   1  0.1635
   7 -0.9451
   6  0.6835
   6  0.1700
   8 -0.4746
   6 -0.6077
   6  0.8643
   7 -0.8653
   8 -0.6645
   1  0.4434
   1 -0.1031
   1  0.2067
   1  0.2067
   1  0.3957
   1  0.3957
   7 -0.2134
   6 -0.0449
   6  0.5795
   8 -0.5902
   1  0.1741
   1  0.1029
   1  0.1029
   7 -0.7996
   6  0.2678
   6  0.2730
   8 -0.5738
   6 -0.4787
   6  0.3801
   6 -0.2860
   6 -0.2860
   6 -0.2495
   6 -0.2495
   6  0.3311
   8 -0.5064
   1  0.3816
   1  0.0770
   1  0.1489
   1  0.1489
   1  0.1697
   1  0.1697
   1  0.1639
   1  0.1639
   1  0.3891
   7 -0.3973
   6 -0.3474
   6  0.9242
   8 -0.5890
   6  0.4405
   6 -0.1930
   6 -0.3010
   6 -0.0417
   1  0.4994
   1  0.0716
   1 -0.0843
   1  0.0646
   1  0.0646
   1  0.0609
   1  0.0609
   1  0.0609
   1  0.0237
   1  0.0237
   1  0.0237
   7 -0.5593
   6  0.0243
   6  0.1462
   8 -0.4976
   6  0.1977
   8 -0.5439
   1  0.4909
   1  0.1096
   1  0.0097
   1  0.0097
   1  0.3858
   7  0.0490
   6 -0.0289
   6  0.4128
   8 -0.5599
   6  0.0211
   1  0.1383
   1  0.1353
   1  0.0125
   1  0.0125
   1  0.0125
   7 -0.2840
   6  0.1723
   6  0.5406
   8 -0.5773
   6  0.0816
   1  0.0549
   1  0.0230
   1 -0.0055
   1 -0.0055
   1 -0.0055
   7 -0.5533
   6  0.1189
   6  0.0939
   8 -0.4581
   6  0.2190
   6 -0.5117
   6  0.7269
   8 -0.7011
   8 -0.7011
   1  0.3529
   1  0.0940
   1 -0.0606
   1 -0.0606
   1  0.1078
   1  0.1078
   7  0.0167
   6 -0.1203
   1  0.0830
   1  0.0830
   1  0.0830
   1  0.1747
  20  1.6118
   8 -0.6154
   1  0.3288
   1  0.3288
 rrms:    0.0510
