   6 -0.4584
   6  0.6938
   8 -0.6811
   1  0.1491
   1  0.1491
   1  0.1491
   7 -0.6444
   6  0.7392
   6 -0.0244
   8 -0.4380
   6 -0.7667
   6  0.8967
   8 -0.8051
   8 -0.8051
   1  0.3404
   1 -0.0113
   1  0.2250
   1  0.2250
   7 -0.3317
   6  0.1984
   6  0.2842
   8 -0.5327
   6 -0.0021
   6  0.1185
   6 -0.1310
   6  0.2905
   7 -0.2089
   1  0.1627
   1  0.0352
   1  0.0522
   1  0.0522
   1 -0.0431
   1 -0.0431
   1  0.0522
   1  0.0522
   1 -0.0027
   1 -0.0027
   1  0.2420
   1  0.2420
   1  0.2420
   7 -0.4177
   6  0.5003
   6 -0.0276
   8 -0.4330
   6 -0.6715
   6  0.8412
   8 -0.7674
   8 -0.7674
   1  0.3655
   1  0.0205
   1  0.1737
   1  0.1737
   7 -0.0340
   6 -0.3045
   6  0.3282
   8 -0.5373
   1  0.1743
   1  0.1822
   1  0.1822
   7  0.0058
   6  0.0293
   6  0.4756
   8 -0.6769
   6 -0.0889
   6  0.7538
   7 -0.9679
   8 -0.6600
   1  0.1611
   1 -0.0452
   1  0.0733
   1  0.0733
   1  0.4402
   1  0.4402
   7 -0.1219
   6 -0.3477
   6  0.6298
   8 -0.6397
   1  0.2034
   1  0.1906
   1  0.1906
   7 -0.3806
   6  0.2323
   6  0.3378
   8 -0.5235
   6 -0.1679
   6 -0.0790
   6  0.0504
   6  0.0504
   6 -0.5684
   6 -0.5684
   6  0.6749
   8 -0.6020
   1  0.1555
   1  0.0405
   1  0.1294
   1  0.1294
   1  0.0988
   1  0.0988
   1  0.2168
   1  0.2168
   1  0.4464
   7 -0.3853
   6 -0.0727
   6  0.3711
   8 -0.4476
   6  0.1786
   6 -0.0419
   6 -0.1969
   6  0.1291
   1  0.2537
   1  0.1904
   1 -0.0347
   1  0.0086
   1  0.0086
   1  0.0588
   1  0.0588
   1  0.0588
   1 -0.0698
   1 -0.0698
   1 -0.0698
   7  0.1512
   6 -0.7525
   6  1.0136
   8 -0.6558
   6  0.4314
   8 -0.5730
   1  0.0546
   1  0.2541
   1 -0.0740
   1 -0.0740
   1  0.4380
   7 -0.7419
   6  0.4519
   6  0.2086
   8 -0.5630
   6 -0.2887
   1  0.4919
   1 -0.0124
   1  0.0993
   1  0.0993
   1  0.0993
   7 -0.2180
   6 -0.0196
   6  0.6562
   8 -0.6373
   6 -0.1083
   1  0.2542
   1  0.0665
   1  0.0498
   1  0.0498
   1  0.0498
   7 -0.5423
   6 -0.0198
   6  0.6669
   8 -0.6528
   6  0.1047
   6 -0.1845
   6  0.6345
   8 -0.6749
   8 -0.6749
   1  0.3575
   1  0.0490
   1 -0.0574
   1 -0.0574
   1  0.0106
   1  0.0106
   7 -0.3333
   6 -0.0355
   1  0.0653
   1  0.0653
   1  0.0653
   1  0.3261
  20  2.0119
   8 -0.6601
   1  0.3243
   1  0.3243
 rrms:    0.0496
