   6 -0.6033
   6  0.7606
   8 -0.6524
   1  0.1807
   1  0.1807
   1  0.1807
   7 -0.6590
   6  0.6782
   6  0.0110
   8 -0.4501
   6 -0.6239
   6  0.7183
   8 -0.7427
   8 -0.7427
   1  0.3673
   1 -0.1361
   1  0.2167
   1  0.2167
   7  0.2281
   6 -0.7332
   6  0.6845
   8 -0.6448
   6  0.5314
   6 -0.0837
   6 -0.0218
   6  0.3552
   7 -0.2979
   1 -0.0270
   1  0.2850
   1 -0.1105
   1 -0.1105
   1  0.0215
   1  0.0215
   1  0.0077
   1  0.0077
   1 -0.0147
   1 -0.0147
   1  0.3312
   1  0.3312
   1  0.3312
   7 -0.4842
   6  0.4239
   6  0.1936
   8 -0.5210
   6 -0.3381
   6  0.8712
   8 -0.7858
   8 -0.7858
   1  0.2585
   1 -0.0443
   1  0.1023
   1  0.1023
   7 -0.3020
   6  0.0420
   6  0.3936
   8 -0.5795
   1  0.3067
   1  0.0674
   1  0.0674
   7 -0.0515
   6  0.0410
   6  0.3562
   8 -0.4715
   6 -0.2465
   6  0.5189
   7 -0.7976
   8 -0.4385
   1  0.0139
   1  0.0699
   1  0.1165
   1  0.1165
   1  0.4079
   1  0.4079
   7 -0.2570
   6 -0.1346
   6  0.3891
   8 -0.5729
   1  0.3008
   1  0.1201
   1  0.1201
   7  0.0249
   6 -0.2306
   6  0.3394
   8 -0.4185
   6 -0.0878
   6 -0.0552
   6 -0.0083
   6 -0.0083
   6 -0.4613
   6 -0.4613
   6  0.5796
   8 -0.5800
   1  0.0970
   1  0.1393
   1  0.0615
   1  0.0615
   1  0.1013
   1  0.1013
   1  0.1823
   1  0.1823
   1  0.4307
   7 -0.1605
   6 -0.2212
   6  0.5851
   8 -0.5713
   6  0.0857
   6  0.2221
   6 -0.3476
   6 -0.4722
   1  0.2623
   1  0.1654
   1  0.0113
   1 -0.0184
   1 -0.0184
   1  0.0442
   1  0.0442
   1  0.0442
   1  0.1307
   1  0.1307
   1  0.1307
   7 -0.0172
   6 -0.2561
   6  0.3870
   8 -0.3043
   6  0.2385
   8 -0.6241
   1 -0.3022
   1  0.1319
   1  0.0226
   1  0.0226
   1  0.4750
   7 -0.4437
   6  0.3583
   6  0.4382
   8 -0.6026
   6 -0.4196
   1  0.3916
   1 -0.0241
   1  0.1288
   1  0.1288
   1  0.1288
   7 -0.4006
   6  0.5587
   6 -0.3456
   8 -0.3907
   6 -0.6191
   1  0.3305
   1 -0.0266
   1  0.1989
   1  0.1989
   1  0.1989
   7  0.9151
   6 -0.7806
   6  0.6302
   8 -0.5565
   6  0.7122
   6 -0.6591
   6  0.5398
   8 -0.5530
   8 -0.5530
   1 -0.4445
   1  0.2562
   1 -0.1295
   1 -0.1295
   1  0.1928
   1  0.1928
   7 -0.2476
   6 -0.0187
   1  0.0501
   1  0.0501
   1  0.0501
   1  0.0934
  20  1.8526
   8 -0.6667
   1  0.3152
   1  0.3152
 rrms:    0.0435
