   6 -0.6668
   6  0.6877
   8 -0.6161
   1  0.2018
   1  0.2018
   1  0.2018
   7 -0.5952
   6  0.4139
   6  0.1048
   8 -0.4960
   6 -0.7719
   6  0.8151
   8 -0.7035
   8 -0.7035
   1  0.3582
   1  0.0117
   1  0.2532
   1  0.2532
   7 -0.0463
   6 -0.1030
   6  0.3399
   8 -0.5635
   6  0.1512
   6 -0.0306
   6  0.0143
   6  0.2699
   7 -0.2271
   1  0.2727
   1  0.1235
   1 -0.0089
   1 -0.0089
   1  0.0180
   1  0.0180
   1  0.0165
   1  0.0165
   1 -0.0165
   1 -0.0165
   1  0.2463
   1  0.2463
   1  0.2463
   7 -0.1454
   6  0.4727
   6 -0.0001
   8 -0.4326
   6 -0.7322
   6  0.8797
   8 -0.7715
   8 -0.7715
   1  0.1301
   1 -0.0851
   1  0.2203
   1  0.2203
   7 -0.2227
   6 -0.0958
   6  0.8732
   8 -0.6803
   1  0.2518
   1  0.1235
   1  0.1235
   7 -1.1086
   6  0.7433
   6  0.2427
   8 -0.5784
   6 -0.7494
   6  0.9454
   7 -0.8841
   8 -0.6691
   1  0.4340
   1 -0.0998
   1  0.2265
   1  0.2265
   1  0.4230
   1  0.4230
   7 -0.0893
   6 -0.3219
   6  0.6461
   8 -0.6022
   1  0.2694
   1  0.1662
   1  0.1662
   7 -0.5451
   6  0.1194
   6  0.3323
   8 -0.5524
   6 -0.4706
   6  0.2924
   6 -0.2305
   6 -0.2305
   6 -0.3737
   6 -0.3737
   6  0.5045
   8 -0.5753
   1  0.3657
   1  0.0821
   1  0.1394
   1  0.1394
   1  0.1735
   1  0.1735
   1  0.1978
   1  0.1978
   1  0.4271
   7 -0.3389
   6 -0.1096
   6  0.5676
   8 -0.5211
   6  0.4496
   6 -0.2540
   6 -0.4464
   6 -0.2095
   1  0.3149
   1  0.0315
   1 -0.0978
   1  0.1450
   1  0.1450
   1  0.1240
   1  0.1240
   1  0.1240
   1  0.0629
   1  0.0629
   1  0.0629
   7 -0.3107
   6  0.2346
   6  0.0391
   8 -0.5133
   6  0.2348
   8 -0.5036
   1  0.2140
   1  0.0238
   1 -0.0021
   1 -0.0021
   1  0.3868
   7  0.0517
   6 -0.0555
   6  0.5388
   8 -0.5945
   6  0.1263
   1  0.0892
   1  0.1234
   1 -0.0059
   1 -0.0059
   1 -0.0059
   7 -0.3795
   6  0.2392
   6  0.5369
   8 -0.6252
   6 -0.2818
   1  0.0702
   1  0.0406
   1  0.0973
   1  0.0973
   1  0.0973
   7 -0.9869
   6  0.3298
   6  0.3448
   8 -0.5300
   6  0.1067
   6 -0.6871
   6  1.1015
   8 -0.9121
   8 -0.9121
   1  0.5012
   1  0.0673
   1  0.0289
   1  0.0289
   1  0.1325
   1  0.1325
   7 -0.1699
   6  0.0258
   1  0.0498
   1  0.0498
   1  0.0498
   1  0.3017
  20  1.9139
   8 -0.7128
   1  0.3425
   1  0.3425
 rrms:    0.0455
