   6 -0.5180
   6  0.7323
   8 -0.6119
   1  0.1549
   1  0.1549
   1  0.1549
   7 -0.6849
   6  0.5585
   6  0.4701
   8 -0.5600
   6 -0.3504
   6  0.7569
   8 -0.7754
   8 -0.7754
   1  0.3658
   1 -0.1023
   1  0.1156
   1  0.1156
   7 -0.8241
   6  0.4076
   6  0.3433
   8 -0.5398
   6  0.0177
   6  0.0253
   6 -0.0578
   6  0.4442
   7 -0.1746
   1  0.2201
   1 -0.0072
   1  0.0670
   1  0.0670
   1 -0.0487
   1 -0.0487
   1  0.0024
   1  0.0024
   1 -0.0418
   1 -0.0418
   1  0.2921
   1  0.2921
   1  0.2921
   7 -0.5284
   6  0.5104
   6  0.0832
   8 -0.4903
   6 -0.6737
   6  0.7761
   8 -0.7608
   8 -0.7608
   1  0.3330
   1 -0.0045
   1  0.2048
   1  0.2048
   7 -0.1383
   6 -0.1241
   6  0.3034
   8 -0.5543
   1  0.0797
   1  0.1406
   1  0.1406
   7 -0.1210
   6  0.1057
   6  0.2761
   8 -0.5078
   6 -0.6010
   6  0.7772
   7 -0.5865
   8 -0.8282
   1  0.2224
   1  0.1045
   1  0.2145
   1  0.2145
   1  0.3032
   1  0.3032
   7 -0.0346
   6 -0.2519
   6  0.5292
   8 -0.5923
   1  0.2436
   1  0.1332
   1  0.1332
   7 -0.1296
   6 -0.2199
   6  0.7558
   8 -0.6100
   6 -0.1313
   6 -0.1071
   6  0.0939
   6  0.0939
   6 -0.5017
   6 -0.5017
   6  0.6190
   8 -0.5820
   1  0.1546
   1  0.1498
   1  0.0556
   1  0.0556
   1  0.0732
   1  0.0732
   1  0.1862
   1  0.1862
   1  0.4306
   7 -0.5787
   6  0.0704
   6  0.4733
   8 -0.5373
   6  0.1214
   6  0.0891
   6 -0.3266
   6 -0.1162
   1  0.3176
   1 -0.0172
   1  0.0557
   1 -0.0267
   1 -0.0267
   1  0.0733
   1  0.0733
   1  0.0733
   1  0.0360
   1  0.0360
   1  0.0360
   7 -0.1112
   6 -0.1331
   6  0.2719
   8 -0.2754
   6  0.4180
   8 -0.6656
   1  0.0879
   1  0.0780
   1 -0.0698
   1 -0.0698
   1  0.3347
   7 -0.3320
   6  0.1949
   6  0.5481
   8 -0.6765
   6 -0.4422
   1  0.3531
   1  0.0384
   1  0.1330
   1  0.1330
   1  0.1330
   7 -0.4522
   6  0.4253
   6 -0.1327
   8 -0.4488
   6 -0.5195
   1  0.3046
   1 -0.0084
   1  0.1748
   1  0.1748
   1  0.1748
   7  0.7219
   6 -0.7553
   6  0.6078
   8 -0.5934
   6  0.7211
   6 -0.7157
   6  0.8305
   8 -0.7006
   8 -0.7006
   1 -0.2251
   1  0.2855
   1 -0.1762
   1 -0.1762
   1  0.1967
   1  0.1967
   7 -0.2433
   6  0.0432
   1  0.0333
   1  0.0333
   1  0.0333
   1  0.0713
  20  2.2275
   8 -0.6757
   1  0.3399
   1  0.3399
 rrms:    0.0517
