   6 -0.5317
   6  0.9936
   8 -0.8020
   1  0.1512
   1  0.1512
   1  0.1512
   7 -0.9710
   6  0.5596
   6  0.2451
   8 -0.5085
   6 -0.2376
   6  0.4688
   8 -0.5923
   8 -0.5923
   1  0.4636
   1  0.0284
   1  0.1158
   1  0.1158
   7 -0.1642
   6 -0.2211
   6  0.7653
   8 -0.5897
   6  0.1050
   6  0.0521
   6 -0.0695
   6  0.3862
   7 -0.1393
   1 -0.0105
   1  0.0727
   1 -0.0120
   1 -0.0120
   1 -0.0352
   1 -0.0352
   1  0.0554
   1  0.0554
   1 -0.0332
   1 -0.0332
   1  0.2837
   1  0.2837
   1  0.2837
   7 -0.7875
   6  0.5441
   6  0.0968
   8 -0.4810
   6 -0.7573
   6  0.7663
   8 -0.7248
   8 -0.7248
   1  0.3835
   1 -0.0343
   1  0.2242
   1  0.2242
   7 -0.0318
   6 -0.4139
   6  0.5324
   8 -0.5968
   1  0.0518
   1  0.1917
   1  0.1917
   7 -0.4115
   6  0.3183
   6  0.2017
   8 -0.5227
   6 -0.5675
   6  0.7203
   7 -0.8951
   8 -0.2345
   1  0.2188
   1  0.0130
   1  0.2120
   1  0.2120
   1  0.4176
   1  0.4176
   7 -0.0339
   6 -0.2116
   6  0.5947
   8 -0.6566
   1  0.2776
   1  0.1304
   1  0.1304
   7 -0.0135
   6 -0.3790
   6  0.8207
   8 -0.5851
   6 -0.0435
   6 -0.1569
   6  0.1576
   6  0.1576
   6 -0.5827
   6 -0.5827
   6  0.6766
   8 -0.5998
   1 -0.3169
   1  0.1759
   1  0.0375
   1  0.0375
   1  0.0817
   1  0.0817
   1  0.1964
   1  0.1964
   1  0.4412
   7 -0.5232
   6 -0.1655
   6  0.7545
   8 -0.6064
   6  0.1755
   6  0.2310
   6 -0.4391
   6 -0.0814
   1  0.2934
   1 -0.0419
   1  0.0285
   1 -0.0411
   1 -0.0411
   1  0.0861
   1  0.0861
   1  0.0861
   1  0.0221
   1  0.0221
   1  0.0221
   7 -0.4497
   6  0.0783
   6  0.3044
   8 -0.4194
   6  0.2188
   8 -0.5244
   1  0.2511
   1 -0.0028
   1 -0.0020
   1 -0.0020
   1  0.3148
   7 -0.1632
   6 -0.0180
   6  0.6273
   8 -0.6075
   6 -0.1330
   1  0.2635
   1  0.0658
   1  0.0573
   1  0.0573
   1  0.0573
   7 -0.4623
   6  0.4578
   6 -0.0910
   8 -0.4252
   6 -0.4271
   1  0.3181
   1 -0.0034
   1  0.1377
   1  0.1377
   1  0.1377
   7  0.1709
   6 -0.1949
   6  0.5346
   8 -0.5874
   6  0.5714
   6 -0.6049
   6  0.4841
   8 -0.5092
   8 -0.5092
   1 -0.0785
   1  0.1072
   1 -0.1734
   1 -0.1734
   1  0.2178
   1  0.2178
   7 -0.2745
   6  0.0485
   1  0.0451
   1  0.0451
   1  0.0451
   1  0.1190
  20  1.9395
   8 -0.7919
   1  0.3732
   1  0.3732
 rrms:    0.0522
