   6 -0.6426
   6  0.8280
   8 -0.6695
   1  0.1936
   1  0.1936
   1  0.1936
   7 -0.7686
   6  0.5962
   6  0.3492
   8 -0.5023
   6 -0.2549
   6  0.4618
   8 -0.7355
   8 -0.7355
   1  0.3596
   1 -0.1435
   1  0.0927
   1  0.0927
   7 -0.1853
   6 -0.1401
   6  0.5398
   8 -0.5801
   6  0.0648
   6 -0.0189
   6 -0.0471
   6  0.5240
   7 -0.4078
   1  0.1837
   1  0.1084
   1  0.0176
   1  0.0176
   1  0.0361
   1  0.0361
   1  0.0410
   1  0.0410
   1 -0.0916
   1 -0.0916
   1  0.3504
   1  0.3504
   1  0.3504
   7 -0.6030
   6  0.6691
   6 -0.0358
   8 -0.4589
   6 -0.8183
   6  0.9590
   8 -0.7530
   8 -0.7530
   1  0.3336
   1 -0.0221
   1  0.2226
   1  0.2226
   7  0.0587
   6 -0.1119
   6  0.2397
   8 -0.5548
   1 -0.0572
   1  0.1516
   1  0.1516
   7  0.2057
   6 -0.3093
   6  0.5501
   8 -0.5240
   6  0.1442
   6  0.1164
   7 -0.6218
   8 -0.1373
   1 -0.2772
   1  0.1614
   1  0.0324
   1  0.0324
   1  0.3592
   1  0.3592
   7 -0.2240
   6 -0.2241
   6  0.5661
   8 -0.6350
   1  0.3524
   1  0.1337
   1  0.1337
   7 -0.1977
   6  0.1062
   6  0.3038
   8 -0.4834
   6 -0.3754
   6  0.4730
   6 -0.4707
   6 -0.4707
   6 -0.0670
   6 -0.0670
   6  0.2383
   8 -0.5565
   1  0.0315
   1  0.0284
   1  0.1225
   1  0.1225
   1  0.2041
   1  0.2041
   1  0.1256
   1  0.1256
   1  0.4196
   7 -0.3599
   6 -0.0707
   6  0.7358
   8 -0.5547
   6 -0.0961
   6  0.1705
   6  0.1261
   6 -0.2560
   1  0.2648
   1  0.1028
   1  0.0671
   1 -0.0102
   1 -0.0102
   1 -0.0593
   1 -0.0593
   1 -0.0593
   1  0.0757
   1  0.0757
   1  0.0757
   7 -0.3008
   6 -0.0683
   6  0.1365
   8 -0.1998
   6  0.1665
   8 -0.3552
   1  0.2913
   1  0.1013
   1  0.0061
   1  0.0061
   1  0.3637
   7 -0.1663
   6  0.0755
   6  0.6642
   8 -0.6564
   6 -0.2380
   1  0.3080
   1  0.0333
   1  0.0777
   1  0.0777
   1  0.0777
   7 -0.5262
   6  0.3822
   6  0.0148
   8 -0.5002
   6 -0.3535
   1  0.3348
   1 -0.0026
   1  0.1239
   1  0.1239
   1  0.1239
   7  0.4176
   6 -0.1894
   6  0.3713
   8 -0.5801
   6  0.4318
   6 -1.1097
   6  0.8740
   8 -0.7789
   8 -0.7789
   1 -0.1375
   1  0.1472
   1 -0.0985
   1 -0.0985
   1  0.3312
   1  0.3312
   7 -0.0805
   6 -0.0154
   1  0.0450
   1  0.0450
   1  0.0450
   1 -0.1957
  20  1.8930
   8 -0.6378
   1  0.3148
   1  0.3148
 rrms:    0.0405
