   6 -0.7415
   6  0.8276
   8 -0.6502
   1  0.2258
   1  0.2258
   1  0.2258
   7 -0.8823
   6  0.8615
   6  0.1120
   8 -0.4812
   6 -0.6288
   6  0.8072
   8 -0.7779
   8 -0.7779
   1  0.4716
   1 -0.3892
   1  0.1996
   1  0.1996
   7  0.2355
   6 -0.1615
   6  0.4328
   8 -0.5455
   6  0.1458
   6 -0.1034
   6  0.1730
   6  0.0761
   7  0.1008
   1 -0.1625
   1  0.1036
   1  0.0007
   1  0.0007
   1 -0.0027
   1 -0.0027
   1 -0.0046
   1 -0.0046
   1  0.0297
   1  0.0297
   1  0.2231
   1  0.2231
   1  0.2231
   7 -0.4554
   6  0.7509
   6 -0.1501
   8 -0.4432
   6 -0.8219
   6  0.9436
   8 -0.8320
   8 -0.8320
   1  0.2522
   1 -0.0442
   1  0.2091
   1  0.2091
   7  0.0821
   6 -0.1594
   6  0.2257
   8 -0.5056
   1 -0.2384
   1  0.1435
   1  0.1435
   7  0.1542
   6 -0.7109
   6  0.9921
   8 -0.7349
   6  0.3858
   6  0.0770
   7 -0.3979
   8 -0.3323
   1 -0.0842
   1  0.2776
   1 -0.0168
   1 -0.0168
   1  0.2586
   1  0.2586
   7 -0.4781
   6 -0.0691
   6  0.3496
   8 -0.5761
   1  0.4497
   1  0.1125
   1  0.1125
   7  0.1293
   6 -0.6355
   6  1.0632
   8 -0.8487
   6 -0.0878
   6 -0.1097
   6  0.0758
   6  0.0758
   6 -0.5106
   6 -0.5106
   6  0.6150
   8 -0.6390
   1 -0.0581
   1  0.2325
   1  0.0651
   1  0.0651
   1  0.0975
   1  0.0975
   1  0.2081
   1  0.2081
   1  0.4924
   7 -0.6637
   6  0.1232
   6  0.4605
   8 -0.5086
   6  0.0841
   6 -0.2074
   6 -0.3686
   6  0.0118
   1  0.3605
   1  0.1114
   1  0.0632
   1  0.0677
   1  0.0677
   1  0.0839
   1  0.0839
   1  0.0839
   1  0.0406
   1  0.0406
   1  0.0406
   7  0.2819
   6 -0.5003
   6  0.4907
   8 -0.3535
   6  0.5350
   8 -0.5476
   1 -0.5223
   1  0.1872
   1 -0.0673
   1 -0.0673
   1  0.3445
   7 -0.2986
   6  0.0899
   6  0.6456
   8 -0.6483
   6 -0.2087
   1  0.3503
   1  0.0475
   1  0.0730
   1  0.0730
   1  0.0730
   7 -0.6878
   6  0.8230
   6 -0.5340
   8 -0.2997
   6 -0.7647
   1  0.3728
   1 -0.1052
   1  0.2294
   1  0.2294
   1  0.2294
   7  1.2155
   6 -1.4742
   6  1.0424
   8 -0.6960
   6  1.2712
   6 -1.1254
   6  0.9513
   8 -0.7913
   8 -0.7913
   1 -0.2968
   1  0.5059
   1 -0.3567
   1 -0.3567
   1  0.3324
   1  0.3324
   7 -0.3562
   6  0.0571
   1  0.0261
   1  0.0261
   1  0.0261
   1 -0.0370
  20  2.8159
   8 -0.7911
   1  0.3371
   1  0.3371
 rrms:    0.0477
