   6 -0.5024
   6  0.6943
   8 -0.7589
   1  0.1646
   1  0.1646
   1  0.1646
   7 -0.5054
   6  0.0757
   6  0.7551
   8 -0.5493
   6  0.0423
   6  0.1615
   8 -0.7230
   8 -0.7230
   1  0.3242
   1 -0.0347
   1  0.0589
   1  0.0589
   7 -0.5182
   6  0.2762
   6  0.2138
   8 -0.5702
   6 -0.2240
   6  0.1551
   6 -0.0818
   6  0.3294
   7 -0.3245
   1  0.3555
   1  0.0272
   1  0.1215
   1  0.1215
   1 -0.0365
   1 -0.0365
   1  0.0545
   1  0.0545
   1 -0.0174
   1 -0.0174
   1  0.3339
   1  0.3339
   1  0.3339
   7 -0.1739
   6  0.5667
   6 -0.2576
   8 -0.3794
   6 -0.9367
   6  1.0751
   8 -0.8285
   8 -0.8285
   1  0.0742
   1  0.0239
   1  0.2728
   1  0.2728
   7  0.4254
   6 -0.4544
   6  0.6444
   8 -0.5952
   1 -0.2279
   1  0.2117
   1  0.2117
   7 -0.1363
   6  0.0025
   6  0.1632
   8 -0.4970
   6 -0.1830
   6  0.4603
   7 -0.8118
   8 -0.3210
   1  0.0258
   1  0.0778
   1  0.1352
   1  0.1352
   1  0.4115
   1  0.4115
   7 -0.0234
   6 -0.2321
   6  0.5386
   8 -0.5736
   1  0.0754
   1  0.1289
   1  0.1289
   7 -0.2463
   6 -0.3430
   6  0.5999
   8 -0.4466
   6 -0.1112
   6  0.0451
   6  0.0098
   6  0.0098
   6 -0.5100
   6 -0.5100
   6  0.5585
   8 -0.5419
   1  0.4120
   1  0.1498
   1  0.0204
   1  0.0204
   1  0.1242
   1  0.1242
   1  0.2165
   1  0.2165
   1  0.4218
   7 -0.5320
   6 -0.0402
   6  0.5164
   8 -0.5102
   6  0.1378
   6  0.2403
   6 -0.3640
   6 -0.2966
   1  0.3379
   1  0.0390
   1  0.0187
   1 -0.0367
   1 -0.0367
   1  0.0486
   1  0.0486
   1  0.0486
   1  0.0735
   1  0.0735
   1  0.0735
   7  0.1030
   6 -0.7055
   6  0.7941
   8 -0.3780
   6  0.8759
   8 -0.6986
   1  0.0490
   1  0.2390
   1 -0.1875
   1 -0.1875
   1  0.3446
   7 -0.6138
   6  0.3364
   6  0.3552
   8 -0.5865
   6 -0.1611
   1  0.4229
   1 -0.0060
   1  0.0546
   1  0.0546
   1  0.0546
   7 -0.2161
   6  0.2557
   6  0.0918
   8 -0.4569
   6 -0.2821
   1  0.2621
   1  0.0024
   1  0.0939
   1  0.0939
   1  0.0939
   7  0.5056
   6 -0.7576
   6  0.7204
   8 -0.6244
   6  0.7613
   6 -1.1257
   6  1.0025
   8 -0.8010
   8 -0.8010
   1 -0.2450
   1  0.2686
   1 -0.2182
   1 -0.2182
   1  0.3392
   1  0.3392
   7 -0.2713
   6 -0.0597
   1  0.0683
   1  0.0683
   1  0.0683
   1  0.0862
  20  1.9780
   8 -0.7565
   1  0.3750
   1  0.3750
 rrms:    0.0404
