   6 -0.6250
   6  0.8292
   8 -0.7032
   1  0.1902
   1  0.1902
   1  0.1902
   7 -0.8957
   6  0.7791
   6  0.1818
   8 -0.4127
   6 -0.9441
   6  0.8814
   8 -0.8550
   8 -0.8550
   1  0.5214
   1 -0.0586
   1  0.2473
   1  0.2473
   7 -0.1400
   6  0.1555
   6  0.4022
   8 -0.6067
   6 -0.2041
   6  0.0418
   6 -0.1223
   6  0.3855
   7 -0.1821
   1  0.1876
   1 -0.0103
   1  0.1187
   1  0.1187
   1  0.0104
   1  0.0104
   1  0.0535
   1  0.0535
   1 -0.0619
   1 -0.0619
   1  0.2204
   1  0.2204
   1  0.2204
   7 -0.5263
   6  0.9057
   6 -0.3066
   8 -0.3694
   6 -0.9259
   6  0.9364
   8 -0.6798
   8 -0.6798
   1  0.2945
   1 -0.0423
   1  0.2294
   1  0.2294
   7  0.1604
   6 -0.1235
   6  0.3331
   8 -0.5414
   1 -0.0519
   1  0.1300
   1  0.1300
   7 -0.0137
   6  0.2114
   6  0.3384
   8 -0.3813
   6 -0.4973
   6  1.0635
   7 -1.0863
   8 -0.7191
   1 -0.0492
   1 -0.0059
   1  0.0739
   1  0.0739
   1  0.4686
   1  0.4686
   7 -0.2057
   6 -0.4244
   6  0.8035
   8 -0.6698
   1  0.2282
   1  0.1648
   1  0.1648
   7 -0.5149
   6  0.1699
   6  0.1929
   8 -0.4886
   6 -0.1771
   6  0.1191
   6 -0.2324
   6 -0.2324
   6 -0.2934
   6 -0.2934
   6  0.4527
   8 -0.5760
   1  0.3869
   1  0.0378
   1  0.0931
   1  0.0931
   1  0.1566
   1  0.1566
   1  0.1638
   1  0.1638
   1  0.4216
   7 -0.0159
   6 -0.5491
   6  0.8122
   8 -0.5584
   6  0.5116
   6 -0.0962
   6 -0.5808
   6 -0.1774
   1  0.2148
   1  0.1682
   1 -0.0842
   1  0.0452
   1  0.0452
   1  0.1487
   1  0.1487
   1  0.1487
   1  0.0466
   1  0.0466
   1  0.0466
   7 -0.3023
   6 -0.6273
   6  0.7650
   8 -0.5962
   6  0.4420
   8 -0.6110
   1  0.2417
   1  0.1875
   1 -0.0527
   1 -0.0527
   1  0.3684
   7 -0.2061
   6 -0.0592
   6  0.6349
   8 -0.5847
   6 -0.0479
   1  0.3291
   1  0.1689
   1  0.0149
   1  0.0149
   1  0.0149
   7 -0.7024
   6  0.4679
   6  0.2496
   8 -0.4906
   6 -0.4659
   1  0.3364
   1 -0.0718
   1  0.1696
   1  0.1696
   1  0.1696
   7 -0.3255
   6 -0.1044
   6  0.5706
   8 -0.5641
   6  0.2272
   6 -0.3940
   6  0.6919
   8 -0.6630
   8 -0.6630
   1  0.2843
   1  0.0964
   1 -0.0531
   1 -0.0531
   1  0.0681
   1  0.0681
   7 -0.4316
   6  0.1315
   1  0.0169
   1  0.0169
   1  0.0169
   1  0.3519
  20  1.8951
   8 -0.6731
   1  0.3333
   1  0.3333
 rrms:    0.0445
