   6 -0.5458
   6  0.7853
   8 -0.6802
   1  0.1657
   1  0.1657
   1  0.1657
   7 -0.8120
   6  0.3919
   6  0.3642
   8 -0.4449
   6 -0.5053
   6  0.7137
   8 -0.7544
   8 -0.7544
   1  0.4619
   1 -0.1496
   1  0.1934
   1  0.1934
   7  0.1166
   6 -0.3803
   6  0.6208
   8 -0.6758
   6  0.1869
   6 -0.0716
   6 -0.3363
   6  0.4366
   7 -0.2717
   1  0.0245
   1  0.1577
   1  0.0997
   1  0.0997
   1  0.0761
   1  0.0761
   1  0.0868
   1  0.0868
   1 -0.0494
   1 -0.0494
   1  0.3381
   1  0.3381
   1  0.3381
   7 -0.4296
   6  0.4601
   6  0.1118
   8 -0.4754
   6 -0.6364
   6  0.8409
   8 -0.7606
   8 -0.7606
   1  0.0707
   1 -0.0179
   1  0.1791
   1  0.1791
   7  0.0215
   6 -0.1319
   6  0.5712
   8 -0.5648
   1  0.0788
   1  0.1158
   1  0.1158
   7 -0.3608
   6  0.2701
   6  0.2299
   8 -0.4953
   6 -0.5778
   6  0.7372
   7 -0.9485
   8 -0.4666
   1 -0.1142
   1  0.0579
   1  0.2047
   1  0.2047
   1  0.4620
   1  0.4620
   7 -0.0186
   6 -0.3462
   6  0.5669
   8 -0.6055
   1  0.2105
   1  0.1818
   1  0.1818
   7 -0.4223
   6 -0.0506
   6  0.6322
   8 -0.5740
   6 -0.2064
   6  0.0089
   6 -0.0277
   6 -0.0277
   6 -0.4145
   6 -0.4145
   6  0.5443
   8 -0.6059
   1  0.3720
   1  0.0967
   1  0.0729
   1  0.0729
   1  0.1039
   1  0.1039
   1  0.1825
   1  0.1825
   1  0.4399
   7 -0.5288
   6  0.0792
   6  0.5097
   8 -0.5205
   6  0.0608
   6  0.1449
   6 -0.2534
   6 -0.2065
   1  0.2997
   1 -0.0399
   1  0.0525
   1  0.0246
   1  0.0246
   1  0.0421
   1  0.0421
   1  0.0421
   1  0.0623
   1  0.0623
   1  0.0623
   7 -0.1703
   6 -0.0332
   6  0.1229
   8 -0.1172
   6  0.1253
   8 -0.3824
   1  0.1878
   1  0.0723
   1  0.0164
   1  0.0164
   1  0.3547
   7 -0.1187
   6  0.0416
   6  0.7032
   8 -0.6600
   6 -0.3017
   1  0.3313
   1  0.0540
   1  0.0989
   1  0.0989
   1  0.0989
   7 -0.6196
   6  0.5504
   6 -0.2532
   8 -0.4085
   6 -0.3356
   1  0.3204
   1 -0.0385
   1  0.1144
   1  0.1144
   1  0.1144
   7  0.7916
   6 -0.6572
   6  0.6212
   8 -0.5867
   6  0.8597
   6 -0.9644
   6  0.8661
   8 -0.7579
   8 -0.7579
   1 -0.4070
   1  0.2369
   1 -0.3321
   1 -0.3321
   1  0.2242
   1  0.2242
   7 -0.1229
   6 -0.1447
   1  0.0910
   1  0.0910
   1  0.0910
   1 -0.0698
  20  1.9336
   8 -0.6864
   1  0.3274
   1  0.3274
 rrms:    0.0484
