   6 -0.4542
   6  0.7123
   8 -0.6789
   1  0.1463
   1  0.1463
   1  0.1463
   7 -0.5780
   6  0.1327
   6  0.1935
   8 -0.4612
   6 -0.3216
   6  0.7822
   8 -0.7118
   8 -0.7118
   1  0.3535
   1  0.2037
   1  0.0650
   1  0.0650
   7 -0.0642
   6 -0.2628
   6  0.8881
   8 -0.6851
   6  0.1727
   6 -0.1412
   6  0.0823
   6  0.1560
   7 -0.0008
   1  0.0397
   1  0.2078
   1 -0.0295
   1 -0.0295
   1  0.0834
   1  0.0834
   1 -0.0052
   1 -0.0052
   1  0.0209
   1  0.0209
   1  0.2086
   1  0.2086
   1  0.2086
   7 -0.7642
   6  0.3611
   6  0.0590
   8 -0.4846
   6 -0.4244
   6  0.7846
   8 -0.7160
   8 -0.7160
   1  0.2890
   1  0.0892
   1  0.1333
   1  0.1333
   7 -0.0332
   6 -0.1715
   6  0.3277
   8 -0.5015
   1  0.1774
   1  0.1361
   1  0.1361
   7 -0.4074
   6  0.6830
   6  0.1645
   8 -0.4882
   6 -0.6219
   6  0.9898
   7 -0.9084
   8 -0.7052
   1  0.3297
   1 -0.2399
   1  0.1708
   1  0.1708
   1  0.4423
   1  0.4423
   7 -0.0854
   6 -0.1062
   6  0.5578
   8 -0.6132
   1  0.2117
   1  0.0385
   1  0.0385
   7 -0.5871
   6  0.3274
   6  0.6380
   8 -0.5065
   6 -0.2430
   6  0.1839
   6 -0.1958
   6 -0.1958
   6 -0.2971
   6 -0.2971
   6  0.3903
   8 -0.5202
   1  0.2976
   1  0.0338
   1  0.0864
   1  0.0864
   1  0.1561
   1  0.1561
   1  0.1640
   1  0.1640
   1  0.3972
   7 -0.7618
   6 -0.1042
   6  0.8215
   8 -0.7339
   6  0.2445
   6 -0.3414
   6 -0.5329
   6  0.0109
   1  0.3489
   1  0.0444
   1 -0.0361
   1  0.1383
   1  0.1383
   1  0.1714
   1  0.1714
   1  0.1714
   1  0.0016
   1  0.0016
   1  0.0016
   7 -0.5055
   6 -0.1178
   6  0.4491
   8 -0.5657
   6  0.4046
   8 -0.6118
   1  0.4016
   1  0.1644
   1 -0.0463
   1 -0.0463
   1  0.4137
   7 -0.3915
   6  0.3106
   6  0.5314
   8 -0.5894
   6 -0.1812
   1  0.2385
   1  0.0020
   1  0.0760
   1  0.0760
   1  0.0760
   7 -0.8774
   6  0.6137
   6  0.0091
   8 -0.4547
   6 -0.2222
   1  0.4322
   1 -0.0221
   1  0.0681
   1  0.0681
   1  0.0681
   7  0.1054
   6 -0.2051
   6  0.4152
   8 -0.5201
   6  0.4369
   6 -0.9739
   6  1.0950
   8 -0.8331
   8 -0.8331
   1  0.0874
   1  0.1984
   1 -0.1343
   1 -0.1343
   1  0.2429
   1  0.2429
   7 -0.2566
   6 -0.0289
   1  0.0627
   1  0.0627
   1  0.0627
   1  0.2400
  20  1.8314
   8 -0.6422
   1  0.3235
   1  0.3235
 rrms:    0.0486
