   6 -0.5769
   6  0.7306
   8 -0.6582
   1  0.1784
   1  0.1784
   1  0.1784
   7 -0.5945
   6  0.5645
   6  0.1701
   8 -0.4408
   6 -0.8220
   6  0.7632
   8 -0.7052
   8 -0.7052
   1  0.3164
   1 -0.0867
   1  0.2563
   1  0.2563
   7 -0.1541
   6 -0.1282
   6  0.7676
   8 -0.6075
   6 -0.2374
   6  0.0688
   6 -0.0853
   6  0.1637
   7 -0.0828
   1  0.1511
   1  0.1635
   1  0.0724
   1  0.0724
   1  0.0064
   1  0.0064
   1  0.1013
   1  0.1013
   1  0.0210
   1  0.0210
   1  0.2553
   1  0.2553
   1  0.2553
   7 -1.2057
   6  0.8649
   6  0.1629
   8 -0.4283
   6 -0.5666
   6  0.7922
   8 -0.7684
   8 -0.7684
   1  0.5502
   1 -0.0761
   1  0.1785
   1  0.1785
   7 -0.5731
   6  0.2066
   6  0.3285
   8 -0.4880
   1  0.3084
   1  0.0773
   1  0.0773
   7 -0.4594
   6  0.2653
   6  0.5295
   8 -0.5300
   6 -0.6729
   6  0.8632
   7 -0.6661
   8 -0.7066
   1  0.2460
   1 -0.0058
   1  0.2304
   1  0.2304
   1  0.3238
   1  0.3238
   7 -0.2857
   6 -0.2988
   6  0.3660
   8 -0.5235
   1  0.2768
   1  0.1603
   1  0.1603
   7 -0.4563
   6 -0.0546
   6  0.2214
   8 -0.6310
   6  0.0384
   6 -0.0785
   6 -0.0319
   6 -0.0319
   6 -0.3630
   6 -0.3630
   6  0.4280
   8 -0.5402
   1  0.3526
   1  0.1397
   1  0.0681
   1  0.0681
   1  0.0966
   1  0.0966
   1  0.1683
   1  0.1683
   1  0.4211
   7  0.0687
   6 -0.4825
   6  0.7522
   8 -0.5926
   6  0.6525
   6 -0.3110
   6 -0.6394
   6 -0.0268
   1  0.2274
   1  0.1614
   1 -0.2827
   1  0.0856
   1  0.0856
   1  0.1706
   1  0.1706
   1  0.1706
   1  0.0312
   1  0.0312
   1  0.0312
   7 -0.1987
   6 -0.4023
   6  0.6745
   8 -0.6068
   6  0.5483
   8 -0.6699
   1  0.4193
   1  0.1354
   1 -0.0971
   1 -0.0971
   1  0.4233
   7 -0.2759
   6  0.0446
   6  0.5950
   8 -0.6350
   6 -0.1514
   1  0.3010
   1  0.1098
   1  0.0482
   1  0.0482
   1  0.0482
   7 -0.8039
   6  0.8587
   6  0.2493
   8 -0.4659
   6 -0.3433
   1  0.2319
   1 -0.1345
   1  0.1068
   1  0.1068
   1  0.1068
   7 -0.5071
   6  0.1880
   6  0.0896
   8 -0.4852
   6  0.2963
   6 -0.5752
   6  1.1091
   8 -0.8997
   8 -0.8997
   1  0.3037
   1  0.1403
   1 -0.0929
   1 -0.0929
   1  0.0975
   1  0.0975
   7 -0.0786
   6  0.0400
   1  0.0438
   1  0.0438
   1  0.0438
   1  0.1677
  20  1.8601
   8 -0.6086
   1  0.3277
   1  0.3277
 rrms:    0.0496
