   6 -0.4919
   6  0.8802
   8 -0.7234
   1  0.1569
   1  0.1569
   1  0.1569
   7 -1.0624
   6  1.0743
   6 -0.0535
   8 -0.2386
   6 -1.0633
   6  0.9803
   8 -0.8133
   8 -0.8133
   1  0.4627
   1 -0.0816
   1  0.2539
   1  0.2539
   7 -0.2139
   6 -0.0552
   6  0.4230
   8 -0.5349
   6 -0.1248
   6  0.2090
   6 -0.3234
   6  0.5963
   7 -0.5045
   1  0.2931
   1  0.1075
   1  0.0722
   1  0.0722
   1 -0.0318
   1 -0.0318
   1  0.1032
   1  0.1032
   1 -0.0767
   1 -0.0767
   1  0.3583
   1  0.3583
   1  0.3583
   7 -0.3904
   6  0.4452
   6  0.2655
   8 -0.5303
   6 -0.6601
   6  0.7410
   8 -0.7599
   8 -0.7599
   1  0.3261
   1  0.0341
   1  0.1757
   1  0.1757
   7 -0.1939
   6  0.1208
   6  0.5371
   8 -0.6066
   1  0.0395
   1  0.0243
   1  0.0243
   7 -0.5475
   6  0.6723
   6 -0.1970
   8 -0.4589
   6 -0.7338
   6  0.9305
   7 -0.9654
   8 -0.6838
   1  0.3746
   1 -0.1436
   1  0.2451
   1  0.2451
   1  0.4455
   1  0.4455
   7  0.2754
   6 -0.7338
   6  1.2200
   8 -0.7088
   1  0.1873
   1  0.2460
   1  0.2460
   7 -1.3336
   6  0.7038
   6  0.7156
   8 -0.5500
   6 -0.8319
   6  0.5868
   6 -0.3896
   6 -0.3896
   6 -0.2568
   6 -0.2568
   6  0.4035
   8 -0.5338
   1  0.5051
   1 -0.1259
   1  0.2507
   1  0.2507
   1  0.2136
   1  0.2136
   1  0.1566
   1  0.1566
   1  0.3959
   7 -1.1772
   6  0.6261
   6 -0.0582
   8 -0.4642
   6 -0.0327
   6  0.3001
   6 -0.1396
   6 -0.4457
   1  0.4020
   1 -0.0655
   1  0.1443
   1 -0.0466
   1 -0.0466
   1  0.0185
   1  0.0185
   1  0.0185
   1  0.1226
   1  0.1226
   1  0.1226
   7  0.2161
   6 -0.5349
   6  0.7102
   8 -0.6160
   6  0.5457
   8 -0.6681
   1  0.2373
   1  0.2407
   1 -0.0873
   1 -0.0873
   1  0.4385
   7 -0.4980
   6  0.0133
   6  0.8436
   8 -0.5788
   6  0.1049
   1  0.1893
   1  0.0736
   1 -0.0012
   1 -0.0012
   1 -0.0012
   7 -0.8668
   6  0.4296
   6  0.0920
   8 -0.4371
   6 -0.4568
   1  0.4170
   1  0.0674
   1  0.1340
   1  0.1340
   1  0.1340
   7 -0.0766
   6 -0.5310
   6  0.8685
   8 -0.6219
   6  0.6002
   6 -0.7574
   6  0.7573
   8 -0.7009
   8 -0.7009
   1  0.1409
   1  0.1446
   1 -0.1313
   1 -0.1313
   1  0.2177
   1  0.2177
   7 -0.5313
   6  0.1464
   1  0.0032
   1  0.0032
   1  0.0032
   1  0.3840
  20  1.7027
   8 -0.6800
   1  0.3491
   1  0.3491
 rrms:    0.0547
