   6 -0.7369
   6  0.8312
   8 -0.6949
   1  0.2120
   1  0.2120
   1  0.2120
   7 -0.5904
   6  0.5804
   6  0.2202
   8 -0.4982
   6 -0.6760
   6  0.9245
   8 -0.7887
   8 -0.7887
   1  0.3267
   1 -0.0825
   1  0.2113
   1  0.2113
   7 -0.1049
   6 -0.4568
   6  0.6536
   8 -0.6135
   6  0.2300
   6 -0.1265
   6  0.0411
   6  0.2806
   7 -0.2775
   1  0.2054
   1  0.2213
   1 -0.0340
   1 -0.0340
   1  0.0209
   1  0.0209
   1  0.0490
   1  0.0490
   1 -0.0136
   1 -0.0136
   1  0.2776
   1  0.2776
   1  0.2776
   7 -0.7786
   6  0.8612
   6 -0.3353
   8 -0.4020
   6 -0.7958
   6  1.0108
   8 -0.7908
   8 -0.7908
   1  0.4240
   1 -0.0729
   1  0.2382
   1  0.2382
   7  0.5695
   6 -0.7746
   6  0.7487
   8 -0.6118
   1 -0.4434
   1  0.3071
   1  0.3071
   7 -0.2977
   6  0.2951
   6  0.3362
   8 -0.5646
   6 -0.4798
   6  0.9465
   7 -1.0038
   8 -0.6529
   1  0.1622
   1 -0.0790
   1  0.1459
   1  0.1459
   1  0.4484
   1  0.4484
   7 -0.3645
   6 -0.0071
   6  0.4353
   8 -0.6084
   1  0.3171
   1  0.0887
   1  0.0887
   7 -0.0463
   6 -0.2293
   6  0.6951
   8 -0.7493
   6 -0.0145
   6  0.1375
   6 -0.2932
   6 -0.2932
   6 -0.1618
   6 -0.1618
   6  0.2869
   8 -0.5331
   1  0.1596
   1  0.1273
   1  0.0540
   1  0.0540
   1  0.1626
   1  0.1626
   1  0.1376
   1  0.1376
   1  0.4112
   7 -0.5247
   6  0.2324
   6  0.2856
   8 -0.4573
   6  0.0205
   6 -0.0154
   6 -0.0460
   6 -0.2590
   1  0.3236
   1  0.0784
   1  0.1140
   1  0.0112
   1  0.0112
   1  0.0078
   1  0.0078
   1  0.0078
   1  0.0708
   1  0.0708
   1  0.0708
   7  0.0040
   6 -0.7649
   6  0.9584
   8 -0.5955
   6  0.3734
   8 -0.4159
   1 -0.0312
   1  0.3397
   1 -0.0858
   1 -0.0858
   1  0.3775
   7 -0.5037
   6  0.0705
   6  0.3866
   8 -0.5649
   6 -0.0768
   1  0.4999
   1  0.1210
   1  0.0413
   1  0.0413
   1  0.0413
   7 -0.4380
   6  0.3226
   6  0.1755
   8 -0.5358
   6 -0.4745
   1  0.3295
   1 -0.0377
   1  0.1693
   1  0.1693
   1  0.1693
   7 -0.1816
   6 -0.1321
   6  0.7019
   8 -0.5580
   6  0.0775
   6 -0.4338
   6  0.7211
   8 -0.7063
   8 -0.7063
   1  0.2166
   1  0.0384
   1 -0.0289
   1 -0.0289
   1  0.0813
   1  0.0813
   7 -0.4811
   6  0.0045
   1  0.0500
   1  0.0500
   1  0.0500
   1  0.4486
  20  1.9733
   8 -0.7413
   1  0.3728
   1  0.3728
 rrms:    0.0554
