   6 -0.3679
   6  0.5884
   8 -0.6521
   1  0.1236
   1  0.1236
   1  0.1236
   7 -0.3408
   6  0.1937
   6  0.4165
   8 -0.5353
   6 -0.6494
   6  0.8899
   8 -0.7708
   8 -0.7708
   1  0.2729
   1  0.1101
   1  0.1935
   1  0.1935
   7 -0.4257
   6  0.0378
   6  0.4020
   8 -0.5644
   6 -0.0546
   6  0.0198
   6 -0.1656
   6  0.3478
   7 -0.3205
   1  0.1823
   1  0.1836
   1  0.0905
   1  0.0905
   1  0.0302
   1  0.0302
   1  0.0569
   1  0.0569
   1 -0.0091
   1 -0.0091
   1  0.3094
   1  0.3094
   1  0.3094
   7 -0.4067
   6  0.7347
   6  0.0949
   8 -0.5247
   6 -0.5142
   6  0.8462
   8 -0.7370
   8 -0.7370
   1  0.0911
   1 -0.1176
   1  0.1210
   1  0.1210
   7 -0.0947
   6 -0.2262
   6  0.6899
   8 -0.6342
   1  0.1197
   1  0.1812
   1  0.1812
   7 -0.6774
   6  0.6176
   6  0.3197
   8 -0.4836
   6 -0.9334
   6  1.0324
   7 -0.9226
   8 -0.6678
   1  0.3685
   1 -0.1351
   1  0.2564
   1  0.2564
   1  0.4154
   1  0.4154
   7 -0.5369
   6  0.2366
   6  0.2997
   8 -0.5891
   1  0.3920
   1 -0.0087
   1 -0.0087
   7 -0.3500
   6  0.2597
   6  0.5742
   8 -0.5312
   6 -0.4053
   6  0.0882
   6 -0.0877
   6 -0.0877
   6 -0.4166
   6 -0.4166
   6  0.4921
   8 -0.5248
   1  0.3030
   1  0.1378
   1  0.1219
   1  0.1219
   1  0.1322
   1  0.1322
   1  0.1939
   1  0.1939
   1  0.3976
   7 -0.5037
   6 -0.0920
   6  0.8193
   8 -0.6462
   6  0.0760
   6  0.3182
   6 -0.2423
   6  0.0557
   1  0.3001
   1 -0.0110
   1 -0.0440
   1 -0.1034
   1 -0.1034
   1  0.0585
   1  0.0585
   1  0.0585
   1 -0.0295
   1 -0.0295
   1 -0.0295
   7 -0.5000
   6 -0.0874
   6  0.5669
   8 -0.5467
   6  0.4848
   8 -0.6398
   1  0.3716
   1  0.1309
   1 -0.0798
   1 -0.0798
   1  0.4261
   7 -0.6973
   6  0.3864
   6  0.2589
   8 -0.4627
   6 -0.2369
   1  0.3655
   1  0.0081
   1  0.0869
   1  0.0869
   1  0.0869
   7 -0.3315
   6  0.1726
   6  0.3442
   8 -0.5235
   6 -0.2055
   1  0.2598
   1  0.0718
   1  0.0667
   1  0.0667
   1  0.0667
   7 -0.2288
   6 -0.3601
   6  0.7197
   8 -0.5933
   6  0.0656
   6 -1.1822
   6  1.3544
   8 -0.9183
   8 -0.9183
   1  0.0964
   1  0.2172
   1  0.0235
   1  0.0235
   1  0.3438
   1  0.3438
   7 -0.3079
   6  0.0208
   1  0.0442
   1  0.0442
   1  0.0442
   1  0.3692
  20  1.7493
   8 -0.7096
   1  0.3585
   1  0.3585
 rrms:    0.0418
