   6 -0.3949
   6  0.7204
   8 -0.6090
   1  0.1241
   1  0.1241
   1  0.1241
   7 -0.6118
   6  0.3759
   6  0.4761
   8 -0.4935
   6 -0.9367
   6  1.0098
   8 -0.7662
   8 -0.7662
   1  0.3833
   1 -0.0097
   1  0.2400
   1  0.2400
   7 -0.7159
   6  0.3568
   6  0.2229
   8 -0.4796
   6 -0.0962
   6  0.3596
   6 -0.1203
   6  0.3129
   7 -0.1171
   1  0.3446
   1  0.0294
   1 -0.0154
   1 -0.0154
   1 -0.0935
   1 -0.0935
   1  0.0596
   1  0.0596
   1 -0.0421
   1 -0.0421
   1  0.2186
   1  0.2186
   1  0.2186
   7 -0.0130
   6 -0.0673
   6  0.6045
   8 -0.5757
   6 -0.2354
   6  0.6312
   8 -0.7320
   8 -0.7320
   1  0.1519
   1  0.0431
   1  0.0970
   1  0.0970
   7 -0.6565
   6 -0.0108
   6  0.7199
   8 -0.5811
   1  0.4105
   1  0.1349
   1  0.1349
   7 -0.9360
   6  0.4101
   6  0.5873
   8 -0.6382
   6 -0.8325
   6  1.1440
   7 -0.9492
   8 -0.7320
   1  0.3773
   1 -0.0203
   1  0.2509
   1  0.2509
   1  0.4232
   1  0.4232
   7 -0.3764
   6 -0.2284
   6  0.5845
   8 -0.5997
   1  0.3928
   1  0.1524
   1  0.1524
   7 -0.7381
   6  0.4752
   6  0.0859
   8 -0.5035
   6 -0.6193
   6  0.4731
   6 -0.3977
   6 -0.3977
   6 -0.1546
   6 -0.1546
   6  0.2675
   8 -0.5363
   1  0.3867
   1 -0.0131
   1  0.1848
   1  0.1848
   1  0.2049
   1  0.2049
   1  0.1396
   1  0.1396
   1  0.4138
   7 -0.1721
   6 -0.5975
   6  1.0468
   8 -0.6916
   6  0.6327
   6 -0.2275
   6 -0.7100
   6 -0.1256
   1  0.4087
   1  0.1626
   1 -0.0839
   1  0.1046
   1  0.1046
   1  0.1657
   1  0.1657
   1  0.1657
   1  0.0395
   1  0.0395
   1  0.0395
   7 -0.6849
   6  0.2112
   6  0.1778
   8 -0.4962
   6  0.1089
   8 -0.5680
   1  0.4772
   1  0.0771
   1  0.0299
   1  0.0299
   1  0.4188
   7 -0.1750
   6  0.0195
   6  0.7431
   8 -0.6362
   6 -0.4499
   1  0.2662
   1  0.1343
   1  0.1451
   1  0.1451
   1  0.1451
   7 -0.9728
   6  0.8544
   6  0.0997
   8 -0.4269
   6 -0.3865
   1  0.3056
   1 -0.1236
   1  0.1257
   1  0.1257
   1  0.1257
   7 -0.2441
   6 -0.2127
   6  0.3916
   8 -0.5677
   6  0.6589
   6 -0.9010
   6  1.0278
   8 -0.8117
   8 -0.8117
   1  0.2383
   1  0.1643
   1 -0.1934
   1 -0.1934
   1  0.2027
   1  0.2027
   7 -0.2163
   6  0.0855
   1  0.0315
   1  0.0315
   1  0.0315
   1  0.2400
  20  1.8282
   8 -0.5733
   1  0.2872
   1  0.2872
 rrms:    0.0562
