   6 -0.4880
   6  0.6938
   8 -0.6342
   1  0.1474
   1  0.1474
   1  0.1474
   7 -0.6136
   6  0.2255
   6  0.9466
   8 -0.6151
   6 -0.7608
   6  0.9317
   8 -0.7448
   8 -0.7448
   1  0.3802
   1  0.0610
   1  0.1808
   1  0.1808
   7 -1.0182
   6  0.6930
   6 -0.0073
   8 -0.4723
   6 -0.4198
   6  0.2959
   6 -0.0347
   6  0.1838
   7 -0.0467
   1  0.4218
   1 -0.0065
   1  0.1125
   1  0.1125
   1 -0.0915
   1 -0.0915
   1  0.0538
   1  0.0538
   1 -0.0062
   1 -0.0062
   1  0.2073
   1  0.2073
   1  0.2073
   7 -0.0330
   6  0.4631
   6  0.0727
   8 -0.4444
   6 -0.7759
   6  0.9716
   8 -0.8156
   8 -0.8156
   1  0.1348
   1 -0.0426
   1  0.2031
   1  0.2031
   7 -0.2692
   6 -0.1690
   6  0.8690
   8 -0.5778
   1  0.2296
   1  0.1682
   1  0.1682
   7 -1.2883
   6  1.2360
   6  0.1232
   8 -0.5462
   6 -1.3728
   6  1.4605
   7 -1.1429
   8 -0.8009
   1  0.4350
   1 -0.2928
   1  0.3749
   1  0.3749
   1  0.4394
   1  0.4394
   7 -0.0899
   6 -0.3785
   6  0.5077
   8 -0.5593
   1  0.2820
   1  0.1941
   1  0.1941
   7 -0.4443
   6  0.0658
   6  0.3664
   8 -0.5814
   6 -0.2890
   6  0.1263
   6 -0.1226
   6 -0.1226
   6 -0.4174
   6 -0.4174
   6  0.5441
   8 -0.6049
   1  0.3121
   1  0.0917
   1  0.0888
   1  0.0888
   1  0.1487
   1  0.1487
   1  0.1928
   1  0.1928
   1  0.4394
   7 -0.4965
   6 -0.1139
   6  0.6704
   8 -0.5248
   6  0.4075
   6 -0.1357
   6 -0.4238
   6 -0.0615
   1  0.5721
   1 -0.0692
   1 -0.0386
   1  0.0627
   1  0.0627
   1  0.1006
   1  0.1006
   1  0.1006
   1  0.0202
   1  0.0202
   1  0.0202
   7 -0.3301
   6 -0.0060
   6  0.1628
   8 -0.4811
   6  0.2595
   8 -0.5975
   1  0.3940
   1  0.1216
   1 -0.0002
   1 -0.0002
   1  0.4186
   7 -0.1244
   6  0.0597
   6  0.4734
   8 -0.5504
   6 -0.2839
   1  0.2284
   1  0.1038
   1  0.0961
   1  0.0961
   1  0.0961
   7 -0.5709
   6  0.6569
   6  0.1907
   8 -0.4738
   6 -0.1676
   1  0.1047
   1 -0.1136
   1  0.0652
   1  0.0652
   1  0.0652
   7 -0.3158
   6 -0.1198
   6  0.2303
   8 -0.5039
   6 -0.0035
   6 -0.7583
   6  1.0085
   8 -0.8304
   8 -0.8304
   1  0.3093
   1  0.1701
   1  0.0624
   1  0.0624
   1  0.2218
   1  0.2218
   7 -0.1339
   6  0.0985
   1  0.0217
   1  0.0217
   1  0.0217
   1  0.2289
  20  1.7937
   8 -0.5798
   1  0.3224
   1  0.3224
 rrms:    0.0531
