   6 -0.4149
   6  0.6682
   8 -0.6708
   1  0.1350
   1  0.1350
   1  0.1350
   7 -0.5526
   6  0.3136
   6  0.5309
   8 -0.5230
   6 -0.1593
   6  0.3331
   8 -0.7109
   8 -0.7109
   1  0.3533
   1 -0.1788
   1  0.0974
   1  0.0974
   7 -0.5579
   6  0.4641
   6  0.0793
   8 -0.5111
   6 -0.2738
   6  0.1251
   6 -0.2365
   6  0.3561
   7 -0.0037
   1  0.2816
   1 -0.0570
   1  0.1303
   1  0.1303
   1 -0.0037
   1 -0.0037
   1  0.1031
   1  0.1031
   1 -0.0317
   1 -0.0317
   1  0.2499
   1  0.2499
   1  0.2499
   7 -0.0029
   6  0.2308
   6 -0.0000
   8 -0.4449
   6 -0.3991
   6  0.7511
   8 -0.7518
   8 -0.7518
   1  0.0377
   1  0.0923
   1  0.1334
   1  0.1334
   7  0.1250
   6 -0.2306
   6  0.5001
   8 -0.5960
   1 -0.0894
   1  0.1482
   1  0.1482
   7 -0.0695
   6 -0.1189
   6  0.2618
   8 -0.4934
   6 -0.1978
   6  0.3009
   7 -0.6408
   8 -0.2057
   1 -0.0272
   1  0.1511
   1  0.1517
   1  0.1517
   1  0.3655
   1  0.3655
   7 -0.0306
   6 -0.1777
   6  0.4456
   8 -0.5572
   1  0.2326
   1  0.1209
   1  0.1209
   7  0.1003
   6 -0.3152
   6  0.5763
   8 -0.5613
   6  0.2204
   6 -0.4415
   6  0.2612
   6  0.2612
   6 -0.6471
   6 -0.6471
   6  0.7389
   8 -0.5869
   1 -0.0387
   1  0.1437
   1 -0.0786
   1 -0.0786
   1  0.0507
   1  0.0507
   1  0.2218
   1  0.2218
   1  0.4404
   7 -0.2972
   6 -0.5597
   6  0.9410
   8 -0.6374
   6  0.4153
   6 -0.1591
   6 -0.6341
   6 -0.0885
   1  0.2777
   1  0.1887
   1 -0.0582
   1  0.1600
   1  0.1600
   1  0.1097
   1  0.1097
   1  0.1097
   1  0.0242
   1  0.0242
   1  0.0242
   7 -0.4794
   6  0.0393
   6  0.1099
   8 -0.1705
   6 -0.1577
   8 -0.4916
   1  0.4724
   1  0.0633
   1  0.1409
   1  0.1409
   1  0.2916
   7 -0.2504
   6  0.1453
   6  0.5457
   8 -0.6282
   6 -0.3314
   1  0.3265
   1  0.0238
   1  0.1087
   1  0.1087
   1  0.1087
   7 -0.4487
   6  0.5375
   6 -0.3084
   8 -0.3711
   6 -0.5928
   1  0.3305
   1 -0.0033
   1  0.1851
   1  0.1851
   1  0.1851
   7  0.8708
   6 -0.3400
   6  0.4430
   8 -0.5658
   6  0.2477
   6 -0.8878
   6  0.8685
   8 -0.7393
   8 -0.7393
   1 -0.3002
   1  0.1284
   1 -0.0904
   1 -0.0904
   1  0.2752
   1  0.2752
   7 -0.1028
   6 -0.1685
   1  0.0984
   1  0.0984
   1  0.0984
   1 -0.0733
  20  2.0459
   8 -0.7436
   1  0.3508
   1  0.3508
 rrms:    0.0462
