   6 -0.4159
   6  0.5823
   8 -0.5909
   1  0.1220
   1  0.1220
   1  0.1220
   7 -0.2568
   6 -0.1004
   6  0.5543
   8 -0.6148
   6 -0.5693
   6  1.0382
   8 -0.7805
   8 -0.7805
   1  0.2785
   1  0.0948
   1  0.1956
   1  0.1956
   7 -0.4838
   6 -0.1209
   6  0.7641
   8 -0.6773
   6  0.0142
   6 -0.0930
   6  0.3068
   6  0.3707
   7 -0.2278
   1  0.3026
   1  0.1413
   1  0.0531
   1  0.0531
   1 -0.0016
   1 -0.0016
   1 -0.0803
   1 -0.0803
   1 -0.0802
   1 -0.0802
   1  0.2704
   1  0.2704
   1  0.2704
   7 -0.9807
   6  0.8773
   6 -0.6182
   8 -0.3269
   6 -0.9415
   6  1.0594
   8 -0.8640
   8 -0.8640
   1  0.5291
   1 -0.0096
   1  0.2893
   1  0.2893
   7  0.7503
   6 -1.0659
   6  1.1913
   8 -0.6687
   1 -0.3192
   1  0.3148
   1  0.3148
   7 -1.0486
   6  0.2948
   6  0.5427
   8 -0.6023
   6 -0.3821
   6  0.9197
   7 -0.9963
   8 -0.6962
   1  0.6716
   1 -0.1436
   1  0.1160
   1  0.1160
   1  0.4762
   1  0.4762
   7 -0.2996
   6 -0.0727
   6  0.4169
   8 -0.5740
   1  0.2723
   1  0.1034
   1  0.1034
   7 -0.2538
   6  0.1361
   6  0.5433
   8 -0.5735
   6 -0.1303
   6  0.0265
   6 -0.1323
   6 -0.1323
   6 -0.3698
   6 -0.3698
   6  0.4880
   8 -0.5617
   1  0.2281
   1  0.0363
   1  0.0454
   1  0.0454
   1  0.1649
   1  0.1649
   1  0.1875
   1  0.1875
   1  0.4075
   7 -0.3616
   6 -0.0420
   6  0.3400
   8 -0.4498
   6  0.0374
   6  0.1375
   6 -0.3802
   6 -0.1483
   1  0.3175
   1  0.1174
   1  0.0522
   1 -0.0391
   1 -0.0391
   1  0.0958
   1  0.0958
   1  0.0958
   1  0.0302
   1  0.0302
   1  0.0302
   7  0.0522
   6 -0.5315
   6  1.0294
   8 -0.6345
   6  0.5015
   8 -0.5898
   1  0.0625
   1  0.1494
   1 -0.1101
   1 -0.1101
   1  0.3753
   7 -0.7140
   6  0.3602
   6  0.3096
   8 -0.5619
   6 -0.4625
   1  0.5221
   1  0.0520
   1  0.1413
   1  0.1413
   1  0.1413
   7 -0.3811
   6 -0.0073
   6  0.5045
   8 -0.5876
   6 -0.1675
   1  0.3219
   1  0.2303
   1  0.0713
   1  0.0713
   1  0.0713
   7 -0.3918
   6 -0.0848
   6  0.6071
   8 -0.5565
   6  0.2512
   6 -0.3393
   6  0.6679
   8 -0.6867
   8 -0.6867
   1  0.2480
   1  0.0633
   1 -0.1554
   1 -0.1554
   1  0.0637
   1  0.0637
   7 -0.3954
   6  0.0681
   1  0.0308
   1  0.0308
   1  0.0308
   1  0.3757
  20  1.8863
   8 -0.7030
   1  0.3610
   1  0.3610
 rrms:    0.0587
