   6 -0.5495
   6  0.7327
   8 -0.7091
   1  0.1516
   1  0.1516
   1  0.1516
   7 -0.5994
   6  0.0634
   6  0.5225
   8 -0.5736
   6 -0.5094
   6  0.6836
   8 -0.7143
   8 -0.7143
   1  0.3932
   1  0.0410
   1  0.1245
   1  0.1245
   7 -0.2276
   6 -0.5449
   6  0.5970
   8 -0.5707
   6  0.4098
   6 -0.2559
   6  0.1367
   6  0.1491
   7 -0.1989
   1  0.4043
   1  0.1923
   1 -0.0713
   1 -0.0713
   1  0.0837
   1  0.0837
   1 -0.0307
   1 -0.0307
   1  0.0724
   1  0.0724
   1  0.2954
   1  0.2954
   1  0.2954
   7 -0.2570
   6 -0.0401
   6  0.3309
   8 -0.4873
   6 -0.3617
   6  0.7472
   8 -0.8044
   8 -0.8044
   1  0.3718
   1  0.0341
   1  0.1477
   1  0.1477
   7 -0.2875
   6 -0.1368
   6  0.6205
   8 -0.4378
   1  0.2815
   1  0.1395
   1  0.1395
   7 -0.6760
   6  0.2232
   6  0.6260
   8 -0.5990
   6 -0.5214
   6  0.7008
   7 -0.6776
   8 -0.6201
   1  0.3304
   1 -0.0786
   1  0.1810
   1  0.1810
   1  0.3285
   1  0.3285
   7 -0.4425
   6  0.0432
   6  0.4406
   8 -0.5563
   1  0.3820
   1  0.0756
   1  0.0756
   7 -0.8008
   6  0.6303
   6 -0.0897
   8 -0.5002
   6 -0.5933
   6  0.3350
   6 -0.2220
   6 -0.2220
   6 -0.3472
   6 -0.3472
   6  0.4304
   8 -0.5261
   1  0.3871
   1 -0.0400
   1  0.1825
   1  0.1825
   1  0.1494
   1  0.1494
   1  0.1823
   1  0.1823
   1  0.4053
   7 -0.0746
   6 -0.3841
   6  0.5798
   8 -0.5094
   6  0.5865
   6 -0.1598
   6 -0.5070
   6 -0.0912
   1  0.4275
   1  0.1147
   1 -0.1727
   1  0.0453
   1  0.0453
   1  0.1062
   1  0.1062
   1  0.1062
   1  0.0346
   1  0.0346
   1  0.0346
   7 -0.0829
   6 -0.3687
   6  0.4661
   8 -0.5413
   6  0.3711
   8 -0.5886
   1  0.3701
   1  0.1922
   1 -0.0374
   1 -0.0374
   1  0.4089
   7 -0.2930
   6  0.0563
   6  0.5696
   8 -0.5714
   6 -0.0908
   1  0.3058
   1  0.1236
   1  0.0342
   1  0.0342
   1  0.0342
   7 -0.7399
   6  0.4913
   6  0.2950
   8 -0.4363
   6 -0.5461
   1  0.2299
   1 -0.0120
   1  0.1723
   1  0.1723
   1  0.1723
   7 -0.2629
   6 -0.2173
   6  0.4151
   8 -0.5673
   6  0.3563
   6 -0.5864
   6  0.9789
   8 -0.8272
   8 -0.8272
   1  0.2669
   1  0.2078
   1 -0.1032
   1 -0.1032
   1  0.1284
   1  0.1284
   7 -0.1743
   6 -0.0920
   1  0.0751
   1  0.0751
   1  0.0751
   1  0.2444
  20  1.8407
   8 -0.6251
   1  0.3224
   1  0.3224
 rrms:    0.0514
