   6 -0.4817
   6  0.5857
   8 -0.6303
   1  0.1597
   1  0.1597
   1  0.1597
   7 -0.3849
   6  0.3370
   6  0.5754
   8 -0.5983
   6 -0.5771
   6  0.7501
   8 -0.7035
   8 -0.7035
   1  0.1722
   1 -0.0005
   1  0.1731
   1  0.1731
   7 -0.5944
   6  0.0653
   6  0.4894
   8 -0.5729
   6  0.0378
   6 -0.0628
   6  0.0364
   6  0.2773
   7 -0.1419
   1  0.4101
   1  0.0931
   1  0.0143
   1  0.0143
   1  0.0187
   1  0.0187
   1  0.0269
   1  0.0269
   1 -0.0073
   1 -0.0073
   1  0.2480
   1  0.2480
   1  0.2480
   7 -0.5354
   6  0.4597
   6  0.0160
   8 -0.4451
   6 -0.7117
   6  1.1110
   8 -0.8594
   8 -0.8594
   1  0.2912
   1  0.0274
   1  0.1988
   1  0.1988
   7  0.0940
   6 -0.2465
   6  0.6336
   8 -0.6399
   1  0.0199
   1  0.1371
   1  0.1371
   7 -0.5247
   6  0.5755
   6 -0.0031
   8 -0.4615
   6 -0.9740
   6  0.9803
   7 -0.8302
   8 -0.6586
   1  0.3741
   1 -0.0781
   1  0.3092
   1  0.3092
   1  0.3815
   1  0.3815
   7 -0.0753
   6 -0.0532
   6  0.3368
   8 -0.5486
   1  0.2312
   1  0.0737
   1  0.0737
   7  0.0434
   6 -0.3670
   6  0.8041
   8 -0.6248
   6  0.3443
   6 -0.1912
   6 -0.0710
   6 -0.0710
   6 -0.2994
   6 -0.2994
   6  0.4170
   8 -0.5697
   1  0.0430
   1  0.1934
   1 -0.0628
   1 -0.0628
   1  0.1161
   1  0.1161
   1  0.1655
   1  0.1655
   1  0.4259
   7 -0.4658
   6 -0.5185
   6  0.9741
   8 -0.6586
   6  0.2549
   6  0.2179
   6 -0.7425
   6 -0.5111
   1  0.2931
   1  0.1828
   1  0.0432
   1 -0.0058
   1 -0.0058
   1  0.2049
   1  0.2049
   1  0.2049
   1  0.1356
   1  0.1356
   1  0.1356
   7 -0.8567
   6  0.3810
   6  0.5222
   8 -0.5486
   6  0.3208
   8 -0.5756
   1  0.4448
   1  0.0502
   1 -0.0368
   1 -0.0368
   1  0.4322
   7 -0.9340
   6  0.4596
   6  0.2354
   8 -0.4496
   6 -0.2263
   1  0.3721
   1  0.0272
   1  0.0901
   1  0.0901
   1  0.0901
   7 -0.2692
   6  0.2738
   6  0.2077
   8 -0.4708
   6 -0.4434
   1  0.2019
   1  0.0666
   1  0.1335
   1  0.1335
   1  0.1335
   7 -0.0505
   6 -0.5114
   6  0.9479
   8 -0.6610
   6  0.6771
   6 -0.9517
   6  1.1080
   8 -0.8285
   8 -0.8285
   1  0.0515
   1  0.1856
   1 -0.1929
   1 -0.1929
   1  0.1928
   1  0.1928
   7 -0.5223
   6 -0.0542
   1  0.0671
   1  0.0671
   1  0.0671
   1  0.4140
  20  1.7840
   8 -0.5956
   1  0.3110
   1  0.3110
 rrms:    0.0460
