   6 -0.5934
   6  0.7696
   8 -0.6750
   1  0.1820
   1  0.1820
   1  0.1820
   7 -0.6285
   6  0.5449
   6  0.2563
   8 -0.4705
   6 -0.7605
   6  0.7469
   8 -0.7352
   8 -0.7352
   1  0.3211
   1 -0.0684
   1  0.2330
   1  0.2330
   7 -0.2968
   6 -0.0305
   6  0.8375
   8 -0.6413
   6 -0.0538
   6  0.0167
   6 -0.0096
   6  0.1877
   7 -0.0200
   1  0.1684
   1  0.0883
   1  0.0190
   1  0.0190
   1  0.0330
   1  0.0330
   1  0.0435
   1  0.0435
   1  0.0227
   1  0.0227
   1  0.2422
   1  0.2422
   1  0.2422
   7 -1.3740
   6  1.5725
   6 -0.3916
   8 -0.3450
   6 -1.5767
   6  1.1056
   8 -0.8188
   8 -0.8188
   1  0.6262
   1 -0.2860
   1  0.4201
   1  0.4201
   7  0.3705
   6 -0.4971
   6  0.8283
   8 -0.6026
   1  0.0355
   1  0.1900
   1  0.1900
   7 -0.8690
   6  0.3966
   6  0.4531
   8 -0.4839
   6 -0.4774
   6  0.9192
   7 -0.9319
   8 -0.6660
   1  0.3746
   1 -0.1378
   1  0.1625
   1  0.1625
   1  0.4266
   1  0.4266
   7 -0.2669
   6 -0.1192
   6  0.5681
   8 -0.6019
   1  0.2578
   1  0.1118
   1  0.1118
   7 -0.7591
   6  0.5557
   6 -0.0054
   8 -0.4959
   6 -0.3217
   6  0.0954
   6 -0.1004
   6 -0.1004
   6 -0.4321
   6 -0.4321
   6  0.5297
   8 -0.5582
   1  0.3719
   1 -0.0680
   1  0.1671
   1  0.1671
   1  0.1202
   1  0.1202
   1  0.1833
   1  0.1833
   1  0.4115
   7 -0.0980
   6 -0.4510
   6  0.6071
   8 -0.5759
   6  0.5829
   6 -0.4145
   6 -0.4209
   6  0.0644
   1  0.2468
   1  0.2093
   1 -0.1419
   1  0.1007
   1  0.1007
   1  0.1223
   1  0.1223
   1  0.1223
   1  0.0005
   1  0.0005
   1  0.0005
   7  0.1680
   6 -0.8002
   6  1.0360
   8 -0.6777
   6  0.7009
   8 -0.7398
   1  0.2690
   1  0.2158
   1 -0.1440
   1 -0.1440
   1  0.4649
   7 -0.6732
   6  0.5079
   6  0.2808
   8 -0.5713
   6 -0.1553
   1  0.3417
   1 -0.0108
   1  0.0384
   1  0.0384
   1  0.0384
   7 -0.2023
   6  0.1105
   6  0.4014
   8 -0.4976
   6 -0.1216
   1 -0.0080
   1  0.0568
   1  0.0565
   1  0.0565
   1  0.0565
   7 -0.3270
   6 -0.1690
   6  0.4010
   8 -0.5508
   6  0.3120
   6 -0.5104
   6  0.9123
   8 -0.8435
   8 -0.8435
   1  0.2959
   1  0.1750
   1 -0.0772
   1 -0.0772
   1  0.1206
   1  0.1206
   7 -0.2515
   6  0.0718
   1  0.0326
   1  0.0326
   1  0.0326
   1  0.2746
  20  1.8952
   8 -0.6638
   1  0.3375
   1  0.3375
 rrms:    0.0469
