   6 -0.4905
   6  0.6584
   8 -0.6356
   1  0.1600
   1  0.1600
   1  0.1600
   7 -0.4337
   6  0.1957
   6  0.4589
   8 -0.5079
   6 -0.7136
   6  0.7455
   8 -0.7070
   8 -0.7070
   1  0.2606
   1  0.0331
   1  0.2390
   1  0.2390
   7 -0.3211
   6  0.2125
   6  0.3277
   8 -0.5310
   6 -0.5039
   6  0.3096
   6 -0.0643
   6  0.1621
   7 -0.0036
   1  0.1376
   1  0.0634
   1  0.1498
   1  0.1498
   1 -0.0410
   1 -0.0410
   1  0.0838
   1  0.0838
   1  0.0128
   1  0.0128
   1  0.2470
   1  0.2470
   1  0.2470
   7 -0.5079
   6  0.6269
   6  0.1362
   8 -0.4861
   6 -0.7789
   6  1.1503
   8 -0.8190
   8 -0.8190
   1  0.1533
   1  0.0111
   1  0.1793
   1  0.1793
   7 -0.0982
   6 -0.5188
   6  0.8047
   8 -0.6069
   1  0.2174
   1  0.2363
   1  0.2363
   7 -0.8192
   6  0.2772
   6  0.4302
   8 -0.5335
   6 -0.3892
   6  0.7813
   7 -0.7501
   8 -0.6916
   1  0.3577
   1 -0.0042
   1  0.1370
   1  0.1370
   1  0.3835
   1  0.3835
   7 -0.3568
   6 -0.1569
   6  0.3480
   8 -0.4588
   1  0.3444
   1  0.1486
   1  0.1486
   7 -0.3867
   6  0.1721
   6  0.2497
   8 -0.5928
   6 -0.2604
   6  0.2928
   6 -0.3081
   6 -0.3081
   6 -0.2249
   6 -0.2249
   6  0.3480
   8 -0.5476
   1  0.2912
   1  0.0543
   1  0.1159
   1  0.1159
   1  0.1629
   1  0.1629
   1  0.1597
   1  0.1597
   1  0.4040
   7 -0.3516
   6 -0.3202
   6  0.7276
   8 -0.5903
   6  0.6441
   6 -0.1805
   6 -0.7863
   6  0.3386
   1  0.3188
   1  0.1294
   1 -0.1561
   1  0.0230
   1  0.0230
   1  0.1750
   1  0.1750
   1  0.1750
   1 -0.0682
   1 -0.0682
   1 -0.0682
   7 -0.1725
   6 -0.4466
   6  0.7449
   8 -0.6131
   6  0.5601
   8 -0.7649
   1  0.3652
   1  0.1392
   1 -0.0991
   1 -0.0991
   1  0.4649
   7 -0.1909
   6  0.1031
   6  0.4649
   8 -0.5764
   6 -0.5458
   1  0.2835
   1  0.1199
   1  0.1630
   1  0.1630
   1  0.1630
   7 -0.3649
   6  0.2768
   6  0.5122
   8 -0.5453
   6  0.0313
   1 -0.0075
   1  0.0018
   1  0.0216
   1  0.0216
   1  0.0216
   7 -0.7401
   6  0.1695
   6  0.1506
   8 -0.4978
   6  0.1711
   6 -0.5554
   6  1.0957
   8 -0.8861
   8 -0.8861
   1  0.4238
   1  0.1287
   1 -0.0475
   1 -0.0475
   1  0.1183
   1  0.1183
   7 -0.0394
   6 -0.1202
   1  0.0883
   1  0.0883
   1  0.0883
   1  0.2143
  20  1.7082
   8 -0.6390
   1  0.3282
   1  0.3282
 rrms:    0.0481
