   6 -0.6578
   6  0.8203
   8 -0.6524
   1  0.1971
   1  0.1971
   1  0.1971
   7 -0.6771
   6  0.3844
   6  0.3067
   8 -0.4835
   6 -0.0595
   6  0.2766
   8 -0.6365
   8 -0.6365
   1  0.3914
   1 -0.0527
   1  0.0650
   1  0.0650
   7  0.0569
   6 -0.0307
   6  0.2936
   8 -0.5734
   6  0.0842
   6  0.1229
   6 -0.0350
   6  0.1836
   7 -0.1361
   1  0.0296
   1  0.0840
   1 -0.0122
   1 -0.0122
   1  0.0110
   1  0.0110
   1  0.0276
   1  0.0276
   1  0.0147
   1  0.0147
   1  0.2905
   1  0.2905
   1  0.2905
   7 -0.3300
   6  0.4808
   6  0.0055
   8 -0.4242
   6 -0.4349
   6  0.9158
   8 -0.8197
   8 -0.8197
   1  0.0730
   1  0.0128
   1  0.1096
   1  0.1096
   7  0.0489
   6 -0.0860
   6  0.3265
   8 -0.5663
   1  0.1129
   1  0.0983
   1  0.0983
   7 -0.0682
   6  0.1440
   6  0.0128
   8 -0.4173
   6 -0.3190
   6  0.6734
   7 -0.7444
   8 -0.5345
   1  0.0265
   1  0.0862
   1  0.1226
   1  0.1226
   1  0.3875
   1  0.3875
   7  0.0590
   6 -0.4792
   6  0.7691
   8 -0.6289
   1 -0.0506
   1  0.1909
   1  0.1909
   7 -0.4990
   6 -0.2814
   6  0.6926
   8 -0.6432
   6 -0.0290
   6  0.0186
   6 -0.0540
   6 -0.0540
   6 -0.4631
   6 -0.4631
   6  0.5869
   8 -0.5530
   1  0.6697
   1  0.1812
   1  0.0216
   1  0.0216
   1  0.1185
   1  0.1185
   1  0.1913
   1  0.1913
   1  0.4007
   7 -0.5113
   6 -0.2232
   6  1.0362
   8 -0.6760
   6  0.5071
   6 -0.0022
   6 -0.7017
   6 -0.3099
   1  0.2680
   1  0.0700
   1 -0.1526
   1  0.0344
   1  0.0344
   1  0.1576
   1  0.1576
   1  0.1576
   1  0.0896
   1  0.0896
   1  0.0896
   7 -0.9815
   6  0.6511
   6 -0.0909
   8  0.0259
   6  0.0180
   8 -0.5646
   1  0.5179
   1 -0.0654
   1  0.0480
   1  0.0480
   1  0.4231
   7 -0.2341
   6  0.0721
   6  0.4167
   8 -0.5892
   6 -0.0876
   1  0.2634
   1  0.0608
   1  0.0333
   1  0.0333
   1  0.0333
   7 -0.2463
   6  0.1923
   6  0.0132
   8 -0.4493
   6 -0.2727
   1  0.2390
   1  0.0623
   1  0.0926
   1  0.0926
   1  0.0926
   7  0.5163
   6 -0.4805
   6  0.4778
   8 -0.5948
   6  0.8896
   6 -1.2551
   6  1.2024
   8 -0.8777
   8 -0.8777
   1 -0.1008
   1  0.1906
   1 -0.3416
   1 -0.3416
   1  0.2933
   1  0.2933
   7 -0.0932
   6 -0.1163
   1  0.0790
   1  0.0790
   1  0.0790
   1 -0.0381
  20  1.9809
   8 -0.6621
   1  0.3212
   1  0.3212
 rrms:    0.0442
