   6 -0.5335
   6  0.6728
   8 -0.5526
   1  0.1692
   1  0.1692
   1  0.1692
   7 -0.7717
   6  0.6090
   6  0.4474
   8 -0.4813
   6 -0.3441
   6  0.6899
   8 -0.8192
   8 -0.8192
   1  0.4366
   1 -0.1885
   1  0.0860
   1  0.0860
   7 -0.3390
   6  0.1931
   6  0.2615
   8 -0.5757
   6 -0.0767
   6  0.0817
   6 -0.1236
   6  0.4171
   7 -0.1668
   1  0.1790
   1  0.0186
   1  0.0546
   1  0.0546
   1  0.0288
   1  0.0288
   1  0.0372
   1  0.0372
   1 -0.0377
   1 -0.0377
   1  0.2838
   1  0.2838
   1  0.2838
   7 -0.2328
   6  0.3609
   6 -0.0028
   8 -0.4419
   6 -0.4965
   6  0.8609
   8 -0.8145
   8 -0.8145
   1  0.0178
   1  0.0527
   1  0.1527
   1  0.1527
   7  0.2194
   6 -0.3312
   6  0.5164
   8 -0.5895
   1 -0.0579
   1  0.1631
   1  0.1631
   7 -0.0864
   6 -0.0683
   6  0.2849
   8 -0.5362
   6 -0.0276
   6  0.3729
   7 -0.7856
   8 -0.4994
   1  0.0616
   1  0.1084
   1  0.0816
   1  0.0816
   1  0.4029
   1  0.4029
   7  0.0435
   6 -0.6411
   6  0.8531
   8 -0.6427
   1  0.1643
   1  0.2212
   1  0.2212
   7 -0.6478
   6  0.0260
   6  0.9796
   8 -0.8626
   6 -0.3705
   6  0.1594
   6 -0.0401
   6 -0.0401
   6 -0.5438
   6 -0.5438
   6  0.6265
   8 -0.5337
   1  0.4759
   1  0.0417
   1  0.1015
   1  0.1015
   1  0.1806
   1  0.1806
   1  0.2159
   1  0.2159
   1  0.3858
   7 -0.7946
   6  0.1546
   6  0.4320
   8 -0.4887
   6  0.1471
   6  0.0323
   6 -0.3731
   6 -0.3078
   1  0.3413
   1  0.0037
   1  0.0316
   1  0.0518
   1  0.0518
   1  0.0768
   1  0.0768
   1  0.0768
   1  0.0883
   1  0.0883
   1  0.0883
   7  0.0083
   6 -0.3976
   6  0.5837
   8 -0.4106
   6  0.4971
   8 -0.6387
   1  0.0745
   1  0.1529
   1 -0.0833
   1 -0.0833
   1  0.4306
   7 -0.4548
   6  0.2463
   6  0.2689
   8 -0.5728
   6 -0.2125
   1  0.3416
   1  0.0100
   1  0.0696
   1  0.0696
   1  0.0696
   7 -0.2238
   6  0.2179
   6  0.2502
   8 -0.5226
   6 -0.2556
   1  0.2902
   1  0.0115
   1  0.0834
   1  0.0834
   1  0.0834
   7  0.1912
   6 -0.4740
   6  0.6677
   8 -0.6164
   6  0.4898
   6 -0.8112
   6  1.0213
   8 -0.8540
   8 -0.8540
   1  0.1058
   1  0.1979
   1 -0.1183
   1 -0.1183
   1  0.1125
   1  0.1125
   7 -0.3135
   6 -0.0375
   1  0.0635
   1  0.0635
   1  0.0635
   1  0.1986
  20  2.2531
   8 -0.7261
   1  0.3534
   1  0.3534
 rrms:    0.0421
