   6 -0.4858
   6  0.7069
   8 -0.6232
   1  0.1512
   1  0.1512
   1  0.1512
   7 -0.5831
   6  0.3435
   6  0.2519
   8 -0.5004
   6 -0.1256
   6  0.3458
   8 -0.5932
   8 -0.5932
   1  0.3640
   1 -0.0141
   1  0.0812
   1  0.0812
   7  0.0994
   6 -0.1416
   6  0.5237
   8 -0.6097
   6  0.1190
   6 -0.2064
   6  0.2213
   6  0.2481
   7 -0.2941
   1 -0.2380
   1  0.1100
   1 -0.0271
   1 -0.0271
   1  0.0780
   1  0.0780
   1 -0.0252
   1 -0.0252
   1 -0.0008
   1 -0.0008
   1  0.3228
   1  0.3228
   1  0.3228
   7 -0.4007
   6  0.5909
   6 -0.1579
   8 -0.4357
   6 -1.2264
   6  0.9324
   8 -0.8613
   8 -0.8613
   1  0.4348
   1  0.0060
   1  0.3589
   1  0.3589
   7  0.2980
   6 -0.1749
   6  0.4028
   8 -0.5581
   1 -0.1093
   1  0.1620
   1  0.1620
   7  0.2528
   6 -0.4927
   6  0.6438
   8 -0.5122
   6  0.0778
   6  0.4139
   7 -0.5072
   8 -0.2149
   1 -0.9991
   1  0.2074
   1  0.0680
   1  0.0680
   1  0.3066
   1  0.3066
   7 -0.2528
   6 -0.1281
   6  0.4915
   8 -0.5641
   1  0.3994
   1  0.1207
   1  0.1207
   7 -0.1573
   6 -0.2576
   6  0.6344
   8 -0.6164
   6 -0.1676
   6  0.0967
   6 -0.2253
   6 -0.2253
   6 -0.2315
   6 -0.2315
   6  0.3202
   8 -0.5144
   1  0.1847
   1  0.1002
   1  0.0812
   1  0.0812
   1  0.1781
   1  0.1781
   1  0.1474
   1  0.1474
   1  0.3904
   7 -0.3398
   6 -0.0972
   6  0.4987
   8 -0.5461
   6  0.3645
   6  0.0591
   6 -0.6610
   6 -0.2331
   1  0.2726
   1 -0.0043
   1 -0.1001
   1  0.0109
   1  0.0109
   1  0.1505
   1  0.1505
   1  0.1505
   1  0.0631
   1  0.0631
   1  0.0631
   7  0.1930
   6 -0.5528
   6  0.5446
   8 -0.3896
   6  0.4175
   8 -0.5900
   1 -0.0107
   1  0.1815
   1 -0.0418
   1 -0.0418
   1  0.2553
   7 -0.5060
   6  0.3200
   6  0.4397
   8 -0.6289
   6 -0.3758
   1  0.4308
   1  0.0115
   1  0.1171
   1  0.1171
   1  0.1171
   7 -0.3946
   6  0.3116
   6  0.0256
   8 -0.4723
   6 -0.3143
   1  0.3267
   1  0.0090
   1  0.1056
   1  0.1056
   1  0.1056
   7  0.4840
   6 -0.5198
   6  0.5875
   8 -0.6009
   6  0.7215
   6 -0.6310
   6  0.6636
   8 -0.6110
   8 -0.6110
   1 -0.1745
   1  0.2322
   1 -0.2331
   1 -0.2331
   1  0.1954
   1  0.1954
   7 -0.2451
   6 -0.0469
   1  0.0555
   1  0.0555
   1  0.0555
   1  0.0888
  20  2.2693
   8 -0.5744
   1  0.2922
   1  0.2922
 rrms:    0.0433
