   6 -0.4575
   6  0.6824
   8 -0.6577
   1  0.1427
   1  0.1427
   1  0.1427
   7 -0.5483
   6  0.4520
   6  0.3731
   8 -0.6225
   6 -0.4346
   6  0.8126
   8 -0.7058
   8 -0.7058
   1  0.2949
   1 -0.0125
   1  0.1265
   1  0.1265
   7 -0.4228
   6 -0.0037
   6  0.7590
   8 -0.6100
   6 -0.0996
   6  0.0247
   6 -0.1826
   6  0.4530
   7 -0.2740
   1  0.2117
   1  0.1259
   1  0.0462
   1  0.0462
   1  0.0215
   1  0.0215
   1  0.0912
   1  0.0912
   1 -0.0714
   1 -0.0714
   1  0.3215
   1  0.3215
   1  0.3215
   7 -0.7600
   6  0.6759
   6  0.1462
   8 -0.5782
   6 -0.7337
   6  1.0896
   8 -0.7931
   8 -0.7931
   1  0.3329
   1 -0.0198
   1  0.1917
   1  0.1917
   7 -0.5238
   6 -0.0690
   6  1.0610
   8 -0.6114
   1  0.3069
   1  0.1863
   1  0.1863
   7 -1.4135
   6  1.4770
   6 -0.0264
   8 -0.3991
   6 -1.3899
   6  1.4329
   7 -1.0539
   8 -0.7619
   1  0.5831
   1 -0.8432
   1  0.3568
   1  0.3568
   1  0.4228
   1  0.4228
   7 -0.2508
   6  0.0273
   6  0.3289
   8 -0.5681
   1  0.3160
   1  0.0584
   1  0.0584
   7 -0.0764
   6  0.1971
   6  0.2129
   8 -0.3227
   6 -0.2018
   6  0.0794
   6 -0.1535
   6 -0.1535
   6 -0.3539
   6 -0.3539
   6  0.4617
   8 -0.5469
   1  0.1699
   1  0.0485
   1  0.0740
   1  0.0740
   1  0.1499
   1  0.1499
   1  0.1741
   1  0.1741
   1  0.4085
   7  0.1038
   6 -1.0356
   6  1.3263
   8 -0.8034
   6  0.6302
   6 -0.4287
   6 -0.5242
   6 -0.0063
   1  0.2098
   1  0.2888
   1 -0.1230
   1  0.1237
   1  0.1237
   1  0.1136
   1  0.1136
   1  0.1136
   1  0.0247
   1  0.0247
   1  0.0247
   7 -0.7756
   6 -0.0005
   6  0.7118
   8 -0.6102
   6  0.3510
   8 -0.6069
   1  0.4580
   1  0.1479
   1 -0.0249
   1 -0.0249
   1  0.4236
   7 -1.0367
   6  0.6657
   6  0.2809
   8 -0.4598
   6 -0.3723
   1  0.4546
   1 -0.0699
   1  0.1247
   1  0.1247
   1  0.1247
   7 -0.5826
   6  0.3565
   6  0.2321
   8 -0.4861
   6 -0.1975
   1  0.3430
   1  0.0246
   1  0.0641
   1  0.0641
   1  0.0641
   7 -0.1802
   6 -0.3688
   6  0.7097
   8 -0.5910
   6  0.2073
   6 -0.9038
   6  0.9506
   8 -0.7782
   8 -0.7782
   1  0.1509
   1  0.2482
   1 -0.0205
   1 -0.0205
   1  0.2496
   1  0.2496
   7 -0.2725
   6 -0.2263
   1  0.1097
   1  0.1097
   1  0.1097
   1  0.3211
  20  1.5034
   8 -0.6145
   1  0.3309
   1  0.3309
 rrms:    0.0479
