   6 -0.5859
   6  0.8371
   8 -0.6747
   1  0.1766
   1  0.1766
   1  0.1766
   7 -0.7398
   6  0.4819
   6  0.0654
   8 -0.5642
   6 -0.4575
   6  0.7483
   8 -0.7207
   8 -0.7207
   1  0.3299
   1  0.0315
   1  0.1451
   1  0.1451
   7 -0.4983
   6  0.1359
   6  0.5188
   8 -0.5725
   6  0.1585
   6 -0.2014
   6  0.0646
   6  0.3473
   7 -0.2781
   1  0.3150
   1  0.0595
   1  0.0528
   1  0.0528
   1  0.0340
   1  0.0340
   1 -0.0002
   1 -0.0002
   1 -0.0217
   1 -0.0217
   1  0.2962
   1  0.2962
   1  0.2962
   7 -0.7446
   6  0.7564
   6 -0.1436
   8 -0.4051
   6 -1.0686
   6  1.1823
   8 -0.8585
   8 -0.8585
   1  0.5683
   1 -0.0754
   1  0.2809
   1  0.2809
   7 -0.0530
   6 -0.4004
   6  0.8223
   8 -0.6300
   1  0.1894
   1  0.2144
   1  0.2144
   7 -0.7715
   6  0.3560
   6  0.6320
   8 -0.6003
   6 -0.6555
   6  0.9879
   7 -0.8843
   8 -0.7143
   1  0.3187
   1 -0.0822
   1  0.1726
   1  0.1726
   1  0.4096
   1  0.4096
   7 -0.3095
   6 -0.2865
   6  0.5200
   8 -0.5713
   1  0.3814
   1  0.1545
   1  0.1545
   7 -0.4591
   6  0.0578
   6  0.1459
   8 -0.4759
   6 -0.2831
   6  0.1468
   6 -0.1795
   6 -0.1795
   6 -0.3664
   6 -0.3664
   6  0.4901
   8 -0.5547
   1  0.3268
   1  0.0986
   1  0.1061
   1  0.1061
   1  0.1538
   1  0.1538
   1  0.1776
   1  0.1776
   1  0.4203
   7 -0.1573
   6 -0.6969
   6  1.0037
   8 -0.6354
   6  0.6004
   6 -0.0552
   6 -0.5056
   6 -0.0960
   1  0.3830
   1  0.1385
   1 -0.1084
   1  0.0495
   1  0.0495
   1  0.1014
   1  0.1014
   1  0.1014
   1  0.0248
   1  0.0248
   1  0.0248
   7 -0.4601
   6 -0.1568
   6  0.4355
   8 -0.5549
   6  0.3008
   8 -0.5572
   1  0.4477
   1  0.1519
   1 -0.0262
   1 -0.0262
   1  0.3940
   7 -0.2507
   6  0.0574
   6  0.3728
   8 -0.5416
   6 -0.0852
   1  0.2898
   1  0.1239
   1  0.0457
   1  0.0457
   1  0.0457
   7 -0.2138
   6  0.2125
   6  0.3956
   8 -0.5427
   6  0.0112
   1 -0.0405
   1 -0.0148
   1  0.0247
   1  0.0247
   1  0.0247
   7 -0.4728
   6 -0.0751
   6  0.3185
   8 -0.5191
   6  0.1508
   6 -0.5590
   6  0.8650
   8 -0.8111
   8 -0.8111
   1  0.3535
   1  0.2104
   1 -0.0237
   1 -0.0237
   1  0.1427
   1  0.1427
   7 -0.1588
   6 -0.0921
   1  0.0771
   1  0.0771
   1  0.0771
   1  0.2842
  20  1.8771
   8 -0.6776
   1  0.3429
   1  0.3429
 rrms:    0.0491
