   6 -0.4443
   6  0.6718
   8 -0.6749
   1  0.1367
   1  0.1367
   1  0.1367
   7 -0.4643
   6  0.2284
   6  0.6230
   8 -0.5858
   6 -0.6485
   6  0.8416
   8 -0.7696
   8 -0.7696
   1  0.3032
   1  0.1701
   1  0.1604
   1  0.1604
   7 -0.6721
   6  0.4749
   6  0.2012
   8 -0.4934
   6 -0.2813
   6  0.2690
   6 -0.1042
   6  0.4827
   7 -0.3914
   1  0.2567
   1 -0.0159
   1  0.1147
   1  0.1147
   1 -0.0869
   1 -0.0869
   1  0.0513
   1  0.0513
   1 -0.0626
   1 -0.0626
   1  0.3507
   1  0.3507
   1  0.3507
   7 -0.2691
   6  0.3906
   6 -0.1322
   8 -0.4139
   6 -0.1623
   6  0.7536
   8 -0.7042
   8 -0.7042
   1  0.0396
   1  0.0156
   1  0.0442
   1  0.0442
   7  0.3853
   6 -0.7660
   6  0.8903
   8 -0.6768
   1 -0.0782
   1  0.2391
   1  0.2391
   7 -0.5371
   6  0.3282
   6  0.2819
   8 -0.4936
   6 -0.4366
   6  0.7854
   7 -0.8980
   8 -0.6119
   1  0.2989
   1  0.0910
   1  0.1500
   1  0.1500
   1  0.4368
   1  0.4368
   7 -0.2803
   6 -0.0536
   6  0.4936
   8 -0.5986
   1  0.2935
   1  0.0126
   1  0.0126
   7 -0.4959
   6  0.1402
   6  0.5206
   8 -0.5365
   6 -0.1574
   6  0.3632
   6 -0.3675
   6 -0.3675
   6 -0.1491
   6 -0.1491
   6  0.2634
   8 -0.5220
   1  0.3269
   1  0.0781
   1  0.0284
   1  0.0284
   1  0.1760
   1  0.1760
   1  0.1561
   1  0.1561
   1  0.3917
   7 -0.2597
   6 -0.1594
   6  0.7279
   8 -0.6622
   6  0.0583
   6  0.3618
   6 -0.0045
   6 -0.6657
   1  0.2063
   1  0.0965
   1 -0.0224
   1 -0.0893
   1 -0.0893
   1 -0.0239
   1 -0.0239
   1 -0.0239
   1  0.1736
   1  0.1736
   1  0.1736
   7 -0.5484
   6 -0.0512
   6  0.6436
   8 -0.5486
   6  0.5057
   8 -0.6220
   1  0.3075
   1  0.1315
   1 -0.0708
   1 -0.0708
   1  0.4336
   7 -0.9734
   6  0.6989
   6  0.3581
   8 -0.4886
   6 -0.3889
   1  0.4667
   1 -0.0759
   1  0.1285
   1  0.1285
   1  0.1285
   7 -0.6720
   6  0.4031
   6 -0.0286
   8 -0.4208
   6 -0.5132
   1  0.3468
   1  0.0547
   1  0.1613
   1  0.1613
   1  0.1613
   7  0.3192
   6 -0.8062
   6  0.9426
   8 -0.6418
   6  0.5741
   6 -0.9779
   6  0.8884
   8 -0.7575
   8 -0.7575
   1 -0.0248
   1  0.2600
   1 -0.1138
   1 -0.1138
   1  0.3007
   1  0.3007
   7 -0.5656
   6  0.0642
   1  0.0301
   1  0.0301
   1  0.0301
   1  0.4354
  20  1.7638
   8 -0.6501
   1  0.3482
   1  0.3482
 rrms:    0.0470
