   6 -0.5885
   6  1.0114
   8 -0.7353
   1  0.1783
   1  0.1783
   1  0.1783
   7 -1.0561
   6  0.9033
   6 -0.0699
   8 -0.4121
   6 -0.7238
   6  0.9888
   8 -0.7752
   8 -0.7752
   1  0.3889
   1 -0.0961
   1  0.1904
   1  0.1904
   7 -0.2453
   6  0.0625
   6  0.2339
   8 -0.5133
   6 -0.0826
   6 -0.0721
   6  0.0108
   6  0.3309
   7 -0.2737
   1  0.2077
   1  0.1049
   1  0.0811
   1  0.0811
   1  0.0202
   1  0.0202
   1  0.0172
   1  0.0172
   1 -0.0183
   1 -0.0183
   1  0.2886
   1  0.2886
   1  0.2886
   7 -0.1542
   6  0.4276
   6  0.2406
   8 -0.4481
   6 -0.5179
   6  0.9932
   8 -0.8701
   8 -0.8701
   1  0.1571
   1 -0.0288
   1  0.1185
   1  0.1185
   7 -0.3550
   6 -0.0994
   6  0.6629
   8 -0.5733
   1  0.2411
   1  0.1443
   1  0.1443
   7 -0.7775
   6  0.4154
   6  0.5577
   8 -0.6097
   6 -0.8323
   6  1.2919
   7 -1.2411
   8 -0.7680
   1  0.3322
   1 -0.0757
   1  0.2200
   1  0.2200
   1  0.5045
   1  0.5045
   7 -0.3213
   6 -0.0948
   6  0.6309
   8 -0.6193
   1  0.3491
   1  0.1163
   1  0.1163
   7 -0.6979
   6  0.5300
   6  0.0175
   8 -0.4840
   6 -0.7463
   6  0.4729
   6 -0.3330
   6 -0.3330
   6 -0.2848
   6 -0.2848
   6  0.4280
   8 -0.5755
   1  0.3446
   1 -0.0095
   1  0.2077
   1  0.2077
   1  0.1956
   1  0.1956
   1  0.1657
   1  0.1657
   1  0.4286
   7 -0.0493
   6 -0.7135
   6  1.1523
   8 -0.6881
   6  0.7279
   6 -0.3783
   6 -0.3656
   6 -0.0643
   1  0.2566
   1  0.1652
   1 -0.1862
   1  0.1692
   1  0.1692
   1  0.0716
   1  0.0716
   1  0.0716
   1  0.0284
   1  0.0284
   1  0.0284
   7 -0.8164
   6  0.1839
   6  0.0847
   8 -0.4983
   6  0.1874
   8 -0.5149
   1  0.5049
   1  0.0499
   1  0.0306
   1  0.0306
   1  0.3667
   7  0.0639
   6 -0.1231
   6  0.6923
   8 -0.5976
   6  0.0921
   1  0.1633
   1  0.1468
   1 -0.0105
   1 -0.0105
   1 -0.0105
   7 -0.7210
   6  0.5109
   6  0.4058
   8 -0.4910
   6 -0.2745
   1  0.2294
   1 -0.0830
   1  0.0904
   1  0.0904
   1  0.0904
   7 -0.3936
   6  0.3677
   6  0.1127
   8 -0.4664
   6 -0.0434
   6 -0.3291
   6  1.0299
   8 -0.9032
   8 -0.9032
   1  0.2926
   1  0.0022
   1 -0.0137
   1 -0.0137
   1  0.0287
   1  0.0287
   7 -0.1194
   6  0.0116
   1  0.0478
   1  0.0478
   1  0.0478
   1  0.1591
  20  1.9941
   8 -0.6626
   1  0.3263
   1  0.3263
 rrms:    0.0520
