   6 -0.5426
   6  0.6557
   8 -0.6196
   1  0.1699
   1  0.1699
   1  0.1699
   7 -0.4374
   6  0.5029
   6  0.3585
   8 -0.6114
   6 -0.7386
   6  0.8414
   8 -0.7068
   8 -0.7068
   1  0.2427
   1 -0.0545
   1  0.2180
   1  0.2180
   7 -0.3618
   6 -0.2372
   6  0.6343
   8 -0.5571
   6  0.3070
   6 -0.0121
   6 -0.1938
   6  0.4530
   7 -0.4458
   1  0.2501
   1  0.1312
   1 -0.0517
   1 -0.0517
   1  0.0039
   1  0.0039
   1  0.0766
   1  0.0766
   1 -0.0377
   1 -0.0377
   1  0.3750
   1  0.3750
   1  0.3750
   7 -0.4265
   6  0.2144
   6  0.6275
   8 -0.6312
   6 -0.3849
   6  0.5941
   8 -0.6800
   8 -0.6800
   1  0.2489
   1  0.0320
   1  0.1234
   1  0.1234
   7 -0.9342
   6  0.6151
   6  0.3280
   8 -0.4909
   1  0.4242
   1  0.0194
   1  0.0194
   7 -0.4576
   6  0.3860
   6  0.3028
   8 -0.5208
   6 -0.4835
   6  0.7489
   7 -0.9054
   8 -0.5801
   1  0.3301
   1 -0.1043
   1  0.1792
   1  0.1792
   1  0.4398
   1  0.4398
   7 -0.2997
   6  0.3257
   6  0.1551
   8 -0.5824
   1  0.2816
   1 -0.0140
   1 -0.0140
   7  0.2052
   6 -0.0412
   6  0.8830
   8 -0.6828
   6  0.1396
   6 -0.0292
   6 -0.1808
   6 -0.1808
   6 -0.1920
   6 -0.1920
   6  0.2825
   8 -0.5167
   1 -0.2825
   1  0.1158
   1 -0.0057
   1 -0.0057
   1  0.1352
   1  0.1352
   1  0.1450
   1  0.1450
   1  0.4048
   7 -0.8659
   6  0.0689
   6  0.8106
   8 -0.6041
   6  0.3058
   6  0.0936
   6 -0.5844
   6  0.0272
   1  0.3948
   1  0.0195
   1 -0.1642
   1 -0.0341
   1 -0.0341
   1  0.1510
   1  0.1510
   1  0.1510
   1 -0.0081
   1 -0.0081
   1 -0.0081
   7 -0.6646
   6  0.0006
   6  0.7739
   8 -0.5901
   6  0.5739
   8 -0.6348
   1  0.4064
   1  0.1101
   1 -0.0999
   1 -0.0999
   1  0.4050
   7 -0.9626
   6  0.4360
   6  0.3134
   8 -0.4836
   6 -0.1162
   1  0.4302
   1 -0.0336
   1  0.0598
   1  0.0598
   1  0.0598
   7 -0.4540
   6  0.2197
   6  0.1115
   8 -0.4572
   6 -0.2777
   1  0.3233
   1  0.0532
   1  0.0910
   1  0.0910
   1  0.0910
   7  0.0133
   6 -0.5140
   6  0.9297
   8 -0.6796
   6  0.7547
   6 -1.1266
   6  0.9852
   8 -0.7665
   8 -0.7665
   1  0.0740
   1  0.2051
   1 -0.1783
   1 -0.1783
   1  0.3035
   1  0.3035
   7 -0.4021
   6 -0.1249
   1  0.0808
   1  0.0808
   1  0.0808
   1  0.3282
  20  1.4791
   8 -0.5355
   1  0.3104
   1  0.3104
 rrms:    0.0474
