   6 -0.6687
   6  0.7388
   8 -0.5032
   1  0.2071
   1  0.2071
   1  0.2071
   7 -0.7106
   6  0.5931
   6  0.2821
   8 -0.4444
   6 -0.2801
   6  0.5776
   8 -0.8221
   8 -0.8221
   1  0.4296
   1 -0.2265
   1  0.1150
   1  0.1150
   7  0.0546
   6 -0.1008
   6  0.3321
   8 -0.5958
   6  0.1732
   6  0.0485
   6  0.1099
   6  0.1915
   7 -0.0839
   1 -0.0253
   1  0.1035
   1 -0.0216
   1 -0.0216
   1 -0.0007
   1 -0.0007
   1 -0.0090
   1 -0.0090
   1 -0.0051
   1 -0.0051
   1  0.2728
   1  0.2728
   1  0.2728
   7 -0.3929
   6  0.7164
   6 -0.1412
   8 -0.4572
   6 -0.6423
   6  0.8996
   8 -0.7526
   8 -0.7526
   1  0.0654
   1 -0.0360
   1  0.1831
   1  0.1831
   7  0.1488
   6 -0.2663
   6  0.5925
   8 -0.6348
   1  0.0241
   1  0.1290
   1  0.1290
   7 -0.3849
   6  0.1111
   6  0.0103
   8 -0.2987
   6 -0.6087
   6  0.4394
   7 -0.4774
   8 -0.3525
   1  0.2678
   1  0.1494
   1  0.2390
   1  0.2390
   1  0.3279
   1  0.3279
   7 -0.0087
   6 -0.1624
   6  0.5556
   8 -0.6147
   1  0.2433
   1  0.1095
   1  0.1095
   7 -0.2598
   6  0.4255
   6  0.3119
   8 -0.3656
   6 -0.0022
   6 -0.2226
   6 -0.0223
   6 -0.0223
   6 -0.7084
   6 -0.7084
   6  0.5607
   8 -0.5406
   1  0.2490
   1 -0.0342
   1  0.0089
   1  0.0089
   1  0.1053
   1  0.1053
   1  0.2075
   1  0.2075
   1  0.4071
   7 -0.6996
   6  0.2562
   6  0.1161
   8 -0.4003
   6 -0.0262
   6  0.3802
   6 -0.3581
   6 -0.2657
   1  0.4571
   1  0.0267
   1  0.0740
   1 -0.1088
   1 -0.1088
   1  0.0670
   1  0.0670
   1  0.0670
   1  0.0838
   1  0.0838
   1  0.0838
   7  0.1623
   6 -0.0601
   6  0.2758
   8 -0.2480
   6  0.3435
   8 -0.6052
   1 -0.3150
   1  0.0431
   1 -0.0311
   1 -0.0311
   1  0.4463
   7 -0.2762
   6  0.1433
   6  0.5269
   8 -0.6432
   6 -0.2167
   1  0.3097
   1  0.0160
   1  0.0754
   1  0.0754
   1  0.0754
   7 -0.4763
   6  0.5449
   6 -0.1512
   8 -0.4394
   6 -0.4521
   1  0.3175
   1 -0.0402
   1  0.1515
   1  0.1515
   1  0.1515
   7  0.4744
   6 -0.0935
   6  0.2739
   8 -0.5354
   6  0.6094
   6 -0.8882
   6  0.8088
   8 -0.6157
   8 -0.6157
   1 -0.0850
   1  0.1205
   1 -0.2421
   1 -0.2421
   1  0.2219
   1  0.2219
   7 -0.0471
   6 -0.1248
   1  0.0814
   1  0.0814
   1  0.0814
   1 -0.0548
  20  1.6922
   8 -0.6295
   1  0.5060
   1  0.5060
 rrms:    0.0636
