   6 -0.5676
   6  0.7608
   8 -0.6441
   1  0.1739
   1  0.1739
   1  0.1739
   7 -0.6836
   6  0.7116
   6  0.1813
   8 -0.5393
   6 -0.7511
   6  0.8406
   8 -0.7671
   8 -0.7671
   1  0.3822
   1 -0.0938
   1  0.1875
   1  0.1875
   7 -0.2267
   6  0.0413
   6  0.1593
   8 -0.4884
   6 -0.1972
   6  0.1114
   6 -0.1082
   6  0.5597
   7 -0.4467
   1  0.1332
   1  0.0929
   1  0.1138
   1  0.1138
   1 -0.0120
   1 -0.0120
   1  0.0486
   1  0.0486
   1 -0.1052
   1 -0.1052
   1  0.3717
   1  0.3717
   1  0.3717
   7 -0.0318
   6 -0.0788
   6  0.6736
   8 -0.6071
   6 -0.2525
   6  0.5246
   8 -0.6267
   8 -0.6267
   1  0.1840
   1  0.0258
   1  0.1051
   1  0.1051
   7 -0.5281
   6  0.0547
   6  0.4870
   8 -0.5430
   1  0.4188
   1  0.0796
   1  0.0796
   7 -0.5068
   6  0.5483
   6  0.1679
   8 -0.5008
   6 -0.8281
   6  0.8542
   7 -0.9326
   8 -0.5735
   1  0.3358
   1 -0.1003
   1  0.2873
   1  0.2873
   1  0.4683
   1  0.4683
   7 -0.1367
   6  0.0446
   6  0.3315
   8 -0.6117
   1  0.2524
   1  0.0455
   1  0.0455
   7  0.1041
   6 -0.2367
   6  1.1221
   8 -0.7257
   6  0.1679
   6  0.0370
   6 -0.1921
   6 -0.1921
   6 -0.2877
   6 -0.2877
   6  0.3866
   8 -0.5096
   1 -0.2670
   1  0.1697
   1 -0.0692
   1 -0.0692
   1  0.1673
   1  0.1673
   1  0.1719
   1  0.1719
   1  0.3905
   7 -0.9367
   6  0.0109
   6  0.6717
   8 -0.5057
   6  0.0391
   6  0.2385
   6 -0.0505
   6 -0.2020
   1  0.4032
   1  0.0314
   1 -0.1249
   1 -0.0429
   1 -0.0429
   1  0.0232
   1  0.0232
   1  0.0232
   1  0.0668
   1  0.0668
   1  0.0668
   7 -0.2793
   6 -0.2576
   6  0.5671
   8 -0.5567
   6  0.4132
   8 -0.6075
   1  0.2589
   1  0.1489
   1 -0.0307
   1 -0.0307
   1  0.3750
   7 -0.4760
   6  0.2514
   6  0.7295
   8 -0.7670
   6 -0.1135
   1  0.2911
   1 -0.0450
   1  0.0406
   1  0.0406
   1  0.0406
   7 -0.3915
   6  0.0414
   6  0.2555
   8 -0.5259
   6 -0.1645
   1  0.3123
   1  0.1017
   1  0.0668
   1  0.0668
   1  0.0668
   7  0.0841
   6 -0.1927
   6  0.6374
   8 -0.5968
   6  0.3883
   6 -0.7749
   6  1.0569
   8 -0.8478
   8 -0.8478
   1 -0.1075
   1  0.0713
   1 -0.0595
   1 -0.0595
   1  0.1994
   1  0.1994
   7 -0.2692
   6 -0.1661
   1  0.0893
   1  0.0893
   1  0.0893
   1  0.2350
  20  1.6980
   8 -0.6590
   1  0.3785
   1  0.3785
 rrms:    0.0455
