   6 -0.6403
   6  0.7258
   8 -0.6459
   1  0.1925
   1  0.1925
   1  0.1925
   7 -0.5525
   6  0.1581
   6  0.4575
   8 -0.5706
   6  0.2115
   6  0.6262
   8 -0.9463
   8 -0.9463
   1  0.2737
   1  0.0459
   1 -0.0104
   1 -0.0104
   7 -0.1147
   6 -0.1621
   6  0.3924
   8 -0.6430
   6  0.3378
   6  0.0233
   6 -0.4108
   6  0.5861
   7 -0.3985
   1 -0.0769
   1  0.1194
   1 -0.0502
   1 -0.0502
   1  0.0228
   1  0.0228
   1  0.1319
   1  0.1319
   1 -0.0991
   1 -0.0991
   1  0.3683
   1  0.3683
   1  0.3683
   7 -0.1759
   6  0.3875
   6 -0.0583
   8 -0.4628
   6 -0.6184
   6  0.7432
   8 -0.7610
   8 -0.7610
   1  0.1984
   1  0.0309
   1  0.1735
   1  0.1735
   7  0.0763
   6 -0.0033
   6  0.3506
   8 -0.5508
   1  0.0114
   1  0.0627
   1  0.0627
   7 -0.1440
   6 -0.1416
   6  0.5223
   8 -0.5333
   6 -0.1886
   6  0.4022
   7 -0.6660
   8 -0.4520
   1  0.2358
   1  0.1594
   1  0.1094
   1  0.1094
   1  0.3645
   1  0.3645
   7 -0.3589
   6  0.1006
   6  0.3943
   8 -0.6119
   1  0.3177
   1  0.0412
   1  0.0412
   7 -0.1781
   6 -0.1531
   6  0.7023
   8 -0.5802
   6 -0.3986
   6  0.2057
   6 -0.0820
   6 -0.0820
   6 -0.4646
   6 -0.4646
   6  0.5662
   8 -0.6162
   1  0.1306
   1  0.1620
   1  0.1347
   1  0.1347
   1  0.1414
   1  0.1414
   1  0.1996
   1  0.1996
   1  0.4481
   7 -0.5785
   6 -0.0478
   6  0.6924
   8 -0.5891
   6  0.0611
   6  0.0265
   6 -0.0868
   6 -0.2118
   1  0.3159
   1  0.1255
   1  0.0387
   1  0.0389
   1  0.0389
   1  0.0053
   1  0.0053
   1  0.0053
   1  0.0704
   1  0.0704
   1  0.0704
   7 -0.1782
   6 -0.2198
   6  0.5685
   8 -0.4247
   6  0.5015
   8 -0.5040
   1 -0.4003
   1  0.0701
   1 -0.0736
   1 -0.0736
   1  0.3427
   7 -0.4637
   6  0.1802
   6  0.5480
   8 -0.5920
   6 -0.2427
   1  0.3848
   1  0.0257
   1  0.0770
   1  0.0770
   1  0.0770
   7 -0.3417
   6  0.1460
   6  0.1844
   8 -0.5089
   6 -0.2495
   1  0.3100
   1  0.0650
   1  0.0982
   1  0.0982
   1  0.0982
   7  0.0206
   6 -0.0187
   6  0.3397
   8 -0.5508
   6  0.3711
   6 -0.0202
   6  0.1829
   8 -0.3735
   8 -0.3735
   1  0.0808
   1  0.0679
   1 -0.0852
   1 -0.0852
   1 -0.0293
   1 -0.0293
   7 -0.0481
   6 -0.0409
   1  0.0582
   1  0.0582
   1  0.0582
   1 -0.0221
  20  2.2826
   8 -0.8838
   1  0.3977
   1  0.3977
 rrms:    0.0491
