   6 -0.5395
   6  0.7106
   8 -0.6500
   1  0.1728
   1  0.1728
   1  0.1728
   7 -0.5301
   6  0.5603
   6  0.1684
   8 -0.4199
   6 -0.9414
   6  0.7658
   8 -0.7396
   8 -0.7396
   1  0.2606
   1 -0.0987
   1  0.2883
   1  0.2883
   7 -0.0991
   6 -0.0090
   6  0.5556
   8 -0.5882
   6 -0.2381
   6  0.2898
   6 -0.1066
   6  0.2089
   7  0.0350
   1  0.1333
   1  0.0861
   1  0.0775
   1  0.0775
   1 -0.0730
   1 -0.0730
   1  0.0585
   1  0.0585
   1  0.0016
   1  0.0016
   1  0.2251
   1  0.2251
   1  0.2251
   7 -0.8985
   6  1.0515
   6 -0.0615
   8 -0.4358
   6 -1.1327
   6  1.0794
   8 -0.8217
   8 -0.8217
   1  0.4027
   1 -0.1417
   1  0.2966
   1  0.2966
   7  0.1580
   6 -0.3976
   6  0.9702
   8 -0.6574
   1  0.1190
   1  0.1101
   1  0.1101
   7 -1.2144
   6  0.6561
   6  0.5140
   8 -0.4817
   6 -0.8299
   6  1.0142
   7 -0.8536
   8 -0.6881
   1  0.5109
   1 -0.0906
   1  0.2542
   1  0.2542
   1  0.4134
   1  0.4134
   7 -0.6674
   6  0.2730
   6  0.3834
   8 -0.5504
   1  0.3362
   1  0.0522
   1  0.0522
   7 -0.7840
   6  0.3805
   6 -0.1236
   8 -0.4892
   6 -0.2701
   6 -0.0627
   6  0.0316
   6  0.0316
   6 -0.4067
   6 -0.4067
   6  0.4269
   8 -0.4997
   1  0.3250
   1  0.0539
   1  0.1616
   1  0.1616
   1  0.0785
   1  0.0785
   1  0.1738
   1  0.1738
   1  0.3821
   7  0.5706
   6 -1.6867
   6  1.3957
   8 -0.6930
   6  0.9490
   6 -0.3203
   6 -0.9381
   6 -0.0600
   1  0.1968
   1  0.4783
   1 -0.2444
   1  0.0767
   1  0.0767
   1  0.2041
   1  0.2041
   1  0.2041
   1  0.0531
   1  0.0531
   1  0.0531
   7 -0.4173
   6 -0.4878
   6  0.6651
   8 -0.6233
   6  0.5410
   8 -0.6394
   1  0.5391
   1  0.1798
   1 -0.0952
   1 -0.0952
   1  0.4141
   7 -0.3644
   6  0.0534
   6  0.3485
   8 -0.5205
   6 -0.2258
   1  0.3157
   1  0.1044
   1  0.0787
   1  0.0787
   1  0.0787
   7 -0.1530
   6 -0.0565
   6  0.4878
   8 -0.5093
   6  0.1273
   1  0.1789
   1  0.0970
   1 -0.0076
   1 -0.0076
   1 -0.0076
   7 -0.3762
   6  0.0680
   6  0.2277
   8 -0.4863
   6  0.1234
   6 -0.1480
   6  0.8281
   8 -0.8357
   8 -0.8357
   1  0.2820
   1  0.1239
   1 -0.0414
   1 -0.0414
   1  0.0053
   1  0.0053
   7 -0.2300
   6  0.1242
   1  0.0190
   1  0.0190
   1  0.0190
   1  0.2142
  20  1.8844
   8 -0.5973
   1  0.3150
   1  0.3150
 rrms:    0.0552
