   6 -0.5208
   6  0.8146
   8 -0.6538
   1  0.1633
   1  0.1633
   1  0.1633
   7 -0.8753
   6  0.5132
   6  0.1539
   8 -0.4474
   6 -0.2971
   6  0.3246
   8 -0.6220
   8 -0.6220
   1  0.4355
   1  0.0055
   1  0.1362
   1  0.1362
   7  0.6363
   6 -1.1576
   6  0.8571
   8 -0.6569
   6  1.1195
   6 -0.2032
   6 -0.0901
   6  0.2319
   7 -0.1137
   1 -0.4522
   1  0.3296
   1 -0.2796
   1 -0.2796
   1  0.0979
   1  0.0979
   1  0.0356
   1  0.0356
   1  0.0086
   1  0.0086
   1  0.2825
   1  0.2825
   1  0.2825
   7 -0.5176
   6  0.6790
   6 -0.1314
   8 -0.4504
   6 -0.6326
   6  1.0064
   8 -0.8153
   8 -0.8153
   1  0.2728
   1 -0.0499
   1  0.1735
   1  0.1735
   7  0.1797
   6 -0.2724
   6  0.4130
   8 -0.5470
   1 -0.2234
   1  0.1608
   1  0.1608
   7 -0.0986
   6 -0.2662
   6  0.5154
   8 -0.5948
   6  0.0069
   6  0.3542
   7 -0.7174
   8 -0.4213
   1  0.1662
   1  0.1982
   1  0.0825
   1  0.0825
   1  0.3635
   1  0.3635
   7 -0.1377
   6 -0.0153
   6  0.4051
   8 -0.5444
   1  0.1073
   1  0.0587
   1  0.0587
   7 -0.1582
   6 -0.2443
   6  0.9102
   8 -0.6741
   6 -0.0753
   6  0.0510
   6 -0.2304
   6 -0.2304
   6 -0.1478
   6 -0.1478
   6  0.3351
   8 -0.5733
   1  0.2098
   1  0.1673
   1  0.0385
   1  0.0385
   1  0.1616
   1  0.1616
   1  0.1319
   1  0.1319
   1  0.4395
   7 -0.7318
   6 -0.0537
   6  0.6850
   8 -0.5658
   6  0.2127
   6  0.0982
   6 -0.1821
   6 -0.2416
   1  0.3414
   1  0.0807
   1 -0.0068
   1  0.0306
   1  0.0306
   1  0.0273
   1  0.0273
   1  0.0273
   1  0.0666
   1  0.0666
   1  0.0666
   7 -0.3414
   6 -0.1146
   6  0.4814
   8 -0.2676
   6  0.3684
   8 -0.4803
   1  0.0079
   1  0.0542
   1 -0.0431
   1 -0.0431
   1  0.2516
   7 -0.4902
   6  0.3244
   6  0.2703
   8 -0.5492
   6 -0.1973
   1  0.3804
   1 -0.0160
   1  0.0716
   1  0.0716
   1  0.0716
   7 -0.2970
   6  0.3026
   6 -0.1516
   8 -0.4315
   6 -0.3636
   1  0.3044
   1  0.0426
   1  0.1278
   1  0.1278
   1  0.1278
   7  0.5264
   6 -0.0142
   6  0.1938
   8 -0.5053
   6  0.2077
   6 -0.5441
   6  0.7403
   8 -0.6226
   8 -0.6226
   1 -0.1594
   1  0.0636
   1  0.0032
   1  0.0032
   1  0.1262
   1  0.1262
   7 -0.0411
   6 -0.0835
   1  0.0694
   1  0.0694
   1  0.0694
   1 -0.0912
  20  1.7857
   8 -0.5316
   1  0.2906
   1  0.2906
 rrms:    0.0426
