   6 -0.4613
   6  0.7408
   8 -0.6328
   1  0.1406
   1  0.1406
   1  0.1406
   7 -0.7329
   6  0.7817
   6  0.1358
   8 -0.4088
   6 -1.0531
   6  0.9472
   8 -0.7856
   8 -0.7856
   1  0.3993
   1 -0.1451
   1  0.2875
   1  0.2875
   7 -0.2586
   6  0.0027
   6  0.2827
   8 -0.5664
   6  0.0569
   6  0.1017
   6  0.0104
   6  0.1802
   7 -0.0683
   1  0.2357
   1  0.0820
   1  0.0134
   1  0.0134
   1 -0.0099
   1 -0.0099
   1  0.0302
   1  0.0302
   1  0.0069
   1  0.0069
   1  0.2159
   1  0.2159
   1  0.2159
   7 -0.4772
   6  0.5566
   6 -0.1160
   8 -0.4792
   6 -0.5170
   6  0.9995
   8 -0.8301
   8 -0.8301
   1  0.2377
   1  0.0374
   1  0.1402
   1  0.1402
   7  0.1883
   6 -0.6604
   6  0.7836
   8 -0.6097
   1  0.0865
   1  0.2534
   1  0.2534
   7 -0.6434
   6  0.5473
   6  0.0953
   8 -0.3766
   6 -0.7160
   6  0.8638
   7 -0.8689
   8 -0.6397
   1  0.3461
   1 -0.0718
   1  0.2581
   1  0.2581
   1  0.4062
   1  0.4062
   7 -0.2080
   6  0.0345
   6  0.4504
   8 -0.5789
   1  0.2828
   1  0.0759
   1  0.0759
   7 -0.4501
   6  0.5904
   6  0.2295
   8 -0.4348
   6 -0.4037
   6  0.2453
   6 -0.1717
   6 -0.1717
   6 -0.3614
   6 -0.3614
   6  0.4719
   8 -0.5665
   1 -0.0319
   1 -0.0923
   1  0.0955
   1  0.0955
   1  0.1555
   1  0.1555
   1  0.1858
   1  0.1858
   1  0.4230
   7 -0.0588
   6 -0.5217
   6  0.6744
   8 -0.5479
   6  0.4469
   6  0.1316
   6 -0.6431
   6 -0.0917
   1  0.2150
   1  0.2443
   1 -0.1520
   1 -0.0424
   1 -0.0424
   1  0.1715
   1  0.1715
   1  0.1715
   1  0.0147
   1  0.0147
   1  0.0147
   7 -0.0346
   6 -0.7174
   6  0.9883
   8 -0.5986
   6  0.3812
   8 -0.4804
   1  0.0905
   1  0.2717
   1 -0.0750
   1 -0.0750
   1  0.3767
   7 -0.7090
   6  0.3895
   6  0.1882
   8 -0.5191
   6 -0.2116
   1  0.4818
   1  0.0270
   1  0.0644
   1  0.0644
   1  0.0644
   7 -0.2603
   6 -0.0079
   6  0.5117
   8 -0.5975
   6 -0.0534
   1  0.2696
   1  0.0575
   1  0.0458
   1  0.0458
   1  0.0458
   7 -0.4352
   6  0.1282
   6  0.5177
   8 -0.5109
   6  0.0128
   6 -0.4644
   6  0.7340
   8 -0.7082
   8 -0.7082
   1  0.2557
   1  0.0149
   1  0.0066
   1  0.0066
   1  0.0647
   1  0.0647
   7 -0.3152
   6 -0.0806
   1  0.0695
   1  0.0695
   1  0.0695
   1  0.3649
  20  1.9289
   8 -0.6629
   1  0.3281
   1  0.3281
 rrms:    0.0544
