   6 -0.6491
   6  0.8813
   8 -0.6934
   1  0.1883
   1  0.1883
   1  0.1883
   7 -0.8474
   6  0.5393
   6  0.2451
   8 -0.5079
   6 -0.4729
   6  0.6460
   8 -0.7085
   8 -0.7085
   1  0.4381
   1 -0.0308
   1  0.1941
   1  0.1941
   7 -0.3257
   6  0.0115
   6  0.2297
   8 -0.5293
   6 -0.0110
   6  0.1738
   6 -0.1967
   6  0.6442
   7 -0.6459
   1  0.1456
   1  0.0690
   1  0.0455
   1  0.0455
   1  0.0536
   1  0.0536
   1  0.0333
   1  0.0333
   1 -0.0970
   1 -0.0970
   1  0.3736
   1  0.3736
   1  0.3736
   7 -0.5580
   6  0.5029
   6 -0.2164
   8 -0.3880
   6 -0.6130
   6  0.9131
   8 -0.7897
   8 -0.7897
   1  0.6227
   1  0.0340
   1  0.1616
   1  0.1616
   7  0.2185
   6 -0.5526
   6  0.6585
   8 -0.5871
   1 -0.0464
   1  0.2430
   1  0.2430
   7 -0.4727
   6  0.4949
   6  0.1710
   8 -0.4479
   6 -0.3893
   6  0.7103
   7 -0.8231
   8 -0.6346
   1  0.2369
   1 -0.1351
   1  0.1381
   1  0.1381
   1  0.3959
   1  0.3959
   7  0.0519
   6 -0.6466
   6  0.8593
   8 -0.6815
   1  0.2237
   1  0.2362
   1  0.2362
   7 -0.5830
   6  0.2547
   6  0.4014
   8 -0.6295
   6 -0.2607
   6  0.1762
   6 -0.2527
   6 -0.2527
   6 -0.2635
   6 -0.2635
   6  0.4141
   8 -0.5628
   1  0.3435
   1 -0.0076
   1  0.1333
   1  0.1333
   1  0.1701
   1  0.1701
   1  0.1450
   1  0.1450
   1  0.4170
   7 -0.0695
   6 -0.4443
   6  0.6445
   8 -0.5153
   6  0.2742
   6  0.0597
   6 -0.3054
   6 -0.2551
   1  0.1664
   1  0.2591
   1 -0.0411
   1  0.0224
   1  0.0224
   1  0.0758
   1  0.0758
   1  0.0758
   1  0.0489
   1  0.0489
   1  0.0489
   7 -0.2642
   6 -0.6266
   6  1.0407
   8 -0.6264
   6  0.3494
   8 -0.3596
   1  0.1839
   1  0.2416
   1 -0.0830
   1 -0.0830
   1  0.3481
   7 -0.5465
   6  0.3558
   6  0.2711
   8 -0.5508
   6 -0.5065
   1  0.4391
   1  0.0671
   1  0.1487
   1  0.1487
   1  0.1487
   7 -0.4712
   6  0.0036
   6  0.5399
   8 -0.5932
   6 -0.2264
   1  0.3770
   1  0.0809
   1  0.0950
   1  0.0950
   1  0.0950
   7 -0.4144
   6 -0.0592
   6  0.7736
   8 -0.5894
   6  0.1591
   6 -0.3934
   6  0.7673
   8 -0.7579
   8 -0.7579
   1  0.2431
   1 -0.0633
   1 -0.0562
   1 -0.0562
   1  0.0317
   1  0.0317
   7 -0.4808
   6  0.0603
   1  0.0334
   1  0.0334
   1  0.0334
   1  0.3906
  20  1.8594
   8 -0.6618
   1  0.3226
   1  0.3226
 rrms:    0.0456
