   6 -1.1223
   6  1.4167
   8 -0.8994
   1  0.3208
   1  0.3208
   1  0.3208
   7 -1.5159
   6  1.6159
   6 -0.1824
   8 -0.4171
   6 -1.1020
   6  1.1221
   8 -0.8517
   8 -0.8517
   1  0.5208
   1 -0.3510
   1  0.2434
   1  0.2434
   7  0.1013
   6  0.2021
   6  0.2603
   8 -0.5342
   6  0.1419
   6 -0.2046
   6 -0.1241
   6  0.3446
   7 -0.2580
   1  0.0332
   1  0.0573
   1 -0.0230
   1 -0.0230
   1  0.0514
   1  0.0514
   1  0.0878
   1  0.0878
   1 -0.0178
   1 -0.0178
   1  0.2963
   1  0.2963
   1  0.2963
   7 -0.3006
   6  0.4583
   6  0.0658
   8 -0.4518
   6 -0.7461
   6  0.9139
   8 -0.7682
   8 -0.7682
   1  0.0219
   1  0.0116
   1  0.2205
   1  0.2205
   7  0.0549
   6 -0.1453
   6  0.8355
   8 -0.8110
   1  0.1157
   1  0.0922
   1  0.0922
   7 -0.5352
   6  0.3332
   6 -0.0551
   8 -0.4491
   6 -0.4794
   6  0.7286
   7 -0.8758
   8 -0.5980
   1  0.4227
   1 -0.0516
   1  0.2076
   1  0.2076
   1  0.4223
   1  0.4223
   7  0.0092
   6 -0.4666
   6  1.0129
   8 -0.7520
   1  0.2489
   1  0.1932
   1  0.1932
   7 -1.0328
   6  0.7696
   6  0.0305
   8 -0.4082
   6 -0.4202
   6  0.2479
   6 -0.1274
   6 -0.1274
   6 -0.4808
   6 -0.4808
   6  0.5951
   8 -0.5977
   1  0.3969
   1 -0.0390
   1  0.1306
   1  0.1306
   1  0.1472
   1  0.1472
   1  0.1949
   1  0.1949
   1  0.4276
   7 -0.0027
   6 -0.3725
   6  0.5375
   8 -0.5599
   6  0.3906
   6 -0.1905
   6 -0.3528
   6  0.0211
   1 -0.2094
   1  0.1077
   1 -0.0868
   1  0.0794
   1  0.0794
   1  0.0960
   1  0.0960
   1  0.0960
   1  0.0020
   1  0.0020
   1  0.0020
   7  0.2073
   6 -0.7385
   6  0.9592
   8 -0.6544
   6  0.7448
   8 -0.7439
   1 -0.0085
   1  0.2034
   1 -0.1046
   1 -0.1046
   1  0.4292
   7 -0.8064
   6  0.3637
   6  0.4151
   8 -0.4869
   6 -0.3148
   1  0.4074
   1 -0.0306
   1  0.1057
   1  0.1057
   1  0.1057
   7 -0.5781
   6  0.3151
   6  0.1775
   8 -0.5352
   6 -0.4486
   1  0.3365
   1  0.0716
   1  0.1474
   1  0.1474
   1  0.1474
   7 -0.0953
   6 -0.0818
   6  0.5190
   8 -0.5689
   6  0.0698
   6 -0.4551
   6  0.5681
   8 -0.5985
   8 -0.5985
   1  0.2169
   1  0.1027
   1  0.0177
   1  0.0177
   1  0.1584
   1  0.1584
   7 -0.2842
   6 -0.1000
   1  0.0770
   1  0.0770
   1  0.0770
   1  0.3006
  20  1.8798
   8 -0.5365
   1  0.3110
   1  0.3110
 rrms:    0.0439
