   6 -0.6211
   6  0.8543
   8 -0.6734
   1  0.1867
   1  0.1867
   1  0.1867
   7 -0.8919
   6  0.9053
   6  0.0371
   8 -0.4535
   6 -1.0816
   6  1.3253
   8 -0.9606
   8 -0.9606
   1  0.4273
   1 -0.1412
   1  0.3163
   1  0.3163
   7 -0.2121
   6  0.0333
   6  0.2496
   8 -0.5231
   6 -0.2464
   6 -0.1229
   6 -0.0317
   6  0.2617
   7 -0.2034
   1  0.2756
   1  0.1095
   1  0.1352
   1  0.1352
   1  0.0495
   1  0.0495
   1  0.0532
   1  0.0532
   1 -0.0227
   1 -0.0227
   1  0.2408
   1  0.2408
   1  0.2408
   7 -0.6631
   6  0.8802
   6 -0.2011
   8 -0.4115
   6 -0.9255
   6  1.0853
   8 -0.8345
   8 -0.8345
   1  0.5863
   1 -0.0397
   1  0.2558
   1  0.2558
   7  0.2025
   6 -0.1418
   6  0.4536
   8 -0.5724
   1 -0.2532
   1  0.1205
   1  0.1205
   7 -0.2218
   6  0.3225
   6  0.2555
   8 -0.4180
   6 -0.4284
   6  0.8118
   7 -0.9279
   8 -0.5804
   1  0.0757
   1 -0.0715
   1  0.1452
   1  0.1452
   1  0.4165
   1  0.4165
   7  0.1783
   6 -0.8313
   6  0.9841
   8 -0.6724
   1 -0.0013
   1  0.2459
   1  0.2459
   7 -0.5268
   6  0.1210
   6  0.3623
   8 -0.5610
   6 -0.0120
   6 -0.0719
   6 -0.0280
   6 -0.0280
   6 -0.4214
   6 -0.4214
   6  0.5337
   8 -0.5597
   1  0.3583
   1  0.0135
   1  0.0554
   1  0.0554
   1  0.1069
   1  0.1069
   1  0.1915
   1  0.1915
   1  0.4091
   7 -0.4795
   6 -0.0005
   6  0.4827
   8 -0.4409
   6  0.0634
   6  0.0954
   6 -0.1544
   6 -0.1924
   1  0.3244
   1  0.1437
   1  0.0031
   1  0.0042
   1  0.0042
   1  0.0464
   1  0.0464
   1  0.0464
   1  0.0500
   1  0.0500
   1  0.0500
   7 -0.3639
   6 -0.1001
   6  0.7196
   8 -0.5946
   6  0.0188
   8 -0.3558
   1  0.1664
   1  0.0873
   1  0.0362
   1  0.0362
   1  0.3458
   7 -0.6796
   6  0.5388
   6  0.2010
   8 -0.5343
   6 -0.5618
   1  0.4013
   1 -0.0175
   1  0.1648
   1  0.1648
   1  0.1648
   7 -0.3269
   6  0.0217
   6  0.5484
   8 -0.6139
   6 -0.2592
   1  0.3253
   1  0.2596
   1  0.0874
   1  0.0874
   1  0.0874
   7 -0.3797
   6 -0.0620
   6  0.6008
   8 -0.5534
   6  0.0019
   6 -0.3768
   6  0.7583
   8 -0.6795
   8 -0.6795
   1  0.2168
   1  0.0612
   1 -0.0070
   1 -0.0070
   1  0.0607
   1  0.0607
   7 -0.4011
   6  0.0703
   1  0.0328
   1  0.0328
   1  0.0328
   1  0.3786
  20  1.8766
   8 -0.6194
   1  0.3168
   1  0.3168
 rrms:    0.0429
