   6 -0.5172
   6  0.7859
   8 -0.6574
   1  0.1560
   1  0.1560
   1  0.1560
   7 -0.7440
   6  0.6743
   6  0.1231
   8 -0.4410
   6 -0.6921
   6  0.6236
   8 -0.7010
   8 -0.7010
   1  0.4053
   1 -0.0658
   1  0.2015
   1  0.2015
   7  0.0276
   6 -0.1624
   6  0.4730
   8 -0.6066
   6  0.2293
   6 -0.0854
   6 -0.0327
   6  0.4660
   7 -0.3454
   1  0.1159
   1  0.0986
   1 -0.0257
   1 -0.0257
   1  0.0843
   1  0.0843
   1  0.0326
   1  0.0326
   1 -0.0800
   1 -0.0800
   1  0.3049
   1  0.3049
   1  0.3049
   7 -0.6168
   6  0.8830
   6 -0.4797
   8 -0.3494
   6 -0.9843
   6  1.2804
   8 -0.8441
   8 -0.8441
   1 -0.0586
   1 -0.0588
   1  0.2988
   1  0.2988
   7  0.4795
   6 -0.5628
   6  0.7060
   8 -0.6095
   1 -0.0410
   1  0.2225
   1  0.2225
   7 -0.5289
   6  0.4840
   6  0.2013
   8 -0.3265
   6 -0.4139
   6  0.7442
   7 -0.9127
   8 -0.6209
   1  0.3386
   1 -0.1181
   1  0.1301
   1  0.1301
   1  0.4194
   1  0.4194
   7 -0.2066
   6 -0.2782
   6  0.6446
   8 -0.5955
   1  0.2778
   1  0.1325
   1  0.1325
   7 -0.5452
   6  0.2692
   6 -0.3036
   8 -0.3711
   6 -0.8051
   6  0.5453
   6 -0.3965
   6 -0.3965
   6 -0.1571
   6 -0.1571
   6  0.2991
   8 -0.5160
   1  0.4559
   1  0.0429
   1  0.3223
   1  0.3223
   1  0.1847
   1  0.1847
   1  0.1322
   1  0.1322
   1  0.4050
   7  0.2225
   6 -0.4770
   6  0.5001
   8 -0.4749
   6  0.3061
   6  0.1150
   6 -0.5973
   6 -0.0121
   1  0.1203
   1  0.2220
   1 -0.0807
   1 -0.0121
   1 -0.0121
   1  0.1467
   1  0.1467
   1  0.1467
   1 -0.0129
   1 -0.0129
   1 -0.0129
   7 -0.0741
   6 -0.7849
   6  1.0957
   8 -0.6321
   6  0.2264
   8 -0.4687
   1  0.1526
   1  0.2912
   1 -0.0103
   1 -0.0103
   1  0.3876
   7 -0.7543
   6  0.4169
   6  0.1495
   8 -0.5094
   6 -0.2662
   1  0.5213
   1  0.0162
   1  0.0795
   1  0.0795
   1  0.0795
   7 -0.2588
   6  0.0855
   6  0.4992
   8 -0.5694
   6 -0.0627
   1  0.2557
   1  0.1385
   1  0.0347
   1  0.0347
   1  0.0347
   7 -0.5194
   6  0.1583
   6  0.5130
   8 -0.5329
   6  0.0851
   6 -0.2260
   6  0.6478
   8 -0.6862
   8 -0.6862
   1  0.3108
   1 -0.0924
   1 -0.0314
   1 -0.0314
   1 -0.0030
   1 -0.0030
   7 -0.2932
   6 -0.1714
   1  0.0975
   1  0.0975
   1  0.0975
   1  0.3230
  20  1.7307
   8 -0.6754
   1  0.3848
   1  0.3848
 rrms:    0.0467
