   6 -0.5855
   6  0.7787
   8 -0.6427
   1  0.1780
   1  0.1780
   1  0.1780
   7 -0.9031
   6  0.3722
   6  0.4466
   8 -0.4982
   6 -0.3581
   6  0.4224
   8 -0.6074
   8 -0.6074
   1  0.4787
   1 -0.0965
   1  0.1728
   1  0.1728
   7  0.2168
   6 -0.9721
   6  1.2547
   8 -0.7857
   6  0.7693
   6 -0.2869
   6  0.0890
   6  0.3001
   7 -0.3427
   1 -0.2194
   1  0.2752
   1 -0.1293
   1 -0.1293
   1  0.1075
   1  0.1075
   1 -0.0347
   1 -0.0347
   1  0.0006
   1  0.0006
   1  0.3476
   1  0.3476
   1  0.3476
   7 -0.9851
   6  0.9451
   6 -0.2337
   8 -0.4424
   6 -0.8380
   6  0.8674
   8 -0.7334
   8 -0.7334
   1  0.6118
   1 -0.1216
   1  0.2484
   1  0.2484
   7  0.3009
   6 -0.2270
   6  0.4302
   8 -0.5479
   1 -0.4959
   1  0.1459
   1  0.1459
   7 -0.0555
   6 -0.2438
   6  0.5611
   8 -0.6152
   6 -0.1866
   6  0.4130
   7 -0.6657
   8 -0.3807
   1 -0.0420
   1  0.1862
   1  0.1382
   1  0.1382
   1  0.3530
   1  0.3530
   7 -0.1675
   6 -0.3151
   6  0.4985
   8 -0.5773
   1  0.1850
   1  0.1744
   1  0.1744
   7 -0.3408
   6  0.0162
   6  0.4698
   8 -0.3861
   6  0.0183
   6  0.0440
   6 -0.1839
   6 -0.1839
   6 -0.1861
   6 -0.1861
   6  0.2924
   8 -0.5168
   1  0.2198
   1  0.1066
   1  0.0137
   1  0.0137
   1  0.1423
   1  0.1423
   1  0.1407
   1  0.1407
   1  0.4005
   7 -0.5101
   6  0.0042
   6  0.7105
   8 -0.5870
   6  0.1150
   6  0.0756
   6 -0.2599
   6 -0.2921
   1  0.2942
   1  0.0872
   1 -0.0033
   1  0.0687
   1  0.0687
   1  0.0428
   1  0.0428
   1  0.0428
   1  0.0786
   1  0.0786
   1  0.0786
   7 -0.2390
   6  0.0620
   6  0.3306
   8 -0.0810
   6  0.2393
   8 -0.5021
   1  0.0585
   1  0.0673
   1 -0.0200
   1 -0.0200
   1  0.4316
   7 -0.4150
   6  0.3320
   6  0.5007
   8 -0.5885
   6 -0.3697
   1  0.3732
   1 -0.0163
   1  0.1116
   1  0.1116
   1  0.1116
   7 -0.4616
   6  0.5447
   6 -0.4205
   8 -0.3566
   6 -0.2974
   1  0.2924
   1 -0.0119
   1  0.1189
   1  0.1189
   1  0.1189
   7  0.6749
   6 -0.5063
   6  0.6512
   8 -0.6098
   6  0.1144
   6 -0.1578
   6  0.1661
   8 -0.6363
   8 -0.6363
   1 -0.8078
   1  0.2306
   1  0.0199
   1  0.0199
   1  0.1460
   1  0.1460
   7 -0.1669
   6 -0.0634
   1  0.0648
   1  0.0648
   1  0.0648
   1 -0.0117
  20  1.8964
   8 -0.6538
   1  0.3666
   1  0.3666
 rrms:    0.0409
