   6 -0.4360
   6  0.8204
   8 -0.7044
   1  0.1382
   1  0.1382
   1  0.1382
   7 -0.9370
   6  0.9279
   6  0.1499
   8 -0.4911
   6 -0.5350
   6  0.8658
   8 -0.6808
   8 -0.6808
   1  0.4686
   1 -0.0403
   1  0.1707
   1  0.1707
   7  0.0194
   6  0.0077
   6  0.6289
   8 -0.6469
   6  0.1060
   6 -0.0228
   6  0.1289
   6  0.1158
   7 -0.0766
   1  0.0765
   1  0.0498
   1  0.0228
   1  0.0228
   1  0.0046
   1  0.0046
   1 -0.0053
   1 -0.0053
   1  0.0154
   1  0.0154
   1  0.2052
   1  0.2052
   1  0.2052
   7 -0.8341
   6  1.6458
   6 -1.2347
   8 -0.2379
   6 -1.4340
   6  1.4155
   8 -0.8548
   8 -0.8548
   1  0.3050
   1 -0.1206
   1  0.4062
   1  0.4062
   7  1.1473
   6 -0.6059
   6  0.7011
   8 -0.5689
   1 -1.5911
   1  0.2201
   1  0.2201
   7 -0.2913
   6  0.0682
   6  0.6586
   8 -0.6743
   6 -0.0994
   6  0.5067
   7 -0.8322
   8 -0.5375
   1  0.2289
   1  0.0838
   1  0.0406
   1  0.0406
   1  0.3965
   1  0.3965
   7 -0.2913
   6 -0.1560
   6  0.9388
   8 -0.7237
   1  0.1315
   1  0.1014
   1  0.1014
   7 -1.0125
   6  0.8747
   6 -0.4253
   8 -0.3165
   6 -0.8870
   6  0.7313
   6 -0.5702
   6 -0.5702
   6 -0.0435
   6 -0.0435
   6  0.1846
   8 -0.5105
   1  0.6252
   1 -0.1250
   1  0.2872
   1  0.2872
   1  0.2143
   1  0.2143
   1  0.1304
   1  0.1304
   1  0.3903
   7  0.2804
   6 -0.6387
   6  0.6426
   8 -0.4995
   6  0.5400
   6 -0.2844
   6 -0.5163
   6  0.0010
   1  0.0981
   1  0.2220
   1 -0.0750
   1  0.0747
   1  0.0747
   1  0.1199
   1  0.1199
   1  0.1199
   1  0.0093
   1  0.0093
   1  0.0093
   7  0.0634
   6 -0.9418
   6  1.0145
   8 -0.5934
   6  0.5523
   8 -0.6241
   1  0.1090
   1  0.3053
   1 -0.1087
   1 -0.1087
   1  0.4157
   7 -0.4078
   6  0.0576
   6  0.5850
   8 -0.5798
   6 -0.1844
   1  0.3968
   1  0.1822
   1  0.0510
   1  0.0510
   1  0.0510
   7 -0.7472
   6  0.5168
   6  0.4040
   8 -0.5615
   6 -0.5392
   1  0.4034
   1 -0.2147
   1  0.1578
   1  0.1578
   1  0.1578
   7 -0.6295
   6  0.2796
   6  0.3363
   8 -0.5387
   6 -0.0720
   6 -0.1178
   6  0.6348
   8 -0.6675
   8 -0.6675
   1  0.3835
   1  0.0574
   1  0.0416
   1  0.0416
   1 -0.0101
   1 -0.0101
   7 -0.1898
   6 -0.0820
   1  0.0743
   1  0.0743
   1  0.0743
   1  0.2630
  20  2.0770
   8 -0.6873
   1  0.3310
   1  0.3310
 rrms:    0.0582
