   6 -0.4791
   6  0.8833
   8 -0.7248
   1  0.1508
   1  0.1508
   1  0.1508
   7 -0.8832
   6  0.6731
   6  0.1690
   8 -0.5577
   6 -0.6359
   6  0.8664
   8 -0.7262
   8 -0.7262
   1  0.3414
   1 -0.0133
   1  0.1840
   1  0.1840
   7 -0.5964
   6  0.3405
   6  0.3199
   8 -0.5571
   6  0.0129
   6 -0.0515
   6  0.0930
   6  0.2024
   7 -0.0867
   1  0.3136
   1  0.0184
   1  0.0629
   1  0.0629
   1 -0.0033
   1 -0.0033
   1 -0.0069
   1 -0.0069
   1  0.0183
   1  0.0183
   1  0.2279
   1  0.2279
   1  0.2279
   7 -0.6267
   6  0.8158
   6  0.0425
   8 -0.4394
   6 -1.0649
   6  1.1208
   8 -0.8607
   8 -0.8607
   1  0.4392
   1 -0.0473
   1  0.3055
   1  0.3055
   7 -0.2904
   6 -0.0348
   6  0.3929
   8 -0.5139
   1  0.2147
   1  0.1326
   1  0.1326
   7 -0.4581
   6  0.2524
   6  0.3311
   8 -0.4757
   6 -0.6653
   6  0.9850
   7 -0.7914
   8 -0.6914
   1  0.2139
   1 -0.0186
   1  0.1990
   1  0.1990
   1  0.3818
   1  0.3818
   7 -0.1492
   6 -0.3305
   6  0.5244
   8 -0.5300
   1  0.3481
   1  0.1655
   1  0.1655
   7 -0.3651
   6  0.0633
   6  0.2549
   8 -0.5391
   6 -0.0808
   6 -0.0827
   6  0.0077
   6  0.0077
   6 -0.4609
   6 -0.4609
   6  0.5443
   8 -0.5679
   1  0.2981
   1  0.0854
   1  0.0389
   1  0.0389
   1  0.1001
   1  0.1001
   1  0.1966
   1  0.1966
   1  0.4300
   7 -0.1188
   6 -0.5517
   6  0.8236
   8 -0.5991
   6  0.6451
   6 -0.3066
   6 -0.5655
   6 -0.0841
   1  0.1791
   1  0.1113
   1 -0.0939
   1  0.1497
   1  0.1497
   1  0.1331
   1  0.1331
   1  0.1331
   1  0.0214
   1  0.0214
   1  0.0214
   7 -0.3857
   6 -0.0644
   6  0.1865
   8 -0.5048
   6  0.4641
   8 -0.6420
   1  0.3625
   1  0.1080
   1 -0.0690
   1 -0.0690
   1  0.4335
   7 -0.1018
   6  0.0379
   6  0.6197
   8 -0.5919
   6  0.0260
   1  0.2178
   1  0.0989
   1  0.0064
   1  0.0064
   1  0.0064
   7 -0.7820
   6  0.7095
   6  0.2772
   8 -0.5007
   6 -0.4644
   1  0.2542
   1 -0.0948
   1  0.1364
   1  0.1364
   1  0.1364
   7 -0.3675
   6  0.2076
   6  0.1378
   8 -0.4691
   6 -0.0096
   6 -0.2679
   6  0.8507
   8 -0.8238
   8 -0.8238
   1  0.2852
   1  0.0668
   1 -0.0129
   1 -0.0129
   1  0.0530
   1  0.0530
   7  0.0094
   6 -0.1936
   1  0.1004
   1  0.1004
   1  0.1004
   1  0.1375
  20  1.8379
   8 -0.5568
   1  0.2972
   1  0.2972
 rrms:    0.0452
