   6 -0.7258
   6  0.8750
   8 -0.6631
   1  0.2151
   1  0.2151
   1  0.2151
   7 -0.8835
   6  0.5903
   6 -0.0159
   8 -0.4667
   6 -0.7131
   6  0.7802
   8 -0.6756
   8 -0.6756
   1  0.4654
   1 -0.0293
   1  0.2352
   1  0.2352
   7 -0.2035
   6  0.0218
   6  0.4151
   8 -0.6018
   6 -0.1407
   6 -0.1229
   6  0.0498
   6  0.1094
   7 -0.0092
   1  0.3210
   1  0.1060
   1  0.0925
   1  0.0925
   1  0.0355
   1  0.0355
   1  0.0289
   1  0.0289
   1  0.0290
   1  0.0290
   1  0.1723
   1  0.1723
   1  0.1723
   7 -0.2190
   6  0.4738
   6  0.1482
   8 -0.4570
   6 -0.6944
   6  0.8598
   8 -0.7327
   8 -0.7327
   1  0.2662
   1 -0.0242
   1  0.1822
   1  0.1822
   7 -0.2604
   6 -0.2448
   6  0.9293
   8 -0.6139
   1  0.1732
   1  0.1754
   1  0.1754
   7 -1.3765
   6  1.3199
   6  0.1062
   8 -0.4986
   6 -0.7191
   6  0.9408
   7 -0.5488
   8 -0.6802
   1  0.4589
   1 -0.5084
   1  0.2062
   1  0.2062
   1  0.2673
   1  0.2673
   7 -0.0442
   6 -0.5857
   6  0.7186
   8 -0.5845
   1  0.2523
   1  0.2608
   1  0.2608
   7 -0.6408
   6  0.2276
   6  0.0530
   8 -0.5067
   6 -0.2625
   6  0.0144
   6 -0.0116
   6 -0.0116
   6 -0.4967
   6 -0.4967
   6  0.6241
   8 -0.6400
   1  0.3637
   1  0.0453
   1  0.0840
   1  0.0840
   1  0.1275
   1  0.1275
   1  0.2074
   1  0.2074
   1  0.4460
   7  0.0284
   6 -0.7963
   6  1.0509
   8 -0.5636
   6  0.6302
   6 -0.0188
   6 -0.5940
   6 -0.3000
   1  0.2352
   1  0.1496
   1 -0.1760
   1  0.0426
   1  0.0426
   1  0.1676
   1  0.1676
   1  0.1676
   1  0.0756
   1  0.0756
   1  0.0756
   7 -0.6490
   6  0.0079
   6  0.3273
   8 -0.5230
   6  0.1943
   8 -0.5722
   1  0.5716
   1  0.1026
   1  0.0132
   1  0.0132
   1  0.4138
   7 -0.3562
   6  0.2992
   6  0.2478
   8 -0.5408
   6 -0.1284
   1  0.3199
   1  0.0322
   1  0.0458
   1  0.0458
   1  0.0458
   7 -0.1085
   6  0.0767
   6  0.5267
   8 -0.5930
   6 -0.0685
   1 -0.0772
   1  0.0794
   1  0.0368
   1  0.0368
   1  0.0368
   7 -0.7440
   6  0.2040
   6  0.2074
   8 -0.4694
   6  0.0351
   6 -0.4873
   6  0.5882
   8 -0.7052
   8 -0.7052
   1  0.3944
   1  0.1045
   1  0.0920
   1  0.0920
   1  0.1112
   1  0.1112
   7 -0.0802
   6 -0.1217
   1  0.0858
   1  0.0858
   1  0.0858
   1  0.2556
  20  1.6927
   8 -0.3166
   1  0.2520
   1  0.2520
 rrms:    0.0436
