   6 -0.6431
   6  0.6850
   8 -0.6232
   1  0.1976
   1  0.1976
   1  0.1976
   7 -0.4094
   6  0.0154
   6  0.6839
   8 -0.6179
   6 -0.4454
   6  0.7350
   8 -0.6945
   8 -0.6945
   1  0.1977
   1  0.1241
   1  0.1421
   1  0.1421
   7 -0.7207
   6  0.2608
   6  0.2876
   8 -0.4858
   6 -0.1956
   6  0.1302
   6 -0.0821
   6  0.2868
   7 -0.2764
   1  0.4756
   1 -0.0076
   1  0.1020
   1  0.1020
   1 -0.0135
   1 -0.0135
   1  0.0499
   1  0.0499
   1 -0.0134
   1 -0.0134
   1  0.2785
   1  0.2785
   1  0.2785
   7 -0.4586
   6  0.7926
   6  0.3223
   8 -0.5885
   6 -0.9404
   6  1.0275
   8 -0.7887
   8 -0.7887
   1  0.2791
   1 -0.0407
   1  0.2365
   1  0.2365
   7 -1.0399
   6  0.4985
   6  0.6016
   8 -0.5163
   1  0.3835
   1  0.0122
   1  0.0122
   7 -0.9319
   6  1.0322
   6 -0.1940
   8 -0.3921
   6 -0.8344
   6  1.2678
   7 -1.0440
   8 -0.8051
   1  0.5064
   1 -0.3294
   1  0.2029
   1  0.2029
   1  0.4569
   1  0.4569
   7  0.0188
   6 -0.3555
   6  0.6059
   8 -0.6255
   1  0.2373
   1  0.1548
   1  0.1548
   7 -0.5273
   6  0.2909
   6  0.6433
   8 -0.5847
   6 -0.1886
   6  0.0886
   6 -0.1004
   6 -0.1004
   6 -0.4149
   6 -0.4149
   6  0.5129
   8 -0.5326
   1  0.2840
   1  0.0314
   1  0.0465
   1  0.0465
   1  0.1366
   1  0.1366
   1  0.2071
   1  0.2071
   1  0.3841
   7 -0.6194
   6  0.0371
   6  0.7838
   8 -0.6681
   6  0.3735
   6  0.0310
   6 -0.1010
   6 -0.3182
   1  0.3385
   1 -0.0333
   1 -0.1966
   1 -0.0111
   1 -0.0111
   1  0.0379
   1  0.0379
   1  0.0379
   1  0.0996
   1  0.0996
   1  0.0996
   7 -0.5788
   6 -0.0105
   6  0.7683
   8 -0.6230
   6  0.4434
   8 -0.6118
   1  0.3121
   1  0.1578
   1 -0.0654
   1 -0.0654
   1  0.4254
   7 -1.0681
   6  0.7643
   6  0.4264
   8 -0.4792
   6 -0.4599
   1  0.4173
   1 -0.0995
   1  0.1499
   1  0.1499
   1  0.1499
   7 -0.5358
   6  0.3169
   6  0.3071
   8 -0.4948
   6 -0.4912
   1  0.3014
   1  0.0632
   1  0.1428
   1  0.1428
   1  0.1428
   7 -0.3293
   6 -0.2058
   6  0.7422
   8 -0.6137
   6 -0.2882
   6 -0.1877
   6  0.9415
   8 -0.8386
   8 -0.8386
   1  0.1223
   1  0.0593
   1  0.1455
   1  0.1455
   1  0.0350
   1  0.0350
   7 -0.5362
   6  0.2405
   1 -0.0121
   1 -0.0121
   1 -0.0121
   1  0.4267
  20  1.7832
   8 -0.5041
   1  0.2798
   1  0.2798
 rrms:    0.0480
