   6 -0.5033
   6  0.7809
   8 -0.6445
   1  0.1440
   1  0.1440
   1  0.1440
   7 -0.6855
   6  0.8164
   6  0.1766
   8 -0.3892
   6 -0.8711
   6  0.8621
   8 -0.6543
   8 -0.6543
   1  0.4225
   1 -0.1425
   1  0.2791
   1  0.2791
   7  0.0724
   6  0.3548
   6 -0.0753
   8 -0.4748
   6 -0.1168
   6  0.2848
   6 -0.3531
   6  0.4778
   7 -0.3135
   1  0.1990
   1  0.0296
   1  0.0846
   1  0.0846
   1  0.0053
   1  0.0053
   1  0.1281
   1  0.1281
   1 -0.0522
   1 -0.0522
   1  0.2887
   1  0.2887
   1  0.2887
   7  0.2319
   6  0.1319
   6  0.1735
   8 -0.4161
   6 -0.4375
   6  1.0425
   8 -0.7418
   8 -0.7418
   1 -1.8892
   1  0.0808
   1  0.1957
   1  0.1957
   7  0.1098
   6 -0.4793
   6  0.7732
   8 -0.6640
   1  0.2785
   1  0.2350
   1  0.2350
   7 -0.5746
   6  0.4448
   6  0.2935
   8 -0.5101
   6 -0.4467
   6  0.7902
   7 -0.9323
   8 -0.5906
   1  0.3283
   1 -0.0448
   1  0.1708
   1  0.1708
   1  0.4273
   1  0.4273
   7 -0.0335
   6 -0.4070
   6  0.6364
   8 -0.6552
   1  0.1869
   1  0.1871
   1  0.1871
   7 -0.2548
   6  0.1680
   6  0.2238
   8 -0.5063
   6 -0.1895
   6  0.1840
   6 -0.2836
   6 -0.2836
   6 -0.2697
   6 -0.2697
   6  0.4699
   8 -0.5886
   1  0.0890
   1  0.0144
   1  0.0755
   1  0.0755
   1  0.1761
   1  0.1761
   1  0.1705
   1  0.1705
   1  0.4020
   7 -0.0756
   6 -0.8828
   6  1.1418
   8 -0.6385
   6  0.5146
   6 -0.3173
   6 -0.2348
   6 -0.3784
   1  0.2389
   1  0.3713
   1 -0.0319
   1  0.1324
   1  0.1324
   1  0.0695
   1  0.0695
   1  0.0695
   1  0.0987
   1  0.0987
   1  0.0987
   7 -0.7475
   6 -0.0736
   6  0.6158
   8 -0.5721
   6 -0.0869
   8 -0.3644
   1  0.3499
   1  0.0842
   1  0.0407
   1  0.0407
   1  0.3788
   7 -0.4669
   6  0.1467
   6  0.5600
   8 -0.5878
   6 -0.1341
   1  0.4209
   1  0.0863
   1  0.0542
   1  0.0542
   1  0.0542
   7 -0.7013
   6  0.4808
   6  0.2824
   8 -0.5392
   6 -0.3089
   1  0.3606
   1 -0.0473
   1  0.1156
   1  0.1156
   1  0.1156
   7 -0.3366
   6 -0.1310
   6  0.6573
   8 -0.5776
   6  0.0581
   6 -0.4863
   6  0.7389
   8 -0.6949
   8 -0.6949
   1  0.2620
   1  0.1032
   1 -0.0096
   1 -0.0096
   1  0.1051
   1  0.1051
   7 -0.4128
   6  0.0980
   1  0.0227
   1  0.0227
   1  0.0227
   1  0.3887
  20  1.6448
   8 -0.6430
   1  0.3287
   1  0.3287
 rrms:    0.0526
