   6 -0.3872
   6  0.6361
   8 -0.6470
   1  0.1254
   1  0.1254
   1  0.1254
   7 -0.6731
   6  0.2325
   6  0.4203
   8 -0.5209
   6  0.0276
   6  0.0993
   8 -0.4465
   8 -0.4465
   1  0.3841
   1  0.0199
   1  0.0600
   1  0.0600
   7  0.1561
   6 -0.8098
   6  0.9277
   8 -0.7098
   6  0.7434
   6 -0.5156
   6  0.1033
   6  0.3262
   7 -0.3358
   1 -0.0162
   1  0.2442
   1 -0.0784
   1 -0.0784
   1  0.1704
   1  0.1704
   1 -0.0294
   1 -0.0294
   1 -0.0019
   1 -0.0019
   1  0.3383
   1  0.3383
   1  0.3383
   7 -0.9925
   6  1.0373
   6 -0.4230
   8 -0.3803
   6 -0.9176
   6  1.0174
   8 -0.7935
   8 -0.7935
   1  0.5071
   1 -0.1239
   1  0.2563
   1  0.2563
   7  0.3665
   6 -0.4649
   6  0.6702
   8 -0.5986
   1 -0.3068
   1  0.2102
   1  0.2102
   7 -0.3278
   6  0.2288
   6 -0.0584
   8 -0.4055
   6 -0.2092
   6  0.5016
   7 -0.8590
   8 -0.6036
   1 -0.0020
   1  0.0339
   1  0.1301
   1  0.1301
   1  0.4276
   1  0.4276
   7  0.2865
   6 -0.6796
   6  0.9666
   8 -0.7029
   1 -0.1808
   1  0.2119
   1  0.2119
   7 -1.0719
   6  0.2872
   6  0.3806
   8 -0.5198
   6 -0.4645
   6  0.1829
   6 -0.0519
   6 -0.0519
   6 -0.4958
   6 -0.4958
   6  0.6108
   8 -0.5924
   1  1.3152
   1 -0.0045
   1  0.1224
   1  0.1224
   1  0.1228
   1  0.1228
   1  0.1996
   1  0.1996
   1  0.4223
   7 -0.4189
   6 -0.0035
   6  0.6347
   8 -0.5224
   6 -0.1165
   6  0.1159
   6 -0.0802
   6 -0.2139
   1  0.2681
   1  0.0555
   1  0.1058
   1  0.0455
   1  0.0455
   1 -0.0007
   1 -0.0007
   1 -0.0007
   1  0.0685
   1  0.0685
   1  0.0685
   7 -0.2457
   6 -0.2000
   6  0.7079
   8 -0.0817
   6  0.2527
   8 -0.6120
   1  0.1232
   1  0.1916
   1  0.0135
   1  0.0135
   1  0.5009
   7 -0.3869
   6  0.4551
   6  0.6438
   8 -0.4859
   6 -0.0995
   1  0.3355
   1 -0.0822
   1  0.0583
   1  0.0583
   1  0.0583
   7 -0.0364
   6  0.6916
   6 -0.6472
   8 -0.3595
   6 -0.3000
   1  0.3008
   1  0.0073
   1  0.1335
   1  0.1335
   1  0.1335
   7  1.6367
   6 -1.2715
   6  0.9551
   8 -0.5561
   6  1.6175
   6 -1.2331
   6  1.3866
   8 -0.9554
   8 -0.9554
   1 -3.4442
   1  0.3743
   1 -0.3421
   1 -0.3421
   1  0.3219
   1  0.3219
   7 -0.1532
   6 -0.2440
   1  0.1492
   1  0.1492
   1  0.1492
   1  0.1061
  20  1.8465
   8 -0.5100
   1  0.2742
   1  0.2742
 rrms:    0.0429
