   6 -0.6727
   6  1.0697
   8 -0.8313
   1  0.2019
   1  0.2019
   1  0.2019
   7 -1.2248
   6  0.6278
   6  0.5234
   8 -0.4630
   6 -0.7395
   6  0.8959
   8 -0.7732
   8 -0.7732
   1  0.5267
   1 -0.0440
   1  0.1566
   1  0.1566
   7 -0.5273
   6 -0.0405
   6  0.4293
   8 -0.6075
   6 -0.2186
   6  0.1713
   6 -0.3800
   6  0.7133
   7 -0.7024
   1  0.4071
   1  0.1279
   1  0.0836
   1  0.0836
   1 -0.0104
   1 -0.0104
   1  0.1555
   1  0.1555
   1 -0.1207
   1 -0.1207
   1  0.4225
   1  0.4225
   1  0.4225
   7 -0.4159
   6  0.7508
   6 -0.0063
   8 -0.3565
   6 -0.8635
   6  1.0626
   8 -0.8822
   8 -0.8822
   1  0.1483
   1 -0.1249
   1  0.2272
   1  0.2272
   7 -0.0214
   6 -0.5504
   6  0.9443
   8 -0.6819
   1  0.1775
   1  0.2221
   1  0.2221
   7 -1.0722
   6  0.8267
   6  0.2096
   8 -0.4923
   6 -0.9582
   6  1.1063
   7 -0.9568
   8 -0.7521
   1  0.4900
   1 -0.1628
   1  0.2661
   1  0.2661
   1  0.4790
   1  0.4790
   7 -0.1216
   6 -0.3899
   6  0.7946
   8 -0.6318
   1  0.2431
   1  0.1989
   1  0.1989
   7 -0.7986
   6  0.6172
   6 -0.0697
   8 -0.4937
   6 -0.4990
   6  0.3655
   6 -0.2928
   6 -0.2928
   6 -0.2550
   6 -0.2550
   6  0.3909
   8 -0.5694
   1  0.3905
   1 -0.0308
   1  0.1319
   1  0.1319
   1  0.1712
   1  0.1712
   1  0.1589
   1  0.1589
   1  0.4126
   7 -0.0790
   6 -0.0801
   6  0.5813
   8 -0.5455
   6  0.3702
   6 -0.2595
   6 -0.3262
   6 -0.1475
   1  0.1359
   1  0.0352
   1 -0.0368
   1  0.1334
   1  0.1334
   1  0.0736
   1  0.0736
   1  0.0736
   1  0.0483
   1  0.0483
   1  0.0483
   7 -0.3560
   6 -0.0476
   6  0.1696
   8 -0.4910
   6  0.2601
   8 -0.6131
   1  0.4036
   1  0.1473
   1 -0.0069
   1 -0.0069
   1  0.4191
   7 -0.0542
   6  0.0646
   6  0.6179
   8 -0.6051
   6  0.0274
   1  0.2285
   1  0.0899
   1  0.0033
   1  0.0033
   1  0.0033
   7 -0.7907
   6  0.5402
   6  0.6277
   8 -0.5719
   6 -0.4784
   1  0.2197
   1 -0.0126
   1  0.1543
   1  0.1543
   1  0.1543
   7 -1.1138
   6  0.6357
   6  0.1122
   8 -0.4455
   6  0.0131
   6 -0.5656
   6  0.9771
   8 -0.8774
   8 -0.8774
   1  0.4662
   1  0.0258
   1  0.0239
   1  0.0239
   1  0.0706
   1  0.0706
   7 -0.1218
   6 -0.1428
   1  0.0953
   1  0.0953
   1  0.0953
   1  0.2542
  20  2.0184
   8 -0.6902
   1  0.3322
   1  0.3322
 rrms:    0.0603
