   6 -0.5339
   6  0.8558
   8 -0.6886
   1  0.1569
   1  0.1569
   1  0.1569
   7 -0.9040
   6  0.7526
   6  0.0002
   8 -0.4976
   6 -0.9347
   6  0.9978
   8 -0.7377
   8 -0.7377
   1  0.4496
   1 -0.1260
   1  0.2085
   1  0.2085
   7  0.0887
   6 -0.0078
   6  0.5431
   8 -0.6024
   6  0.0305
   6 -0.0560
   6 -0.1401
   6  0.0271
   7 -0.5628
   1  0.1561
   1  0.0033
   1  0.0146
   1  0.0146
   1  0.0202
   1  0.0202
   1  0.0579
   1  0.0579
   1  0.1157
   1  0.1157
   1  0.3546
   1  0.3546
   1  0.3546
   7 -0.3872
   6  0.5568
   6  0.1314
   8 -0.4278
   6 -0.4536
   6  0.8414
   8 -0.7903
   8 -0.7903
   1  0.3422
   1 -0.0614
   1  0.1335
   1  0.1335
   7 -0.3418
   6  0.1114
   6  0.8077
   8 -0.6101
   1  0.2807
   1  0.0447
   1  0.0447
   7 -0.9756
   6  0.6890
   6  0.1996
   8 -0.4293
   6 -1.0208
   6  1.2781
   7 -1.2427
   8 -0.9074
   1  0.3735
   1 -0.1058
   1  0.3143
   1  0.3143
   1  0.5342
   1  0.5342
   7 -0.1120
   6 -0.2149
   6  0.5017
   8 -0.5484
   1  0.2543
   1  0.1369
   1  0.1369
   7 -0.7027
   6  0.3467
   6  0.0721
   8 -0.4299
   6 -0.3624
   6  0.2268
   6 -0.2037
   6 -0.2037
   6 -0.2812
   6 -0.2812
   6  0.3671
   8 -0.5350
   1  0.3974
   1  0.0389
   1  0.1025
   1  0.1025
   1  0.1584
   1  0.1584
   1  0.1738
   1  0.1738
   1  0.4041
   7  0.0790
   6 -1.3117
   6  1.1229
   8 -0.6964
   6  0.8733
   6 -0.5237
   6 -0.8663
   6  0.2555
   1  0.2168
   1  0.4678
   1 -0.2321
   1  0.1412
   1  0.1412
   1  0.2157
   1  0.2157
   1  0.2157
   1 -0.0157
   1 -0.0157
   1 -0.0157
   7 -0.1626
   6 -0.4261
   6  0.9888
   8 -0.6704
   6  0.3704
   8 -0.6693
   1  0.3738
   1  0.1491
   1 -0.0539
   1 -0.0539
   1  0.4397
   7 -0.7313
   6  0.4628
   6  0.1354
   8 -0.5404
   6 -0.5151
   1  0.3971
   1  0.0343
   1  0.1567
   1  0.1567
   1  0.1567
   7 -0.1116
   6  0.3116
   6  0.3342
   8 -0.5200
   6 -0.2109
   1 -0.1059
   1 -0.0143
   1  0.1026
   1  0.1026
   1  0.1026
   7 -0.7126
   6  0.1306
   6  0.1965
   8 -0.5018
   6  0.0689
   6 -0.8584
   6  1.0499
   8 -0.7776
   8 -0.7776
   1  0.4295
   1  0.1280
   1  0.1176
   1  0.1176
   1  0.2385
   1  0.2385
   7 -0.1469
   6  0.2112
   1 -0.0009
   1 -0.0009
   1 -0.0009
   1  0.2415
  20  1.6321
   8 -0.6532
   1  0.3161
   1  0.3161
 rrms:    0.0627
