   6 -0.5838
   6  0.7281
   8 -0.6464
   1  0.1789
   1  0.1789
   1  0.1789
   7 -0.3630
   6  0.0930
   6  0.6373
   8 -0.6023
   6 -0.4245
   6  0.7311
   8 -0.7234
   8 -0.7234
   1  0.2197
   1  0.0403
   1  0.1420
   1  0.1420
   7 -0.7666
   6  0.4355
   6  0.3006
   8 -0.4856
   6 -0.2119
   6  0.2155
   6 -0.0962
   6  0.3612
   7 -0.3411
   1  0.3413
   1 -0.0293
   1  0.0789
   1  0.0789
   1 -0.0504
   1 -0.0504
   1  0.0605
   1  0.0605
   1 -0.0368
   1 -0.0368
   1  0.3153
   1  0.3153
   1  0.3153
   7 -0.1753
   6 -0.0454
   6  0.3602
   8 -0.5731
   6 -0.0497
   6  0.6389
   8 -0.6975
   8 -0.6975
   1  0.1165
   1  0.1309
   1  0.0419
   1  0.0419
   7 -0.3927
   6  0.1448
   6  0.3176
   8 -0.4862
   1  0.1998
   1  0.0503
   1  0.0503
   7 -0.5367
   6  0.6345
   6  0.2295
   8 -0.4762
   6 -0.5349
   6  0.9814
   7 -0.8541
   8 -0.6751
   1  0.3337
   1 -0.1643
   1  0.1303
   1  0.1303
   1  0.4096
   1  0.4096
   7 -0.3590
   6  0.0749
   6  0.4590
   8 -0.5922
   1  0.3327
   1  0.0320
   1  0.0320
   7 -0.5884
   6  0.5112
   6  0.3606
   8 -0.4420
   6 -0.3538
   6  0.2682
   6 -0.2451
   6 -0.2451
   6 -0.2859
   6 -0.2859
   6  0.4042
   8 -0.5508
   1  0.3336
   1 -0.0094
   1  0.0939
   1  0.0939
   1  0.1662
   1  0.1662
   1  0.1744
   1  0.1744
   1  0.4089
   7 -0.3889
   6 -0.2198
   6  0.9466
   8 -0.7283
   6  0.0121
   6 -0.0840
   6 -0.3499
   6 -0.4977
   1  0.3023
   1  0.0390
   1  0.0785
   1  0.0707
   1  0.0707
   1  0.0741
   1  0.0741
   1  0.0741
   1  0.1575
   1  0.1575
   1  0.1575
   7 -0.4239
   6 -0.3131
   6  0.9036
   8 -0.6836
   6  0.5252
   8 -0.6985
   1  0.3397
   1  0.2214
   1 -0.0805
   1 -0.0805
   1  0.4308
   7 -0.8629
   6  0.4953
   6  0.3316
   8 -0.4502
   6 -0.2815
   1  0.3941
   1 -0.0344
   1  0.0899
   1  0.0899
   1  0.0899
   7 -0.3698
   6  0.2082
   6  0.3568
   8 -0.5301
   6 -0.4419
   1  0.2905
   1  0.0800
   1  0.1353
   1  0.1353
   1  0.1353
   7 -0.3965
   6  0.0059
   6  0.6646
   8 -0.5849
   6  0.4718
   6 -0.9806
   6  1.1030
   8 -0.8800
   8 -0.8800
   1  0.1540
   1  0.0906
   1 -0.1250
   1 -0.1250
   1  0.2068
   1  0.2068
   7 -0.3728
   6 -0.1370
   1  0.0926
   1  0.0926
   1  0.0926
   1  0.3719
  20  1.9327
   8 -0.7773
   1  0.3634
   1  0.3634
 rrms:    0.0478
