   6 -0.5325
   6  0.5595
   8 -0.5639
   1  0.1700
   1  0.1700
   1  0.1700
   7 -0.4749
   6  0.4161
   6  0.2622
   8 -0.4369
   6 -0.4382
   6  0.3905
   8 -0.6842
   8 -0.6842
   1  0.3532
   1 -0.0413
   1  0.1716
   1  0.1716
   7 -0.0729
   6  0.1015
   6  0.2257
   8 -0.5807
   6  0.0195
   6 -0.2576
   6  0.0098
   6  0.3947
   7 -0.1282
   1  0.0624
   1  0.0569
   1  0.0763
   1  0.0763
   1  0.1003
   1  0.1003
   1  0.0507
   1  0.0507
   1 -0.0628
   1 -0.0628
   1  0.2821
   1  0.2821
   1  0.2821
   7 -0.3050
   6  0.6316
   6 -0.2237
   8 -0.4013
   6 -0.6600
   6  0.9285
   8 -0.7237
   8 -0.7237
   1 -0.2275
   1  0.0197
   1  0.2255
   1  0.2255
   7  0.2965
   6 -0.2340
   6  0.5337
   8 -0.5787
   1 -0.1319
   1  0.1463
   1  0.1463
   7 -0.0265
   6 -0.3089
   6  0.3984
   8 -0.5652
   6  0.0166
   6  0.2720
   7 -0.6523
   8 -0.3139
   1  0.0104
   1  0.1942
   1  0.0920
   1  0.0920
   1  0.3638
   1  0.3638
   7 -0.0692
   6 -0.2507
   6  0.5272
   8 -0.5921
   1  0.0845
   1  0.1358
   1  0.1358
   7 -0.4512
   6 -0.0606
   6  0.5478
   8 -0.5065
   6 -0.3284
   6 -0.0365
   6  0.0851
   6  0.0851
   6 -0.5792
   6 -0.5792
   6  0.6402
   8 -0.5425
   1  0.3458
   1  0.1197
   1  0.1261
   1  0.1261
   1  0.1141
   1  0.1141
   1  0.2251
   1  0.2251
   1  0.4208
   7 -0.4319
   6 -0.1713
   6  0.8812
   8 -0.6302
   6  0.2671
   6 -0.2385
   6 -0.1463
   6 -0.0814
   1  0.2717
   1  0.0698
   1 -0.0857
   1  0.1019
   1  0.1019
   1  0.0275
   1  0.0275
   1  0.0275
   1  0.0338
   1  0.0338
   1  0.0338
   7 -0.6503
   6  0.0636
   6  0.1969
   8 -0.2184
   6  0.3473
   8 -0.4524
   1  0.3773
   1  0.0727
   1 -0.0614
   1 -0.0614
   1  0.4221
   7 -0.3327
   6  0.1586
   6  0.5423
   8 -0.6291
   6 -0.1184
   1  0.3052
   1  0.0276
   1  0.0444
   1  0.0444
   1  0.0444
   7 -0.3780
   6  0.3402
   6  0.0502
   8 -0.5227
   6 -0.2913
   1  0.3283
   1 -0.0102
   1  0.0967
   1  0.0967
   1  0.0967
   7  0.2631
   6  0.0345
   6  0.2716
   8 -0.5806
   6  0.1862
   6 -0.4800
   6  0.8582
   8 -0.8522
   8 -0.8522
   1 -0.2298
   1  0.1120
   1  0.0569
   1  0.0569
   1  0.0976
   1  0.0976
   7  0.0042
   6 -0.2039
   1  0.1042
   1  0.1042
   1  0.1042
   1 -0.1247
  20  2.0531
   8 -0.7516
   1  0.3609
   1  0.3609
 rrms:    0.0436
