   6 -0.6170
   6  0.8317
   8 -0.6836
   1  0.1869
   1  0.1869
   1  0.1869
   7 -0.5372
   6  0.2327
   6  0.4589
   8 -0.5539
   6 -0.2474
   6  0.6467
   8 -0.6998
   8 -0.6998
   1  0.2491
   1  0.0184
   1  0.0852
   1  0.0852
   7 -0.4077
   6 -0.1189
   6  0.7314
   8 -0.6256
   6 -0.0110
   6  0.0275
   6 -0.1583
   6  0.3771
   7 -0.2912
   1  0.2233
   1  0.1491
   1  0.0288
   1  0.0288
   1 -0.0012
   1 -0.0012
   1  0.0961
   1  0.0961
   1 -0.0395
   1 -0.0395
   1  0.3143
   1  0.3143
   1  0.3143
   7 -0.6242
   6  0.4065
   6  0.1013
   8 -0.5481
   6 -0.1411
   6  0.6687
   8 -0.7027
   8 -0.7027
   1  0.2593
   1  0.0427
   1  0.0422
   1  0.0422
   7 -0.0426
   6 -0.0317
   6  0.0867
   8 -0.4480
   1  0.0608
   1  0.1359
   1  0.1359
   7 -0.0919
   6  0.4034
   6  0.4311
   8 -0.5123
   6 -0.8008
   6  0.9999
   7 -0.8703
   8 -0.7277
   1  0.2378
   1 -0.0952
   1  0.2320
   1  0.2320
   1  0.4109
   1  0.4109
   7 -0.5253
   6  0.0898
   6  0.2332
   8 -0.5237
   1  0.3416
   1  0.0540
   1  0.0540
   7 -0.3173
   6  0.1944
   6  0.3511
   8 -0.4995
   6 -0.2278
   6  0.3638
   6 -0.4069
   6 -0.4069
   6 -0.1116
   6 -0.1116
   6  0.2282
   8 -0.5092
   1  0.3064
   1  0.1093
   1  0.0658
   1  0.0658
   1  0.1781
   1  0.1781
   1  0.1482
   1  0.1482
   1  0.3893
   7  0.1855
   6 -0.8308
   6  1.0450
   8 -0.7514
   6  0.5190
   6 -0.4058
   6 -0.9562
   6 -0.0602
   1  0.0606
   1  0.2515
   1 -0.0424
   1  0.1706
   1  0.1706
   1  0.2603
   1  0.2603
   1  0.2603
   1  0.0210
   1  0.0210
   1  0.0210
   7 -0.5844
   6  0.0358
   6  0.5542
   8 -0.5655
   6  0.4550
   8 -0.5965
   1  0.3337
   1  0.0976
   1 -0.0566
   1 -0.0566
   1  0.4059
   7 -0.9384
   6  0.5900
   6  0.3265
   8 -0.4554
   6 -0.3387
   1  0.3882
   1 -0.0095
   1  0.1163
   1  0.1163
   1  0.1163
   7 -0.4451
   6  0.2508
   6  0.3380
   8 -0.5027
   6 -0.4331
   1  0.2919
   1  0.0786
   1  0.1233
   1  0.1233
   1  0.1233
   7 -0.3728
   6 -0.2449
   6  0.7001
   8 -0.6438
   6  0.5256
   6 -0.9364
   6  0.9876
   8 -0.7993
   8 -0.7993
   1  0.1449
   1  0.1832
   1 -0.0649
   1 -0.0649
   1  0.2286
   1  0.2286
   7 -0.4515
   6  0.0747
   1  0.0398
   1  0.0398
   1  0.0398
   1  0.3651
  20  1.7084
   8 -0.5935
   1  0.3126
   1  0.3126
 rrms:    0.0526
