   6 -0.5413
   6  0.8524
   8 -0.7040
   1  0.1685
   1  0.1685
   1  0.1685
   7 -0.7980
   6  0.5790
   6  0.3590
   8 -0.5883
   6 -0.7094
   6  0.8396
   8 -0.7337
   8 -0.7337
   1  0.3252
   1  0.0299
   1  0.2089
   1  0.2089
   7 -0.7968
   6  0.5044
   6  0.3378
   8 -0.5533
   6 -0.0688
   6 -0.0717
   6  0.1173
   6  0.1387
   7  0.0186
   1  0.3431
   1 -0.0097
   1  0.0757
   1  0.0757
   1  0.0063
   1  0.0063
   1 -0.0146
   1 -0.0146
   1  0.0254
   1  0.0254
   1  0.2049
   1  0.2049
   1  0.2049
   7 -0.5375
   6  0.5818
   6 -0.0150
   8 -0.4054
   6 -1.0033
   6  1.1021
   8 -0.8682
   8 -0.8682
   1  0.3890
   1 -0.0528
   1  0.3111
   1  0.3111
   7  0.0701
   6 -0.5362
   6  0.8037
   8 -0.5168
   1  0.1027
   1  0.2345
   1  0.2345
   7 -0.7961
   6  0.3947
   6  0.4409
   8 -0.5570
   6 -0.6904
   6  0.9928
   7 -1.0559
   8 -0.6869
   1  0.4318
   1 -0.1117
   1  0.2152
   1  0.2152
   1  0.4700
   1  0.4700
   7 -0.1910
   6 -0.2780
   6  0.7584
   8 -0.6527
   1  0.3108
   1  0.1559
   1  0.1559
   7 -0.8456
   6  0.5308
   6 -0.0764
   8 -0.5024
   6 -0.3488
   6  0.1556
   6 -0.1390
   6 -0.1390
   6 -0.4320
   6 -0.4320
   6  0.5682
   8 -0.5930
   1  0.4024
   1 -0.0132
   1  0.1150
   1  0.1150
   1  0.1355
   1  0.1355
   1  0.1986
   1  0.1986
   1  0.4308
   7 -0.1628
   6 -0.4127
   6  0.8022
   8 -0.6147
   6  0.3074
   6 -0.2229
   6 -0.4944
   6  0.0286
   1  0.2975
   1  0.1665
   1  0.0208
   1  0.0887
   1  0.0887
   1  0.1321
   1  0.1321
   1  0.1321
   1  0.0125
   1  0.0125
   1  0.0125
   7 -0.5861
   6  0.1396
   6  0.1474
   8 -0.4950
   6 -0.1224
   8 -0.4890
   1  0.5647
   1  0.1429
   1  0.1111
   1  0.1111
   1  0.3821
   7 -0.0257
   6  0.0292
   6  0.5751
   8 -0.5821
   6 -0.1840
   1  0.2201
   1  0.1289
   1  0.0625
   1  0.0625
   1  0.0625
   7 -0.6856
   6  0.6975
   6  0.0714
   8 -0.4192
   6 -0.4300
   1  0.1792
   1 -0.1286
   1  0.1166
   1  0.1166
   1  0.1166
   7 -0.1056
   6 -0.0521
   6  0.3560
   8 -0.5516
   6  0.3475
   6 -0.5942
   6  0.8025
   8 -0.7567
   8 -0.7567
   1  0.2538
   1  0.0939
   1 -0.0846
   1 -0.0846
   1  0.1301
   1  0.1301
   7 -0.1442
   6 -0.1170
   1  0.0847
   1  0.0847
   1  0.0847
   1  0.1958
  20  1.8102
   8 -0.6150
   1  0.3090
   1  0.3090
 rrms:    0.0519
