   6 -0.3971
   6  0.6824
   8 -0.6808
   1  0.1243
   1  0.1243
   1  0.1243
   7 -0.6073
   6  0.1921
   6  0.3688
   8 -0.5342
   6 -0.5116
   6  0.6877
   8 -0.6937
   8 -0.6937
   1  0.3752
   1  0.0363
   1  0.1725
   1  0.1725
   7 -0.1895
   6 -0.1178
   6  0.2542
   8 -0.5071
   6  0.0536
   6 -0.1832
   6 -0.0300
   6  0.4340
   7 -0.5547
   1  0.3211
   1  0.1295
   1  0.0314
   1  0.0314
   1  0.0685
   1  0.0685
   1  0.0664
   1  0.0664
   1 -0.0365
   1 -0.0365
   1  0.3954
   1  0.3954
   1  0.3954
   7 -0.1647
   6  0.1151
   6  0.2757
   8 -0.4337
   6 -0.1656
   6  0.5537
   8 -0.6969
   8 -0.6969
   1  0.1332
   1 -0.0200
   1  0.0784
   1  0.0784
   7 -0.2722
   6 -0.3278
   6  0.7752
   8 -0.4895
   1  0.2666
   1  0.1898
   1  0.1898
   7 -0.9449
   6  0.6294
   6  0.1435
   8 -0.4842
   6 -0.8926
   6  0.9611
   7 -0.7324
   8 -0.6985
   1  0.4381
   1 -0.0522
   1  0.2597
   1  0.2597
   1  0.3140
   1  0.3140
   7 -0.1110
   6 -0.2575
   6  0.6011
   8 -0.6033
   1  0.2878
   1  0.1524
   1  0.1524
   7 -0.8046
   6  0.5854
   6 -0.0941
   8 -0.4617
   6 -0.3285
   6  0.0659
   6 -0.0267
   6 -0.0267
   6 -0.4901
   6 -0.4901
   6  0.5809
   8 -0.5521
   1  0.4280
   1 -0.0627
   1  0.1316
   1  0.1316
   1  0.1077
   1  0.1077
   1  0.1934
   1  0.1934
   1  0.4094
   7 -0.0359
   6 -0.4823
   6  0.5871
   8 -0.4755
   6  0.5196
   6 -0.1700
   6 -0.5552
   6  0.1115
   1  0.3566
   1  0.1503
   1 -0.1255
   1  0.0503
   1  0.0503
   1  0.1336
   1  0.1336
   1  0.1336
   1 -0.0150
   1 -0.0150
   1 -0.0150
   7 -0.1995
   6  0.0273
   6  0.1977
   8 -0.4918
   6  0.4813
   8 -0.6365
   1  0.2819
   1  0.0655
   1 -0.0803
   1 -0.0803
   1  0.4142
   7 -0.2820
   6  0.1099
   6  0.5391
   8 -0.5862
   6 -0.1105
   1  0.3273
   1  0.0903
   1  0.0532
   1  0.0532
   1  0.0532
   7 -0.5901
   6  0.5603
   6  0.0785
   8 -0.4453
   6 -0.3575
   1  0.1551
   1 -0.0832
   1  0.1155
   1  0.1155
   1  0.1155
   7 -0.1484
   6 -0.0705
   6  0.2924
   8 -0.5306
   6  0.5984
   6 -0.9163
   6  1.1003
   8 -0.8147
   8 -0.8147
   1  0.2486
   1  0.1565
   1 -0.2083
   1 -0.2083
   1  0.2288
   1  0.2288
   7 -0.0971
   6 -0.0989
   1  0.0799
   1  0.0799
   1  0.0799
   1  0.1911
  20  1.6664
   8 -0.6682
   1  0.3378
   1  0.3378
 rrms:    0.0524
