   6 -0.6203
   6  0.8911
   8 -0.6834
   1  0.1798
   1  0.1798
   1  0.1798
   7 -1.0072
   6  1.0113
   6 -0.0086
   8 -0.3927
   6 -1.1768
   6  1.0561
   8 -0.8559
   8 -0.8559
   1  0.5136
   1 -0.2236
   1  0.3593
   1  0.3593
   7 -0.1463
   6  0.1189
   6  0.2381
   8 -0.5385
   6 -0.1398
   6  0.5854
   6 -0.4886
   6  0.6107
   7 -0.2656
   1  0.1877
   1  0.0742
   1  0.0484
   1  0.0484
   1 -0.1506
   1 -0.1506
   1  0.1453
   1  0.1453
   1 -0.1164
   1 -0.1164
   1  0.2701
   1  0.2701
   1  0.2701
   7 -0.3911
   6  0.6570
   6 -0.1830
   8 -0.4011
   6 -0.5925
   6  0.9776
   8 -0.7753
   8 -0.7753
   1  0.0503
   1 -0.0278
   1  0.1687
   1  0.1687
   7  0.2505
   6 -0.3720
   6  0.5703
   8 -0.5758
   1  0.0402
   1  0.1802
   1  0.1802
   7 -0.5180
   6  0.7397
   6 -0.1651
   8 -0.2469
   6 -0.3512
   6  0.8454
   7 -1.0036
   8 -0.6883
   1  0.2030
   1 -0.1549
   1  0.0853
   1  0.0853
   1  0.4718
   1  0.4718
   7 -0.1793
   6 -0.0513
   6  0.3698
   8 -0.5622
   1  0.3044
   1  0.0954
   1  0.0954
   7 -0.0746
   6  0.0309
   6  0.3716
   8 -0.5504
   6 -0.2478
   6  0.0167
   6 -0.0398
   6 -0.0398
   6 -0.4621
   6 -0.4621
   6  0.5774
   8 -0.5698
   1  0.1894
   1  0.0776
   1  0.0953
   1  0.0953
   1  0.1281
   1  0.1281
   1  0.1914
   1  0.1914
   1  0.4187
   7 -0.3211
   6 -0.2070
   6  0.5004
   8 -0.4796
   6  0.1186
   6  0.3433
   6 -0.2680
   6 -0.3106
   1  0.2808
   1  0.1832
   1  0.0281
   1 -0.0579
   1 -0.0579
   1  0.0626
   1  0.0626
   1  0.0626
   1  0.0491
   1  0.0491
   1  0.0491
   7  0.0601
   6 -0.8360
   6  1.0706
   8 -0.6277
   6  0.4994
   8 -0.5441
   1 -0.0599
   1  0.2267
   1 -0.0891
   1 -0.0891
   1  0.3777
   7 -0.8707
   6  0.4180
   6  0.1461
   8 -0.5309
   6 -0.4145
   1  0.5757
   1  0.0219
   1  0.1259
   1  0.1259
   1  0.1259
   7 -0.1742
   6  0.0500
   6  0.3431
   8 -0.5795
   6 -0.1529
   1  0.2627
   1  0.4896
   1  0.0478
   1  0.0478
   1  0.0478
   7  0.0318
   6 -0.8982
   6  1.0919
   8 -0.7011
   6  0.7583
   6 -0.6531
   6  0.8340
   8 -0.7250
   8 -0.7250
   1  0.1079
   1  0.2255
   1 -0.3028
   1 -0.3028
   1  0.1342
   1  0.1342
   7 -0.5248
   6  0.0430
   1  0.0373
   1  0.0373
   1  0.0373
   1  0.4331
  20  1.8368
   8 -0.6724
   1  0.3568
   1  0.3568
 rrms:    0.0531
