   6 -0.6422
   6  0.9642
   8 -0.6767
   1  0.1908
   1  0.1908
   1  0.1908
   7 -1.0887
   6  0.9364
   6 -0.0906
   8 -0.3880
   6 -1.0176
   6  1.1565
   8 -0.9217
   8 -0.9217
   1  0.5512
   1 -0.0870
   1  0.3246
   1  0.3246
   7  0.3725
   6 -0.7458
   6  0.8271
   8 -0.6474
   6  0.6156
   6 -0.4440
   6  0.1428
   6  0.4680
   7 -0.5506
   1 -0.8190
   1  0.2475
   1 -0.1101
   1 -0.1101
   1  0.1803
   1  0.1803
   1 -0.0210
   1 -0.0210
   1 -0.0823
   1 -0.0823
   1  0.4015
   1  0.4015
   1  0.4015
   7 -0.5530
   6  0.7866
   6 -0.1858
   8 -0.4541
   6 -0.7680
   6  0.8686
   8 -0.7666
   8 -0.7666
   1  0.3710
   1 -0.0442
   1  0.2294
   1  0.2294
   7  0.1204
   6 -0.1240
   6  0.3323
   8 -0.5161
   1 -0.1685
   1  0.1275
   1  0.1275
   7  0.0194
   6 -0.0838
   6  0.3785
   8 -0.5237
   6 -0.2296
   6  0.2185
   7 -0.2525
   8 -0.1760
   1  0.0395
   1  0.1143
   1  0.1341
   1  0.1341
   1  0.2290
   1  0.2290
   7 -0.1459
   6 -0.2216
   6  0.4388
   8 -0.5648
   1  0.2619
   1  0.1354
   1  0.1354
   7 -0.0123
   6 -0.2510
   6  0.7376
   8 -0.7126
   6 -0.0069
   6 -0.1371
   6 -0.0179
   6 -0.0179
   6 -0.4556
   6 -0.4556
   6  0.5154
   8 -0.5905
   1  0.0132
   1  0.1351
   1  0.0264
   1  0.0264
   1  0.1241
   1  0.1241
   1  0.1879
   1  0.1879
   1  0.4431
   7 -0.4744
   6 -0.1534
   6  0.9708
   8 -0.6760
   6  0.2854
   6 -0.1340
   6 -0.5748
   6 -0.0373
   1  0.3139
   1 -0.0642
   1 -0.0414
   1  0.0854
   1  0.0854
   1  0.1363
   1  0.1363
   1  0.1363
   1  0.0203
   1  0.0203
   1  0.0203
   7 -0.4038
   6 -0.0143
   6  0.3348
   8 -0.1703
   6  0.2804
   8 -0.4193
   1  0.1027
   1  0.0099
   1 -0.0206
   1 -0.0206
   1  0.0925
   7 -0.4032
   6  0.2581
   6  0.3583
   8 -0.5876
   6 -0.2832
   1  0.3410
   1  0.0105
   1  0.0928
   1  0.0928
   1  0.0928
   7 -0.2941
   6  0.2559
   6  0.0193
   8 -0.4924
   6 -0.3217
   1  0.3251
   1  0.0381
   1  0.1179
   1  0.1179
   1  0.1179
   7  0.3669
   6 -0.1489
   6  0.3252
   8 -0.5501
   6  0.0805
   6 -0.2879
   6  0.4064
   8 -0.3571
   8 -0.3571
   1 -0.2464
   1  0.1374
   1  0.0205
   1  0.0205
   1  0.1153
   1  0.1153
   7 -0.1132
   6 -0.0248
   1  0.0561
   1  0.0561
   1  0.0561
   1  0.0322
  20  1.9463
   8 -0.5747
   1  0.3312
   1  0.3312
 rrms:    0.0443
