   6 -0.4882
   6  0.7226
   8 -0.6505
   1  0.1514
   1  0.1514
   1  0.1514
   7 -0.4725
   6  0.2996
   6  0.6973
   8 -0.5453
   6 -0.3938
   6  0.6984
   8 -0.7569
   8 -0.7569
   1  0.2531
   1 -0.0623
   1  0.1008
   1  0.1008
   7 -0.9678
   6  0.3440
   6  0.1450
   8 -0.4955
   6 -0.4111
   6  0.3355
   6 -0.3103
   6  0.6006
   7 -0.3078
   1  0.4644
   1  0.0285
   1  0.1452
   1  0.1452
   1 -0.0249
   1 -0.0249
   1  0.0866
   1  0.0866
   1 -0.1026
   1 -0.1026
   1  0.3173
   1  0.3173
   1  0.3173
   7  0.1196
   6 -0.0512
   6  0.1708
   8 -0.3744
   6 -0.7529
   6  0.8268
   8 -0.7778
   8 -0.7778
   1  0.0865
   1  0.0692
   1  0.2242
   1  0.2242
   7 -0.0291
   6 -0.4096
   6  0.7276
   8 -0.5889
   1  0.2572
   1  0.1868
   1  0.1868
   7 -0.6326
   6  0.3377
   6  0.4934
   8 -0.5486
   6 -0.5564
   6  0.8517
   7 -0.8802
   8 -0.7113
   1  0.3702
   1 -0.0542
   1  0.1948
   1  0.1948
   1  0.3987
   1  0.3987
   7 -0.3971
   6 -0.0475
   6  0.6448
   8 -0.6291
   1  0.3327
   1  0.1124
   1  0.1124
   7 -1.1093
   6  0.8231
   6 -0.1170
   8 -0.5551
   6 -0.4607
   6  0.1925
   6 -0.0945
   6 -0.0945
   6 -0.4384
   6 -0.4384
   6  0.5379
   8 -0.5995
   1  0.4641
   1 -0.0402
   1  0.1735
   1  0.1735
   1  0.1163
   1  0.1163
   1  0.1870
   1  0.1870
   1  0.4284
   7 -0.0092
   6 -0.8105
   6  0.8368
   8 -0.5333
   6  0.4680
   6 -0.3511
   6 -0.4236
   6 -0.1098
   1  0.3606
   1  0.2798
   1 -0.0491
   1  0.1642
   1  0.1642
   1  0.1128
   1  0.1128
   1  0.1128
   1  0.0358
   1  0.0358
   1  0.0358
   7 -0.3207
   6 -0.2603
   6  0.4684
   8 -0.5653
   6  0.4026
   8 -0.6128
   1  0.4713
   1  0.1968
   1 -0.0599
   1 -0.0599
   1  0.4251
   7 -0.3060
   6  0.1579
   6  0.4894
   8 -0.5655
   6 -0.0880
   1  0.2789
   1  0.0851
   1  0.0342
   1  0.0342
   1  0.0342
   7 -0.5611
   6  0.5023
   6  0.3743
   8 -0.5112
   6 -0.3566
   1  0.0775
   1 -0.0480
   1  0.1078
   1  0.1078
   1  0.1078
   7 -0.5970
   6  0.4596
   6  0.1053
   8 -0.4634
   6  0.0187
   6 -0.3055
   6  0.7581
   8 -0.7895
   8 -0.7895
   1  0.3738
   1 -0.0110
   1 -0.0250
   1 -0.0250
   1  0.0600
   1  0.0600
   7 -0.1276
   6 -0.0121
   1  0.0551
   1  0.0551
   1  0.0551
   1  0.2070
  20  1.9116
   8 -0.6668
   1  0.3391
   1  0.3391
 rrms:    0.0523
