   6 -0.5935
   6  0.7673
   8 -0.6527
   1  0.1854
   1  0.1854
   1  0.1854
   7 -0.6596
   6  0.1597
   6  0.3131
   8 -0.4999
   6 -0.2880
   6  0.8583
   8 -0.9026
   8 -0.9026
   1  0.3965
   1 -0.0003
   1  0.1449
   1  0.1449
   7  0.0061
   6 -0.4111
   6  0.4915
   8 -0.6134
   6  0.4121
   6  0.0689
   6 -0.2383
   6  0.2868
   7 -0.2082
   1  0.0324
   1  0.1496
   1 -0.0622
   1 -0.0622
   1  0.0158
   1  0.0158
   1  0.1019
   1  0.1019
   1 -0.0182
   1 -0.0182
   1  0.3100
   1  0.3100
   1  0.3100
   7 -0.3884
   6  0.5236
   6 -0.1233
   8 -0.4301
   6 -0.7208
   6  0.7844
   8 -0.7590
   8 -0.7590
   1  0.3486
   1  0.0257
   1  0.2163
   1  0.2163
   7  0.1119
   6 -0.3795
   6  0.4779
   8 -0.5502
   1 -0.0700
   1  0.1958
   1  0.1958
   7 -0.1576
   6 -0.0753
   6  0.4650
   8 -0.5628
   6 -0.1890
   6  0.4201
   7 -0.7258
   8 -0.2506
   1  0.1852
   1  0.0783
   1  0.1152
   1  0.1152
   1  0.3697
   1  0.3697
   7 -0.0938
   6 -0.2236
   6  0.5763
   8 -0.6281
   1  0.2454
   1  0.1315
   1  0.1315
   7 -0.3437
   6 -0.0744
   6  1.1972
   8 -0.7894
   6 -0.5671
   6  0.7029
   6 -0.4855
   6 -0.4855
   6 -0.1657
   6 -0.1657
   6  0.3482
   8 -0.6111
   1 -0.0678
   1  0.0613
   1  0.1621
   1  0.1621
   1  0.2132
   1  0.2132
   1  0.1570
   1  0.1570
   1  0.4333
   7 -1.1644
   6  0.1988
   6  0.4649
   8 -0.4872
   6 -0.0452
   6  0.3782
   6 -0.2816
   6 -0.3121
   1  0.5045
   1  0.0027
   1  0.1046
   1 -0.0486
   1 -0.0486
   1  0.0525
   1  0.0525
   1  0.0525
   1  0.0847
   1  0.0847
   1  0.0847
   7 -0.1485
   6 -0.0152
   6  0.3163
   8 -0.2248
   6  0.1270
   8 -0.4287
   1  0.0505
   1  0.0455
   1  0.0166
   1  0.0166
   1  0.3497
   7 -0.2984
   6  0.1173
   6  0.5948
   8 -0.6317
   6 -0.2163
   1  0.3476
   1  0.0483
   1  0.0781
   1  0.0781
   1  0.0781
   7 -0.3645
   6  0.1862
   6  0.2345
   8 -0.5178
   6 -0.1743
   1  0.3218
   1  0.0465
   1  0.0660
   1  0.0660
   1  0.0660
   7  0.2245
   6  0.0833
   6  0.2466
   8 -0.5333
   6  0.4261
   6 -0.8555
   6  1.1120
   8 -0.8524
   8 -0.8524
   1 -0.1678
   1  0.0306
   1 -0.1691
   1 -0.1691
   1  0.2032
   1  0.2032
   7  0.0350
   6 -0.1179
   1  0.0920
   1  0.0920
   1  0.0920
   1 -0.2916
  20  2.2135
   8 -0.7038
   1  0.3319
   1  0.3319
 rrms:    0.0443
