   6 -0.6519
   6  0.7499
   8 -0.6746
   1  0.1997
   1  0.1997
   1  0.1997
   7 -0.7296
   6  0.1943
   6  0.7632
   8 -0.6028
   6  0.1259
   6  0.3146
   8 -0.8076
   8 -0.8076
   1  0.4331
   1 -0.0150
   1  0.0233
   1  0.0233
   7  0.0848
   6 -0.0346
   6  0.4673
   8 -0.6051
   6  0.2845
   6 -0.1721
   6 -0.3038
   6  0.5066
   7 -0.3810
   1 -0.0603
   1  0.0091
   1 -0.0509
   1 -0.0509
   1  0.0810
   1  0.0810
   1  0.1349
   1  0.1349
   1 -0.0652
   1 -0.0652
   1  0.3493
   1  0.3493
   1  0.3493
   7 -0.5694
   6  0.5955
   6  0.0180
   8 -0.4328
   6 -0.6156
   6  0.9138
   8 -0.7685
   8 -0.7685
   1  0.1096
   1 -0.0325
   1  0.1645
   1  0.1645
   7  0.1126
   6 -0.5289
   6  0.6697
   8 -0.6205
   1 -0.0010
   1  0.2355
   1  0.2355
   7 -0.3429
   6  0.3147
   6  0.0044
   8 -0.4438
   6 -0.4438
   6  0.4676
   7 -0.5370
   8 -0.4864
   1  0.2097
   1  0.0464
   1  0.1785
   1  0.1785
   1  0.3557
   1  0.3557
   7  0.2300
   6 -0.3429
   6  0.6894
   8 -0.6200
   1  0.0771
   1  0.1517
   1  0.1517
   7 -0.3165
   6  0.0354
   6  0.5765
   8 -0.5990
   6 -0.1597
   6  0.0750
   6 -0.1422
   6 -0.1422
   6 -0.3698
   6 -0.3698
   6  0.2960
   8 -0.5186
   1  0.2562
   1  0.0556
   1  0.0788
   1  0.0788
   1  0.1429
   1  0.1429
   1  0.1993
   1  0.1993
   1  0.4096
   7 -0.6121
   6  0.1168
   6  0.3363
   8 -0.5108
   6  0.2272
   6  0.0990
   6 -0.2762
   6 -0.3599
   1  0.3486
   1  0.0565
   1 -0.0307
   1  0.0154
   1  0.0154
   1  0.0471
   1  0.0471
   1  0.0471
   1  0.1018
   1  0.1018
   1  0.1018
   7  0.0549
   6 -0.1771
   6  0.2635
   8 -0.3461
   6  0.3454
   8 -0.5163
   1 -0.1840
   1  0.0500
   1 -0.0508
   1 -0.0508
   1  0.3551
   7 -0.2929
   6  0.0864
   6  0.6262
   8 -0.6496
   6 -0.3807
   1  0.3815
   1  0.0592
   1  0.1161
   1  0.1161
   1  0.1161
   7 -0.7016
   6  0.5326
   6 -0.0703
   8 -0.4434
   6 -0.5334
   1  0.4120
   1 -0.0671
   1  0.1469
   1  0.1469
   1  0.1469
   7  0.3429
   6 -0.4891
   6  0.5660
   8 -0.6241
   6  0.3835
   6 -0.2370
   6  0.4416
   8 -0.5281
   8 -0.5281
   1  0.4070
   1  0.2498
   1 -0.1430
   1 -0.1430
   1  0.0583
   1  0.0583
   7 -0.1936
   6 -0.0035
   1  0.0483
   1  0.0483
   1  0.0483
   1  0.0003
  20  1.8451
   8 -0.5292
   1  0.2863
   1  0.2863
 rrms:    0.0486
