   6 -0.5088
   6  0.8272
   8 -0.6874
   1  0.1628
   1  0.1628
   1  0.1628
   7 -0.8997
   6  0.8364
   6  0.0394
   8 -0.4597
   6 -1.1388
   6  1.0527
   8 -0.8037
   8 -0.8037
   1  0.4891
   1 -0.1507
   1  0.3501
   1  0.3501
   7 -0.0668
   6 -0.1136
   6  0.8062
   8 -0.6276
   6 -0.0866
   6 -0.0687
   6  0.0651
   6  0.3188
   7 -0.3039
   1 -0.1999
   1  0.0568
   1  0.0515
   1  0.0515
   1  0.0211
   1  0.0211
   1  0.0315
   1  0.0315
   1 -0.0260
   1 -0.0260
   1  0.3343
   1  0.3343
   1  0.3343
   7 -0.9808
   6  0.8766
   6 -0.1942
   8 -0.4207
   6 -0.8099
   6  0.9699
   8 -0.7599
   8 -0.7599
   1  0.5170
   1 -0.0909
   1  0.2005
   1  0.2005
   7  0.3400
   6 -0.7348
   6  0.8881
   8 -0.6622
   1 -0.1265
   1  0.2643
   1  0.2643
   7 -0.5897
   6  0.2185
   6  0.0270
   8 -0.4011
   6 -0.5059
   6  0.6697
   7 -0.5939
   8 -0.6440
   1  0.3726
   1  0.0921
   1  0.2146
   1  0.2146
   1  0.3439
   1  0.3439
   7 -0.0194
   6  0.0098
   6  0.3570
   8 -0.5565
   1  0.2099
   1  0.0842
   1  0.0842
   7 -0.1358
   6 -0.0303
   6  0.5819
   8 -0.5438
   6 -0.1886
   6 -0.0380
   6  0.0877
   6  0.0877
   6 -0.5385
   6 -0.5385
   6  0.6645
   8 -0.5833
   1 -0.1587
   1  0.0745
   1  0.0886
   1  0.0886
   1  0.0929
   1  0.0929
   1  0.1974
   1  0.1974
   1  0.4319
   7 -0.5027
   6 -0.0762
   6  0.8790
   8 -0.6604
   6  0.2545
   6 -0.3801
   6 -0.3750
   6 -0.2209
   1  0.3098
   1 -0.1387
   1 -0.0210
   1  0.1488
   1  0.1488
   1  0.0723
   1  0.0723
   1  0.0723
   1  0.1090
   1  0.1090
   1  0.1090
   7 -0.6155
   6  0.4814
   6 -0.0536
   8 -0.2160
   6 -0.1173
   8 -0.4752
   1  0.5543
   1 -0.0372
   1  0.0927
   1  0.0927
   1  0.3701
   7 -0.2421
   6  0.1653
   6  0.4243
   8 -0.5964
   6 -0.3845
   1  0.2709
   1  0.0378
   1  0.1245
   1  0.1245
   1  0.1245
   7 -0.1673
   6  0.0952
   6  0.1062
   8 -0.4670
   6 -0.0530
   1  0.2200
   1  0.0443
   1  0.0404
   1  0.0404
   1  0.0404
   7  0.4453
   6 -0.6094
   6  0.6060
   8 -0.6104
   6  0.6431
   6 -0.7039
   6  0.4523
   8 -0.4381
   8 -0.4381
   1 -0.1075
   1  0.1994
   1 -0.1991
   1 -0.1991
   1  0.2288
   1  0.2288
   7 -0.1827
   6 -0.0793
   1  0.0704
   1  0.0704
   1  0.0704
   1  0.0106
  20  1.8770
   8 -0.5803
   1  0.2738
   1  0.2738
 rrms:    0.0487
