   6 -0.5551
   6  0.8958
   8 -0.7046
   1  0.1731
   1  0.1731
   1  0.1731
   7 -0.9141
   6  0.8254
   6  0.1907
   8 -0.5305
   6 -0.9142
   6  0.9433
   8 -0.7413
   8 -0.7413
   1  0.3378
   1 -0.0700
   1  0.2399
   1  0.2399
   7 -0.6100
   6  0.2273
   6  0.2842
   8 -0.5339
   6 -0.1294
   6 -0.1030
   6  0.0629
   6  0.3382
   7 -0.2156
   1  0.3588
   1  0.0398
   1  0.1387
   1  0.1387
   1  0.0302
   1  0.0302
   1  0.0013
   1  0.0013
   1 -0.0386
   1 -0.0386
   1  0.2576
   1  0.2576
   1  0.2576
   7 -0.2641
   6  0.2964
   6  0.1035
   8 -0.4061
   6 -0.5778
   6  1.0761
   8 -0.9175
   8 -0.9175
   1  0.3173
   1 -0.0042
   1  0.1606
   1  0.1606
   7 -0.0406
   6 -0.5155
   6  0.6193
   8 -0.6172
   1  0.1759
   1  0.2323
   1  0.2323
   7 -0.3837
   6  0.2131
   6  0.3013
   8 -0.5001
   6 -0.4917
   6  0.9381
   7 -1.0693
   8 -0.6933
   1  0.2901
   1 -0.0047
   1  0.1274
   1  0.1274
   1  0.4796
   1  0.4796
   7  0.0292
   6 -0.4448
   6  0.7091
   8 -0.5846
   1  0.2113
   1  0.1807
   1  0.1807
   7 -0.6520
   6  0.2151
   6 -0.0445
   8 -0.4201
   6 -0.1775
   6 -0.0010
   6 -0.0521
   6 -0.0521
   6 -0.4046
   6 -0.4046
   6  0.5056
   8 -0.5661
   1  0.3711
   1  0.0609
   1  0.0808
   1  0.0808
   1  0.1151
   1  0.1151
   1  0.1802
   1  0.1802
   1  0.4195
   7  0.3319
   6 -1.3004
   6  1.2149
   8 -0.6100
   6  1.0354
   6 -0.5894
   6 -0.6037
   6  0.0836
   1  0.1903
   1  0.3590
   1 -0.2224
   1  0.1910
   1  0.1910
   1  0.1233
   1  0.1233
   1  0.1233
   1 -0.0286
   1 -0.0286
   1 -0.0286
   7 -0.6403
   6  0.0895
   6  0.0517
   8 -0.4827
   6  0.2936
   8 -0.5765
   1  0.4546
   1  0.0978
   1 -0.0181
   1 -0.0181
   1  0.4133
   7  0.0160
   6  0.1054
   6  0.3400
   8 -0.5574
   6 -0.1376
   1  0.2012
   1  0.0979
   1  0.0501
   1  0.0501
   1  0.0501
   7 -0.2166
   6  0.3466
   6  0.2448
   8 -0.4519
   6 -0.1002
   1 -0.0641
   1 -0.0423
   1  0.0532
   1  0.0532
   1  0.0532
   7 -0.3209
   6 -0.1843
   6  0.4151
   8 -0.5305
   6  0.4028
   6 -0.8054
   6  1.0386
   8 -0.8818
   8 -0.8818
   1  0.3502
   1  0.1903
   1 -0.1097
   1 -0.1097
   1  0.2100
   1  0.2100
   7 -0.3180
   6  0.1784
   1  0.0046
   1  0.0046
   1  0.0046
   1  0.2778
  20  1.9872
   8 -0.6375
   1  0.3291
   1  0.3291
 rrms:    0.0483
