   6 -0.5826
   6  0.9056
   8 -0.7313
   1  0.1751
   1  0.1751
   1  0.1751
   7 -0.9372
   6  0.9574
   6  0.0184
   8 -0.4730
   6 -0.6107
   6  0.6992
   8 -0.6932
   8 -0.6932
   1  0.4389
   1 -0.0848
   1  0.1602
   1  0.1602
   7  0.2333
   6 -0.0069
   6  0.2640
   8 -0.5725
   6 -0.1064
   6  0.2800
   6 -0.0268
   6  0.3859
   7 -0.2729
   1  0.1133
   1  0.0883
   1  0.0940
   1  0.0940
   1 -0.0633
   1 -0.0633
   1  0.0399
   1  0.0399
   1 -0.0605
   1 -0.0605
   1  0.2864
   1  0.2864
   1  0.2864
   7 -0.3821
   6  0.8558
   6 -0.5640
   8 -0.3117
   6 -1.0072
   6  1.3752
   8 -0.7952
   8 -0.7952
   1 -0.8029
   1 -0.0540
   1  0.3389
   1  0.3389
   7  0.4789
   6 -0.6802
   6  0.9136
   8 -0.6589
   1 -0.0836
   1  0.2431
   1  0.2431
   7 -0.4995
   6  0.2747
   6  0.2210
   8 -0.4824
   6 -0.4850
   6  0.9268
   7 -1.0175
   8 -0.6902
   1  0.3439
   1 -0.0596
   1  0.1890
   1  0.1890
   1  0.4588
   1  0.4588
   7 -0.0083
   6 -0.3022
   6  0.5217
   8 -0.5942
   1  0.1615
   1  0.1596
   1  0.1596
   7 -0.2834
   6  0.2455
   6  0.4668
   8 -0.6214
   6 -0.4573
   6  0.1913
   6 -0.1327
   6 -0.1327
   6 -0.3971
   6 -0.3971
   6  0.5144
   8 -0.5674
   1  0.1480
   1  0.0282
   1  0.1568
   1  0.1568
   1  0.1229
   1  0.1229
   1  0.1925
   1  0.1925
   1  0.4253
   7 -0.6048
   6 -0.0042
   6  0.6827
   8 -0.5247
   6  0.5648
   6 -0.0781
   6 -0.5449
   6 -0.1040
   1  0.3198
   1  0.1748
   1 -0.0573
   1 -0.0036
   1 -0.0036
   1  0.1122
   1  0.1122
   1  0.1122
   1  0.0147
   1  0.0147
   1  0.0147
   7 -0.5148
   6 -0.2108
   6  0.5766
   8 -0.5638
   6  0.0795
   8 -0.2115
   1  0.1871
   1  0.1477
   1 -0.0096
   1 -0.0096
   1  0.3348
   7 -0.3248
   6  0.1065
   6  0.4749
   8 -0.5825
   6 -0.0810
   1  0.3559
   1  0.0831
   1  0.0378
   1  0.0378
   1  0.0378
   7 -0.5030
   6  0.2577
   6  0.2716
   8 -0.5367
   6 -0.0733
   1  0.3125
   1  0.0370
   1  0.0368
   1  0.0368
   1  0.0368
   7 -0.2050
   6 -0.1274
   6  0.6798
   8 -0.5816
   6 -0.0034
   6 -0.4154
   6  0.7816
   8 -0.7402
   8 -0.7402
   1  0.2247
   1  0.0919
   1 -0.0083
   1 -0.0083
   1  0.0353
   1  0.0353
   7 -0.4092
   6  0.0662
   1  0.0378
   1  0.0378
   1  0.0378
   1  0.3478
  20  1.9164
   8 -0.6517
   1  0.3516
   1  0.3516
 rrms:    0.0531
