   6 -0.5131
   6  0.6424
   8 -0.5843
   1  0.1632
   1  0.1632
   1  0.1632
   7 -0.5597
   6  0.2327
   6  0.1915
   8 -0.4576
   6 -0.1645
   6  0.3794
   8 -0.6521
   8 -0.6521
   1  0.3585
   1  0.0734
   1  0.1103
   1  0.1103
   7  0.5689
   6 -0.9828
   6  1.1307
   8 -0.7708
   6  0.8003
   6 -0.6906
   6  0.2044
   6  0.1649
   7 -0.1396
   1 -0.4517
   1  0.3131
   1 -0.0884
   1 -0.0884
   1  0.2232
   1  0.2232
   1 -0.0368
   1 -0.0368
   1  0.0327
   1  0.0327
   1  0.2916
   1  0.2916
   1  0.2916
   7 -0.8901
   6  0.9222
   6 -0.2599
   8 -0.4273
   6 -1.0288
   6  0.9857
   8 -0.7367
   8 -0.7367
   1  0.1872
   1 -0.0981
   1  0.2855
   1  0.2855
   7  0.2241
   6 -0.1352
   6  0.4316
   8 -0.5514
   1  0.0031
   1  0.1245
   1  0.1245
   7  0.0014
   6 -0.1753
   6  0.3649
   8 -0.5274
   6 -0.0557
   6  0.4712
   7 -0.7615
   8 -0.2581
   1 -0.0985
   1  0.1534
   1  0.0752
   1  0.0752
   1  0.4063
   1  0.4063
   7 -0.0007
   6 -0.0460
   6  0.3475
   8 -0.5400
   1  0.1028
   1  0.0932
   1  0.0932
   7  0.1791
   6 -0.5950
   6  0.7989
   8 -0.5961
   6  0.2675
   6 -0.1999
   6  0.0671
   6  0.0671
   6 -0.5242
   6 -0.5242
   6  0.6604
   8 -0.6062
   1 -0.2803
   1  0.2189
   1 -0.0635
   1 -0.0635
   1  0.1090
   1  0.1090
   1  0.2082
   1  0.2082
   1  0.4640
   7 -0.5125
   6 -0.0198
   6  0.6163
   8 -0.5605
   6  0.2257
   6  0.2996
   6 -0.1988
   6 -0.3036
   1  0.3110
   1  0.0384
   1 -0.0774
   1 -0.0653
   1 -0.0653
   1  0.0265
   1  0.0265
   1  0.0265
   1  0.0742
   1  0.0742
   1  0.0742
   7 -0.1683
   6 -0.2614
   6  0.5067
   8 -0.4259
   6  0.4139
   8 -0.6173
   1  0.0341
   1  0.0606
   1 -0.0505
   1 -0.0505
   1  0.4466
   7 -0.3929
   6  0.1809
   6  0.5837
   8 -0.6177
   6 -0.4202
   1  0.3851
   1  0.0344
   1  0.1294
   1  0.1294
   1  0.1294
   7 -0.7109
   6  0.6631
   6 -0.2060
   8 -0.4323
   6 -0.5420
   1  0.3779
   1 -0.0783
   1  0.1722
   1  0.1722
   1  0.1722
   7  0.5392
   6 -0.3629
   6  0.4921
   8 -0.5789
   6  0.5116
   6 -0.2908
   6  0.3624
   8 -0.4958
   8 -0.4958
   1 -0.0331
   1  0.1979
   1 -0.1950
   1 -0.1950
   1  0.0814
   1  0.0814
   7 -0.2376
   6 -0.0616
   1  0.0682
   1  0.0682
   1  0.0682
   1  0.0555
  20  1.7970
   8 -0.6886
   1  0.3375
   1  0.3375
 rrms:    0.0387
