   6 -0.4766
   6  0.6252
   8 -0.5521
   1  0.1436
   1  0.1436
   1  0.1436
   7 -0.5102
   6  0.4231
   6  0.1294
   8 -0.4816
   6 -0.8928
   6  0.8449
   8 -0.7570
   8 -0.7570
   1  0.3425
   1 -0.0377
   1  0.2757
   1  0.2757
   7  0.0426
   6 -0.0071
   6  0.4581
   8 -0.5576
   6 -0.0434
   6 -0.1228
   6  0.2017
   6  0.3488
   7 -0.1321
   1  0.1295
   1  0.1116
   1  0.0364
   1  0.0364
   1  0.0160
   1  0.0160
   1 -0.0051
   1 -0.0051
   1 -0.0918
   1 -0.0918
   1  0.2866
   1  0.2866
   1  0.2866
   7 -0.4842
   6  0.2489
   6  0.1549
   8 -0.3092
   6 -0.5359
   6  0.8606
   8 -0.8490
   8 -0.8490
   1  0.1581
   1  0.0692
   1  0.1730
   1  0.1730
   7 -0.1864
   6 -0.0341
   6  0.3783
   8 -0.5423
   1  0.2732
   1  0.0794
   1  0.0794
   7 -0.2062
   6 -0.1769
   6  0.4415
   8 -0.5551
   6 -0.2880
   6  0.5278
   7 -0.6061
   8 -0.5500
   1  0.1449
   1  0.1128
   1  0.2249
   1  0.2249
   1  0.3483
   1  0.3483
   7 -0.1520
   6 -0.3363
   6  0.4037
   8 -0.5556
   1  0.2689
   1  0.1715
   1  0.1715
   7 -0.8152
   6  0.2273
   6  0.3356
   8 -0.5764
   6 -0.3276
   6  0.1170
   6 -0.1012
   6 -0.1012
   6 -0.3936
   6 -0.3936
   6  0.5018
   8 -0.5465
   1  0.4591
   1  0.0412
   1  0.0991
   1  0.0991
   1  0.1597
   1  0.1597
   1  0.1836
   1  0.1836
   1  0.4170
   7 -0.2098
   6 -0.2010
   6  0.6339
   8 -0.8598
   6  0.2408
   6 -0.1749
   6 -0.1845
   6 -0.0232
   1  0.5168
   1  0.0493
   1 -0.0199
   1  0.0213
   1  0.0213
   1  0.0632
   1  0.0632
   1  0.0632
   1  0.0039
   1  0.0039
   1  0.0039
   7 -0.0979
   6 -0.3928
   6  0.3985
   8 -0.5120
   6  0.7085
   8 -0.7339
   1  0.2860
   1  0.1429
   1 -0.1194
   1 -0.1194
   1  0.4881
   7 -0.0465
   6 -0.0140
   6  0.6271
   8 -0.5822
   6 -0.1220
   1  0.1198
   1  0.1198
   1  0.0406
   1  0.0406
   1  0.0406
   7 -0.4771
   6  0.3448
   6  0.3117
   8 -0.5356
   6 -0.2131
   1  0.2286
   1 -0.0219
   1  0.0846
   1  0.0846
   1  0.0846
   7 -0.4651
   6  0.0010
   6  0.3222
   8 -0.5202
   6  0.1678
   6 -0.2946
   6  0.6129
   8 -0.7109
   8 -0.7109
   1  0.3437
   1  0.1273
   1 -0.0637
   1 -0.0637
   1  0.1473
   1  0.1473
   7 -0.1087
   6  0.0331
   1  0.0463
   1  0.0463
   1  0.0463
   1  0.1056
  20  2.0155
   8 -0.6881
   1  0.3286
   1  0.3286
 rrms:    0.0594
