   6 -0.7317
   6  0.9655
   8 -0.7322
   1  0.2208
   1  0.2208
   1  0.2208
   7 -0.8784
   6  0.5044
   6  0.1823
   8 -0.4696
   6 -0.2132
   6  0.3200
   8 -0.7202
   8 -0.7202
   1  0.4346
   1 -0.1278
   1  0.1293
   1  0.1293
   7  0.3813
   6 -0.4530
   6  0.6804
   8 -0.6878
   6  0.3148
   6 -0.1764
   6 -0.1622
   6  0.4580
   7 -0.2695
   1 -0.3198
   1  0.1720
   1 -0.0548
   1 -0.0548
   1  0.1048
   1  0.1048
   1  0.0654
   1  0.0654
   1 -0.0668
   1 -0.0668
   1  0.3288
   1  0.3288
   1  0.3288
   7 -0.7780
   6  1.1355
   6 -0.4754
   8 -0.3668
   6 -1.0802
   6  0.9235
   8 -0.7353
   8 -0.7353
   1  0.4148
   1 -0.1184
   1  0.2677
   1  0.2677
   7  0.3968
   6 -0.4336
   6  0.6040
   8 -0.6138
   1 -0.1195
   1  0.1953
   1  0.1953
   7 -0.2782
   6 -0.0334
   6  0.3060
   8 -0.5290
   6 -0.3278
   6  0.4328
   7 -0.7467
   8 -0.2644
   1  0.1941
   1  0.1114
   1  0.1774
   1  0.1774
   1  0.3744
   1  0.3744
   7 -0.0448
   6 -0.3342
   6  0.4483
   8 -0.5347
   1  0.2113
   1  0.1636
   1  0.1636
   7 -0.0555
   6 -0.5769
   6  1.0184
   8 -0.7273
   6  0.2507
   6 -0.3621
   6  0.2466
   6  0.2466
   6 -0.6677
   6 -0.6677
   6  0.7719
   8 -0.6094
   1  0.1508
   1  0.2234
   1 -0.0570
   1 -0.0570
   1  0.0845
   1  0.0845
   1  0.2261
   1  0.2261
   1  0.4510
   7 -0.7925
   6  0.2599
   6  0.2424
   8 -0.4900
   6  0.0454
   6  0.3341
   6 -0.2878
   6 -0.3467
   1  0.4202
   1  0.0450
   1  0.0352
   1 -0.0631
   1 -0.0631
   1  0.0580
   1  0.0580
   1  0.0580
   1  0.0903
   1  0.0903
   1  0.0903
   7  0.3641
   6 -0.4839
   6  0.5555
   8 -0.0734
   6  0.6925
   8 -0.5626
   1 -0.5249
   1  0.2151
   1 -0.1156
   1 -0.1156
   1  0.2905
   7 -0.3141
   6  0.2746
   6  0.5181
   8 -0.5604
   6 -0.1903
   1  0.3720
   1  0.0044
   1  0.0770
   1  0.0770
   1  0.0770
   7 -0.0224
   6  0.2709
   6 -0.3334
   8 -0.3727
   6 -0.0103
   1  0.2186
   1  0.0820
   1  0.0721
   1  0.0721
   1  0.0721
   7  1.1939
   6 -0.9211
   6  0.6280
   8 -0.5394
   6  1.0073
   6 -1.0407
   6  0.9797
   8 -0.5349
   8 -0.5349
   1 -2.2808
   1  0.3190
   1 -0.1497
   1 -0.1497
   1  0.3810
   1  0.3810
   7 -0.0865
   6 -0.1156
   1  0.0929
   1  0.0929
   1  0.0929
   1 -0.0193
  20  1.7818
   8 -0.5203
   1  0.2952
   1  0.2952
 rrms:    0.0439
