   6 -0.7503
   6  0.9142
   8 -0.7638
   1  0.2130
   1  0.2130
   1  0.2130
   7 -0.8010
   6  0.4197
   6  0.5028
   8 -0.5272
   6 -0.8878
   6  0.8703
   8 -0.7723
   8 -0.7723
   1  0.4696
   1 -0.0522
   1  0.2411
   1  0.2411
   7 -0.5725
   6  0.3373
   6  0.1087
   8 -0.5070
   6 -0.4383
   6  0.2731
   6 -0.0602
   6  0.3381
   7 -0.0927
   1  0.3202
   1  0.0024
   1  0.1434
   1  0.1434
   1 -0.0577
   1 -0.0577
   1  0.0619
   1  0.0619
   1 -0.0449
   1 -0.0449
   1  0.2678
   1  0.2678
   1  0.2678
   7  0.0401
   6  0.3217
   6  0.0083
   8 -0.3844
   6 -0.9455
   6  0.9929
   8 -0.7784
   8 -0.7784
   1  0.2629
   1 -0.0044
   1  0.2430
   1  0.2430
   7  0.0364
   6 -0.5006
   6  0.7497
   8 -0.6313
   1  0.1334
   1  0.2314
   1  0.2314
   7 -0.5797
   6  0.0744
   6  0.6098
   8 -0.5910
   6 -0.1866
   6  0.8199
   7 -1.0023
   8 -0.5913
   1  0.3651
   1  0.0116
   1  0.0083
   1  0.0083
   1  0.4592
   1  0.4592
   7 -0.3746
   6  0.0279
   6  0.5790
   8 -0.6079
   1  0.2968
   1  0.0860
   1  0.0860
   7 -0.7642
   6  0.6489
   6 -0.0176
   8 -0.4483
   6 -0.6704
   6  0.4805
   6 -0.3336
   6 -0.3336
   6 -0.2276
   6 -0.2276
   6  0.3317
   8 -0.5394
   1  0.3562
   1 -0.0775
   1  0.1867
   1  0.1867
   1  0.1892
   1  0.1892
   1  0.1616
   1  0.1616
   1  0.4100
   7  0.0043
   6 -0.3680
   6  0.7604
   8 -0.5528
   6  0.4462
   6 -0.4714
   6 -0.2783
   6  0.0057
   1  0.1017
   1  0.2021
   1 -0.1236
   1  0.2225
   1  0.2225
   1  0.0685
   1  0.0685
   1  0.0685
   1  0.0083
   1  0.0083
   1  0.0083
   7 -0.5497
   6  0.0560
   6  0.1902
   8 -0.5117
   6 -0.0068
   8 -0.5485
   1  0.4592
   1  0.1440
   1  0.0765
   1  0.0765
   1  0.4031
   7 -0.0461
   6  0.0245
   6  0.6263
   8 -0.5978
   6 -0.1075
   1  0.1934
   1  0.1077
   1  0.0473
   1  0.0473
   1  0.0473
   7 -0.6997
   6  0.6977
   6  0.2291
   8 -0.4690
   6 -0.5987
   1  0.1468
   1 -0.1039
   1  0.1724
   1  0.1724
   1  0.1724
   7 -0.2805
   6 -0.1137
   6  0.4115
   8 -0.5513
   6  0.6348
   6 -0.5286
   6  0.8960
   8 -0.7813
   8 -0.7813
   1  0.2783
   1  0.1378
   1 -0.2239
   1 -0.2239
   1  0.1007
   1  0.1007
   7 -0.2641
   6  0.1096
   1  0.0260
   1  0.0260
   1  0.0260
   1  0.2256
  20  1.7609
   8 -0.5068
   1  0.2446
   1  0.2446
 rrms:    0.0598
