   6 -0.6084
   6  0.7789
   8 -0.6451
   1  0.1788
   1  0.1788
   1  0.1788
   7 -0.6093
   6  0.6252
   6 -0.0179
   8 -0.4157
   6 -1.0825
   6  1.0968
   8 -0.8691
   8 -0.8691
   1  0.3966
   1 -0.0911
   1  0.3006
   1  0.3006
   7 -0.0058
   6 -0.0323
   6  0.3582
   8 -0.5781
   6  0.0702
   6  0.0919
   6 -0.1264
   6  0.3785
   7 -0.2320
   1  0.1714
   1  0.0831
   1  0.0092
   1  0.0092
   1 -0.0281
   1 -0.0281
   1  0.0423
   1  0.0423
   1 -0.0451
   1 -0.0451
   1  0.2233
   1  0.2233
   1  0.2233
   7 -0.2422
   6  0.2392
   6  0.1245
   8 -0.4708
   6 -0.3386
   6  0.6430
   8 -0.6856
   8 -0.6856
   1  0.1206
   1  0.0804
   1  0.1079
   1  0.1079
   7 -0.0717
   6 -0.2830
   6  0.5224
   8 -0.6061
   1  0.1986
   1  0.1716
   1  0.1716
   7 -0.2983
   6  0.1854
   6  0.1507
   8 -0.3861
   6 -0.3367
   6  0.5208
   7 -0.6511
   8 -0.5831
   1  0.1909
   1  0.0252
   1  0.1521
   1  0.1521
   1  0.3307
   1  0.3307
   7 -0.0624
   6 -0.1054
   6  0.6505
   8 -0.6206
   1  0.2060
   1  0.0843
   1  0.0843
   7 -0.3931
   6  0.0201
   6  0.3021
   8 -0.4523
   6  0.0326
   6 -0.1384
   6  0.0005
   6  0.0005
   6 -0.4685
   6 -0.4685
   6  0.5733
   8 -0.5886
   1  0.2969
   1  0.0414
   1  0.0308
   1  0.0308
   1  0.0985
   1  0.0985
   1  0.2055
   1  0.2055
   1  0.4181
   7  0.0471
   6 -1.1185
   6  1.2228
   8 -0.6145
   6  0.6672
   6 -0.3101
   6 -0.7310
   6 -0.0490
   1  0.2292
   1  0.3330
   1 -0.1577
   1  0.1221
   1  0.1221
   1  0.1822
   1  0.1822
   1  0.1822
   1  0.0128
   1  0.0128
   1  0.0128
   7 -0.2467
   6 -0.7797
   6  0.9148
   8 -0.6312
   6  0.4618
   8 -0.6367
   1  0.2253
   1  0.2421
   1 -0.0807
   1 -0.0807
   1  0.4283
   7 -0.4728
   6  0.4050
   6  0.1113
   8 -0.5065
   6 -0.5144
   1  0.4122
   1  0.0249
   1  0.1486
   1  0.1486
   1  0.1486
   7 -0.1058
   6  0.0604
   6  0.6476
   8 -0.6220
   6 -0.1629
   1  0.2172
   1  0.0563
   1  0.0605
   1  0.0605
   1  0.0605
   7 -0.7715
   6  0.0557
   6  0.5142
   8 -0.5469
   6 -0.0045
   6 -0.3568
   6  0.6952
   8 -0.6571
   8 -0.6571
   1  0.3654
   1  0.0717
   1  0.0483
   1  0.0483
   1  0.0819
   1  0.0819
   7 -0.3595
   6  0.1020
   1  0.0286
   1  0.0286
   1  0.0286
   1  0.3750
  20  1.8815
   8 -0.7037
   1  0.3528
   1  0.3528
 rrms:    0.0419
