   6 -0.4562
   6  0.7464
   8 -0.6854
   1  0.1397
   1  0.1397
   1  0.1397
   7 -0.6011
   6  0.1582
   6  0.5036
   8 -0.5136
   6 -0.0262
   6  0.1934
   8 -0.7275
   8 -0.7275
   1  0.3780
   1  0.1206
   1  0.0611
   1  0.0611
   7 -0.1118
   6 -0.0967
   6  0.4265
   8 -0.6061
   6  0.1342
   6 -0.0433
   6 -0.0610
   6  0.4586
   7 -0.4347
   1  0.0637
   1  0.0870
   1  0.0132
   1  0.0132
   1  0.0210
   1  0.0210
   1  0.0323
   1  0.0323
   1 -0.0516
   1 -0.0516
   1  0.3680
   1  0.3680
   1  0.3680
   7 -0.1720
   6  0.2254
   6  0.0446
   8 -0.4559
   6 -0.4379
   6  0.5386
   8 -0.6822
   8 -0.6822
   1  0.1684
   1  0.0797
   1  0.1561
   1  0.1561
   7  0.0581
   6 -0.1467
   6  0.4570
   8 -0.5868
   1 -0.0784
   1  0.1205
   1  0.1205
   7 -0.1627
   6 -0.0408
   6  0.2299
   8 -0.5005
   6 -0.0658
   6  0.3916
   7 -0.7145
   8 -0.4978
   1  0.2681
   1  0.1380
   1  0.0738
   1  0.0738
   1  0.3878
   1  0.3878
   7 -0.1314
   6 -0.1666
   6  0.4865
   8 -0.5656
   1  0.1771
   1  0.1031
   1  0.1031
   7 -0.1022
   6 -0.3906
   6  0.7278
   8 -0.6022
   6 -0.2159
   6 -0.0297
   6  0.0197
   6  0.0197
   6 -0.5269
   6 -0.5269
   6  0.6380
   8 -0.5896
   1  0.3556
   1  0.2155
   1  0.0678
   1  0.0678
   1  0.1234
   1  0.1234
   1  0.2032
   1  0.2032
   1  0.4549
   7 -0.6009
   6 -0.1525
   6  0.7004
   8 -0.5850
   6  0.2841
   6 -0.1633
   6 -0.3176
   6 -0.1468
   1  0.3369
   1  0.2275
   1 -0.0606
   1  0.0885
   1  0.0885
   1  0.0625
   1  0.0625
   1  0.0625
   1  0.0525
   1  0.0525
   1  0.0525
   7 -0.1640
   6 -0.3926
   6  0.6658
   8 -0.4384
   6  0.5239
   8 -0.6046
   1  0.1413
   1  0.1020
   1 -0.0675
   1 -0.0675
   1  0.3434
   7 -0.4989
   6  0.2524
   6  0.4934
   8 -0.6276
   6 -0.1577
   1  0.3783
   1  0.0016
   1  0.0596
   1  0.0596
   1  0.0596
   7 -0.5152
   6  0.5666
   6 -0.3031
   8 -0.4128
   6 -0.4632
   1  0.3064
   1 -0.0399
   1  0.1557
   1  0.1557
   1  0.1557
   7  0.7743
   6 -0.6139
   6  0.5287
   8 -0.5736
   6  0.7837
   6 -0.8655
   6  1.0408
   8 -0.9780
   8 -0.9780
   1 -0.3414
   1  0.2631
   1 -0.2216
   1 -0.2216
   1  0.2499
   1  0.2499
   7 -0.1661
   6 -0.1691
   1  0.0931
   1  0.0931
   1  0.0931
   1  0.1149
  20  2.1266
   8 -0.5456
   1  0.3014
   1  0.3014
 rrms:    0.0400
