   6 -0.5219
   6  0.7507
   8 -0.6346
   1  0.1614
   1  0.1614
   1  0.1614
   7 -0.6542
   6  0.2812
   6  0.4022
   8 -0.5269
   6 -0.0680
   6  0.3975
   8 -0.7204
   8 -0.7204
   1  0.3502
   1  0.0148
   1  0.0623
   1  0.0623
   7  0.1419
   6 -0.5813
   6  0.5553
   8 -0.6410
   6  0.4399
   6 -0.3090
   6  0.1291
   6  0.4113
   7 -0.4072
   1 -0.2490
   1  0.2583
   1 -0.0863
   1 -0.0863
   1  0.1180
   1  0.1180
   1 -0.0196
   1 -0.0196
   1 -0.0514
   1 -0.0514
   1  0.3591
   1  0.3591
   1  0.3591
   7 -0.0421
   6  0.5185
   6 -0.0886
   8 -0.4434
   6 -0.5440
   6  0.7624
   8 -0.7347
   8 -0.7347
   1 -0.1663
   1 -0.0227
   1  0.1630
   1  0.1630
   7  0.1430
   6 -0.2706
   6  0.5415
   8 -0.6034
   1 -0.1093
   1  0.1635
   1  0.1635
   7 -0.2104
   6  0.0373
   6  0.1384
   8 -0.4505
   6 -0.4168
   6  0.5775
   7 -0.8674
   8 -0.1949
   1  0.0962
   1  0.1018
   1  0.2026
   1  0.2026
   1  0.4389
   1  0.4389
   7  0.1236
   6 -0.4876
   6  0.7826
   8 -0.6388
   1  0.1209
   1  0.1836
   1  0.1836
   7 -0.4142
   6 -0.0448
   6  0.5441
   8 -0.4375
   6 -0.0218
   6 -0.0552
   6 -0.0279
   6 -0.0279
   6 -0.5076
   6 -0.5076
   6  0.5161
   8 -0.5585
   1  0.1741
   1  0.0964
   1  0.0032
   1  0.0032
   1  0.1226
   1  0.1226
   1  0.2134
   1  0.2134
   1  0.4360
   7 -0.4415
   6 -0.1076
   6  0.8180
   8 -0.6183
   6  0.2987
   6 -0.2913
   6 -0.4394
   6 -0.1207
   1  0.2871
   1 -0.0535
   1 -0.0576
   1  0.1438
   1  0.1438
   1  0.0928
   1  0.0928
   1  0.0928
   1  0.0453
   1  0.0453
   1  0.0453
   7 -0.3576
   6  0.0537
   6  0.3574
   8 -0.2300
   6  0.1352
   8 -0.3718
   1  0.1204
   1  0.0769
   1  0.0175
   1  0.0175
   1  0.3984
   7 -0.4121
   6  0.2451
   6  0.6226
   8 -0.6358
   6 -0.3873
   1  0.3682
   1 -0.0015
   1  0.1213
   1  0.1213
   1  0.1213
   7 -0.6103
   6  0.6004
   6 -0.3785
   8 -0.3907
   6 -0.3433
   1  0.3242
   1 -0.0282
   1  0.1305
   1  0.1305
   1  0.1305
   7  0.8220
   6 -0.2974
   6  0.3694
   8 -0.5678
   6  0.6861
   6 -1.0432
   6  0.9894
   8 -0.7281
   8 -0.7281
   1 -0.6367
   1  0.1983
   1 -0.1752
   1 -0.1752
   1  0.2806
   1  0.2806
   7 -0.1032
   6 -0.0519
   1  0.0608
   1  0.0608
   1  0.0608
   1 -0.0116
  20  2.1200
   8 -0.8517
   1  0.3758
   1  0.3758
 rrms:    0.0410
